0.000000000000000000e+00,0.000000000000000000e+00,0.000000000000000000e+00,0.000000000000000000e+00
0.000000000000000000e+00,0.000000000000000000e+00,0.000000000000000000e+00,0.000000000000000000e+00
0.000000000000000000e+00,0.000000000000000000e+00,0.000000000000000000e+00,5.331461429595947266e-01
0.000000000000000000e+00,0.000000000000000000e+00,0.000000000000000000e+00,5.379312038421630859e-01
0.000000000000000000e+00,0.000000000000000000e+00,0.000000000000000000e+00,5.429770946502685547e-01
-2.972894662889302708e-06,-9.401942952536046505e-05,1.935213958859094419e-06,5.474212169647216797e-01
-4.020255801151506603e-06,-1.276647235499694943e-04,4.145604179939255118e-06,5.521860122680664062e-01
-1.534961597826622892e-06,-1.602197589818388224e-04,5.887579391128383577e-06,5.570971965789794922e-01
-8.699641966813942418e-07,-2.019746898440644145e-04,6.863647286081686616e-06,5.626490116119384766e-01
1.420691830844589276e-07,-2.483632415533065796e-04,6.018425210640998557e-06,5.670850276947021484e-01
1.460793441765417811e-06,-2.999718999490141869e-04,-3.217434823454823345e-06,5.721540451049804688e-01
3.144769607388298027e-06,-3.561447374522686005e-04,-1.019519277178915218e-05,5.771021842956542969e-01
5.159099146112566814e-06,-4.173673805780708790e-04,-1.889211489469744265e-05,5.821201801300048828e-01
2.972004267576267011e-06,1.189278045785613358e-04,1.156191501650027931e-05,5.872290134429931641e-01
1.811555080166726839e-06,8.923584391595795751e-05,1.101126690628007054e-05,5.923061370849609375e-01
3.467548879143578233e-07,5.475827128975652158e-05,9.806832167669199407e-06,5.973541736602783203e-01
1.428208065590297338e-06,2.002914879994932562e-05,2.087637949443887919e-05,6.022551059722900391e-01
1.010466576190083288e-06,-2.329905328224413097e-05,2.168883656850084662e-05,6.073150634765625000e-01
6.791092346247751266e-07,-7.153219485189765692e-05,2.170871630369219929e-05,6.122632026672363281e-01
2.958355480586760677e-07,-1.277509436476975679e-04,1.448346392862731591e-05,6.172602176666259766e-01
-2.165189926017774269e-06,2.617312384245451540e-05,-3.070929960813373327e-05,6.222610473632812500e-01
-7.979626388987526298e-06,-2.367052729823626578e-05,-3.001684490300249308e-05,6.274280548095703125e-01
-1.413461450283648446e-05,-7.877429743530228734e-05,-2.829922414093744010e-05,6.323761940002441406e-01
-2.441304786771070212e-05,-1.458748738514259458e-04,-3.098586967098526657e-05,6.371941566467285156e-01
-3.313491106382571161e-05,-2.134954411303624511e-04,-2.900687832152470946e-05,6.422500610351562500e-01
-4.267992335371673107e-05,-2.881345280911773443e-04,-2.740304807957727462e-05,6.471571922302246094e-01
-5.313569999998435378e-05,-3.688448341563344002e-04,-2.727409446379169822e-05,6.523070335388183594e-01
2.033967120951274410e-06,3.287079380243085325e-05,-1.058867273968644440e-04,6.573610305786132812e-01
-6.915444373589707538e-06,-2.075343945762142539e-05,-1.158864688477478921e-04,6.624979972839355469e-01
-1.666875687078572810e-05,-8.019414235604926944e-05,-1.231058413395658135e-04,6.674320697784423828e-01
-2.720279007917270064e-05,-1.433116121916100383e-04,-1.300832809647545218e-04,6.724150180816650391e-01
-3.853012094623409212e-05,-2.106874744640663266e-04,-1.348737132502719760e-04,6.774091720581054688e-01
-5.066233279649168253e-05,-2.817664353642612696e-04,-1.402843918185681105e-04,6.823780536651611328e-01
-6.361381383612751961e-05,-3.577111056074500084e-04,-1.450017298338934779e-04,6.874220371246337891e-01
6.720094097545370460e-05,1.073923049261793494e-04,-3.298881347291171551e-05,6.924090385437011719e-01
6.568909884663298726e-05,5.334263187251053751e-05,-4.598785017151385546e-05,6.974790096282958984e-01
6.272128666751086712e-05,-7.565635769424261525e-06,-5.702874113922007382e-05,7.023169994354248047e-01
5.960373891866765916e-05,-7.607720181113108993e-05,-7.025792001513764262e-05,7.073950767517089844e-01
5.454141137306578457e-05,-1.548789150547236204e-04,-7.932070002425462008e-05,7.125260829925537109e-01
4.984022234566509724e-05,-2.357233897782862186e-04,-9.166646486846730113e-05,7.173471450805664062e-01
4.468947372515685856e-05,-3.205401590093970299e-04,-1.037914626067504287e-04,7.225010395050048828e-01
9.830545604927465320e-05,1.457646867493167520e-04,-5.192512981011532247e-05,7.276010513305664062e-01
9.605535888113081455e-05,8.467969746561720967e-05,-7.123384420992806554e-05,7.325160503387451172e-01
9.362579294247552752e-05,2.463467717461753637e-05,-8.548340701963752508e-05,7.374541759490966797e-01
9.081629104912281036e-05,-3.955082502216100693e-05,-9.935280831996351480e-05,7.424900531768798828e-01
8.951743802754208446e-05,-1.029526611091569066e-04,-1.066845943569205701e-04,7.475211620330810547e-01
8.731323760002851486e-05,-1.741863379720598459e-04,-1.181607149192132056e-04,7.525482177734375000e-01
8.505951700499281287e-05,-2.500725677236914635e-04,-1.314036635449156165e-04,7.574961185455322266e-01
1.260748686036095023e-04,4.882824941887520254e-05,-4.804390846402384341e-05,7.627210617065429688e-01
1.249867782462388277e-04,-2.108441549353301525e-05,-6.350118201225996017e-05,7.674450874328613281e-01
1.235099334735423326e-04,-9.705225966172292829e-05,-8.056457591010257602e-05,7.725210189819335938e-01
1.216476157424040139e-04,-1.789530215319246054e-04,-9.714837506180629134e-05,7.775151729583740234e-01
1.194467840832658112e-04,-2.646749198902398348e-04,-1.152822733274661005e-04,7.824850082397460938e-01
1.169450115412473679e-04,-3.544105275068432093e-04,-1.312459062319248915e-04,7.876532077789306641e-01
1.143858171417377889e-04,-4.437861207406967878e-04,-1.366932992823421955e-04,7.926170825958251953e-01
1.114473634515888989e-04,-5.389421712607145309e-04,-1.445951202185824513e-04,7.977700233459472656e-01
1.082269009202718735e-04,-6.376517703756690025e-04,-1.499618083471432328e-04,8.026201725006103516e-01
1.047215337166562676e-04,-7.399046444334089756e-04,-1.528055727249011397e-04,8.076322078704833984e-01
1.006384336506016552e-04,-8.517575915902853012e-04,-1.674060185905545950e-04,8.126170635223388672e-01
9.647892875364050269e-05,-9.627057588659226894e-04,-1.748718495946377516e-04,8.177561759948730469e-01
9.201931970892474055e-05,-1.077240216545760632e-03,-1.837218442233279347e-04,8.226580619812011719e-01
8.731080743018537760e-05,-1.193939708173274994e-03,-1.962804672075435519e-04,8.281180858612060547e-01
9.244392276741564274e-05,1.314558030571788549e-04,1.059292626450769603e-04,8.328061103820800781e-01
8.819239155855029821e-05,6.664728425676003098e-05,1.082822345779277384e-04,8.376121520996093750e-01
8.663131302455440164e-05,1.129366751229099464e-07,1.070918297045864165e-04,8.426270484924316406e-01
8.355996396858245134e-05,-7.329761137953028083e-05,1.077035412890836596e-04,8.476331233978271484e-01
8.063700079219415784e-05,-1.516147312941029668e-04,1.090489386115223169e-04,8.526310920715332031e-01
7.778022700222209096e-05,-2.364536921959370375e-04,1.128090079873800278e-04,8.577480316162109375e-01
7.513030868722125888e-05,-3.247076529078185558e-04,1.154221899923868477e-04,8.628680706024169922e-01
7.266309694387018681e-05,-4.170062602497637272e-04,1.182171472464688122e-04,8.680851459503173828e-01
6.878026033518835902e-05,-5.110953934490680695e-04,1.200746701215393841e-04,8.725931644439697266e-01
6.529747770400717854e-05,-6.097938749007880688e-04,1.218548277392983437e-04,8.776900768280029297e-01
6.156283052405342460e-05,-7.112011080607771873e-04,1.215928787132725120e-04,8.827140331268310547e-01
5.759764098911546171e-05,-8.148537017405033112e-04,1.197595192934386432e-04,8.877530097961425781e-01
5.277284071780741215e-05,-9.360408294014632702e-04,1.279304560739547014e-04,8.927299976348876953e-01
4.789469312527216971e-05,-1.054874272085726261e-03,1.300957083003595471e-04,8.980720043182373047e-01
4.257911859895102680e-05,-1.180606661364436150e-03,1.312259701080620289e-04,9.028019905090332031e-01
3.876977280015125871e-05,-1.307398080825805664e-03,1.264532766072079539e-04,9.081370830535888672e-01
3.429241405683569610e-05,-1.441079890355467796e-03,1.252404617844149470e-04,9.128000736236572266e-01
2.999597745656501502e-05,-1.578771974891424179e-03,1.243349106516689062e-04,9.178800582885742188e-01
2.420731289021205157e-05,-1.720558619126677513e-03,1.293527602683752775e-04,9.228811264038085938e-01
1.888471160782501101e-05,-1.865182654000818729e-03,1.333999971393495798e-04,9.280521869659423828e-01
2.498911344446241856e-04,1.682983420323580503e-04,1.524457184132188559e-04,9.328370094299316406e-01
2.545773459132760763e-04,1.080525689758360386e-04,1.593248889548704028e-04,9.378521442413330078e-01
2.588982169982045889e-04,3.969373574363999069e-05,1.654752122703939676e-04,9.425401687622070312e-01
2.629622176755219698e-04,-3.459915387793444097e-05,1.746010093484073877e-04,9.478631019592285156e-01
2.682412450667470694e-04,-1.199573962367139757e-04,1.840348413679748774e-04,9.528322219848632812e-01
2.731879649218171835e-04,-2.071827912004664540e-04,1.935698528541252017e-04,9.578239917755126953e-01
2.783750242087990046e-04,-3.000976576004177332e-04,2.041883999481797218e-04,9.631800651550292969e-01
2.549528144299983978e-04,1.028301630867645144e-04,6.111538823461160064e-05,9.678690433502197266e-01
2.592548844404518604e-04,3.104850475210696459e-05,5.166249684407375753e-05,9.728310108184814453e-01
2.637947036419063807e-04,-4.518080095294862986e-05,4.326235284679569304e-05,9.778430461883544922e-01
2.686592342797666788e-04,-1.242354628629982471e-04,3.392530561541207135e-05,9.830510616302490234e-01
2.712708374019712210e-04,-2.081901329802349210e-04,2.621394924062769860e-05,9.881250858306884766e-01
2.750525309238582850e-04,-2.945039595942944288e-04,1.512252765678567812e-05,9.929871559143066406e-01
2.786884433589875698e-04,-3.838364209514111280e-04,6.843175469839479774e-06,9.979500770568847656e-01
2.822719106916338205e-04,-4.743403696920722723e-04,-4.161864126217551529e-06,1.002931118011474609e+00
2.855907077901065350e-04,-5.709896795451641083e-04,-1.335121669399086386e-05,1.008018016815185547e+00
2.887208247557282448e-04,-6.718902150169014931e-04,-2.156823393306694925e-05,1.012952089309692383e+00
2.931595663540065289e-04,-7.814850541763007641e-04,-3.105611540377140045e-05,1.018241167068481445e+00
2.972587244585156441e-04,-8.933884673751890659e-04,-4.009853364550508559e-05,1.022849082946777344e+00
3.016321861650794744e-04,-1.010172883979976177e-03,-4.957801866112276912e-05,1.028218030929565430e+00
3.063272160943597555e-04,-1.130660530179738998e-03,-5.542622966459020972e-05,1.032953023910522461e+00
3.112532431259751320e-04,-1.256807940080761909e-03,-6.303931877482682467e-05,1.037959098815917969e+00
3.164099762216210365e-04,-1.388721866533160210e-03,-7.001816993579268456e-05,1.042951107025146484e+00
3.216642362531274557e-04,-1.529212458990514278e-03,-7.751073280815035105e-05,1.048006057739257812e+00
3.272039757575839758e-04,-1.674239058047533035e-03,-8.475497452309355140e-05,1.052959203720092773e+00
3.329345199745148420e-04,-1.825873856432735920e-03,-9.218930063070729375e-05,1.057956218719482422e+00
3.388543264009058475e-04,-1.984088448807597160e-03,-9.909708751365542412e-05,1.063176155090332031e+00
3.455655241850763559e-04,-2.135415561497211456e-03,-1.067417615558952093e-04,1.068025112152099609e+00
3.523510822560638189e-04,-2.295915968716144562e-03,-1.141277316492050886e-04,1.073218107223510742e+00
3.594979061745107174e-04,-2.458774251863360405e-03,-1.261807774426415563e-04,1.078038215637207031e+00
3.651546139735728502e-04,-2.626960398629307747e-03,-1.467171241529285908e-04,1.082946062088012695e+00
3.713510814122855663e-04,-2.799402689561247826e-03,-1.640789851080626249e-04,1.088175058364868164e+00
3.773138741962611675e-04,-2.977049211040139198e-03,-1.803396444302052259e-04,1.093017101287841797e+00
3.832697402685880661e-04,-3.155817510560154915e-03,-1.867142855189740658e-04,1.098136186599731445e+00
3.889595100190490484e-04,-3.340194001793861389e-03,-1.968056749319657683e-04,1.103033065795898438e+00
3.945041098631918430e-04,-3.527793101966381073e-03,-2.057516103377565742e-04,1.108169078826904297e+00
4.015190061181783676e-04,-3.719656495377421379e-03,-2.220284804934635758e-04,1.113023996353149414e+00
4.081546212546527386e-04,-3.914959728717803955e-03,-2.344373206142336130e-04,1.118146181106567383e+00
4.151097673457115889e-04,-4.113879986107349396e-03,-2.472105843480676413e-04,1.123026132583618164e+00
4.206874582450836897e-04,-4.316652659326791763e-03,-2.539818524383008480e-04,1.128599166870117188e+00
4.267853801138699055e-04,-4.523687995970249176e-03,-2.642577455844730139e-04,1.133228063583374023e+00
4.326977650634944439e-04,-4.734777845442295074e-03,-2.739417832344770432e-04,1.138114213943481445e+00
4.399769532028585672e-04,-4.953249357640743256e-03,-2.835066698025912046e-04,1.143311023712158203e+00
4.468451661523431540e-04,-5.175268743187189102e-03,-2.920285623986274004e-04,1.148146152496337891e+00
4.539899236988276243e-04,-5.401993170380592346e-03,-2.987907209899276495e-04,1.153183221817016602e+00
4.614199278876185417e-04,-5.633187014609575272e-03,-3.028060018550604582e-04,1.158193111419677734e+00
4.690920177381485701e-04,-5.868615582585334778e-03,-3.234531613998115063e-04,1.163288116455078125e+00
1.930791186168789864e-04,3.033053653780370951e-04,2.136981056537479162e-04,1.168245077133178711e+00
1.943776878761127591e-04,2.397431235294789076e-04,2.266638912260532379e-04,1.173197031021118164e+00
1.925371034303680062e-04,1.650494232308119535e-04,2.419161755824461579e-04,1.178198099136352539e+00
1.923410309245809913e-04,9.132336708717048168e-05,2.556765102781355381e-04,1.183178186416625977e+00
1.918814086820930243e-04,1.305254863837035373e-05,2.703143691178411245e-04,1.188232183456420898e+00
1.929578429553657770e-04,-6.758398376405239105e-05,2.826597483363002539e-04,1.193194150924682617e+00
1.935094769578427076e-04,-1.532005990156903863e-04,2.968389308080077171e-04,1.198323011398315430e+00
1.943253882927820086e-04,-2.419995726086199284e-04,3.114123828709125519e-04,1.203049182891845703e+00
1.952680177055299282e-04,-3.367768658790737391e-04,3.272840112913399935e-04,1.208229064941406250e+00
1.964498660527169704e-04,-4.353105614427477121e-04,3.420901484787464142e-04,1.213306188583374023e+00
1.978030486498028040e-04,-5.390416481532156467e-04,3.558629250619560480e-04,1.218322992324829102e+00
1.974403858184814453e-04,-6.518802838400006294e-04,3.635084431152790785e-04,1.223311185836791992e+00
1.976300991373136640e-04,-7.670538616366684437e-04,3.743609995581209660e-04,1.228523015975952148e+00
1.975506020244210958e-04,-8.864652481861412525e-04,3.861329751089215279e-04,1.233311176300048828e+00
1.971956371562555432e-04,-1.010164152830839157e-03,3.978259919676929712e-04,1.238314151763916016e+00
1.964684779522940516e-04,-1.140239648520946503e-03,4.106603737454861403e-04,1.243319988250732422e+00
1.954864710569381714e-04,-1.274470123462378979e-03,4.255931999068707228e-04,1.248423099517822266e+00
1.942028175108134747e-04,-1.413864432834088802e-03,4.437263414729386568e-04,1.253374099731445312e+00
1.927252014866098762e-04,-1.556748524308204651e-03,4.686911997850984335e-04,1.258266210556030273e+00
2.531835925765335560e-04,4.672452341765165329e-04,2.119433629559352994e-04,1.263569116592407227e+00
2.529179910197854042e-04,4.046158283017575741e-04,2.042953128693625331e-04,1.268352031707763672e+00
2.551056386437267065e-04,3.332086198497563601e-04,2.039489045273512602e-04,1.273300170898437500e+00
2.560576831456273794e-04,2.596742124296724796e-04,2.007768925977870822e-04,1.278319120407104492e+00
2.572259982116520405e-04,1.812793198041617870e-04,2.001087705139070749e-04,1.283301115036010742e+00
2.588018833193928003e-04,1.025992823997512460e-04,2.019580570049583912e-04,1.288508176803588867e+00
2.605102199595421553e-04,1.765682100085541606e-05,2.034106873907148838e-04,1.293444156646728516e+00
2.624918706715106964e-04,-7.047559483908116817e-05,2.055687364190816879e-04,1.298456192016601562e+00
2.647454384714365005e-04,-1.613200583960860968e-04,2.024533459916710854e-04,1.303441047668457031e+00
2.672095142770558596e-04,-2.571483491919934750e-04,2.027802693191915751e-04,1.308495998382568359e+00
2.699029282666742802e-04,-3.570351691450923681e-04,2.020166284637525678e-04,1.313278198242187500e+00
2.728060644585639238e-04,-4.613580822478979826e-04,1.989532902371138334e-04,1.318477153778076172e+00
2.734480658546090126e-04,-5.698895547538995743e-04,2.035648794844746590e-04,1.323443174362182617e+00
2.750333223957568407e-04,-6.841105059720575809e-04,1.994760677916929126e-04,1.328561067581176758e+00
2.074919757433235645e-04,7.363267941400408745e-04,3.025809419341385365e-04,1.333586215972900391e+00
2.066448942059651017e-04,6.747156730853021145e-04,2.886670990847051144e-04,1.338538169860839844e+00
2.042506384896114469e-04,6.098122685216367245e-04,2.754557644948363304e-04,1.343475103378295898e+00
2.019900130107998848e-04,5.392924067564308643e-04,2.649463713169097900e-04,1.348509073257446289e+00
2.000078384298831224e-04,4.656431556213647127e-04,2.675560535863041878e-04,1.353572130203247070e+00
1.981276291189715266e-04,3.863598103635013103e-04,2.641019818838685751e-04,1.358610153198242188e+00
1.964201801456511021e-04,3.023722092621028423e-04,2.613928809296339750e-04,1.363819122314453125e+00
1.949704019352793694e-04,2.165383048122748733e-04,2.494801883585751057e-04,1.368680000305175781e+00
1.937099004862830043e-04,1.264466263819485903e-04,2.420473174424842000e-04,1.373591184616088867e+00
1.927129196701571345e-04,3.393404040252789855e-05,2.346410183236002922e-04,1.378760099411010742e+00
1.903107913676649332e-04,-6.088779991841875017e-05,2.313869626959785819e-04,1.383632183074951172e+00
1.882960932562127709e-04,-1.608099264558404684e-04,2.254235296277329326e-04,1.388610124588012695e+00
1.859963231254369020e-04,-2.646384818945080042e-04,2.182758180424571037e-04,1.393754005432128906e+00
1.831279805628582835e-04,-3.781545092351734638e-04,2.039665996562689543e-04,1.398739099502563477e+00
1.800893514882773161e-04,-4.931548610329627991e-04,1.913174928631633520e-04,1.403614997863769531e+00
1.767614885466173291e-04,-6.120123434811830521e-04,1.764068438205868006e-04,1.408601045608520508e+00
1.731683005345985293e-04,-7.341707823798060417e-04,1.590614265296608210e-04,1.413626194000244141e+00
1.715443941066041589e-04,-8.668512455187737942e-04,1.506048720329999924e-04,1.418743133544921875e+00
1.690861099632456899e-04,-9.968687081709504128e-04,1.336127024842426181e-04,1.423755168914794922e+00
1.668840850470587611e-04,-1.129384967498481274e-03,1.139307205448858440e-04,1.428925991058349609e+00
1.653352810535579920e-04,-1.255438430234789848e-03,8.974235970526933670e-05,1.433627128601074219e+00
1.637460518395528197e-04,-1.391019788570702076e-03,6.837971159256994724e-05,1.438709020614624023e+00
1.623027783352881670e-04,-1.531608751974999905e-03,4.463406003196723759e-05,1.443681001663208008e+00
1.605633151484653354e-04,-1.687672222033143044e-03,1.987625728361308575e-05,1.448854207992553711e+00
1.591664622537791729e-04,-1.844340004026889801e-03,-6.450416094594402239e-06,1.453747034072875977e+00
1.578712690388783813e-04,-2.007279545068740845e-03,-3.366499731782823801e-05,1.458711147308349609e+00
1.569628511788323522e-04,-2.170528518036007881e-03,-5.503170541487634182e-05,1.463813066482543945e+00
3.273569163866341114e-04,7.877789903432130814e-04,5.855950294062495232e-04,1.468698024749755859e+00
3.303163975942879915e-04,7.210691692307591438e-04,5.876797949895262718e-04,1.473693132400512695e+00
3.307917504571378231e-04,6.453984533436596394e-04,6.043915636837482452e-04,1.478761196136474609e+00
3.322879201732575893e-04,5.656099529005587101e-04,6.121449987404048443e-04,1.483681201934814453e+00
3.333943022880703211e-04,4.789062368217855692e-04,6.220663199201226234e-04,1.488699197769165039e+00
3.340888652019202709e-04,3.847397456411272287e-04,6.357153761200606823e-04,1.493813037872314453e+00
3.374768421053886414e-04,2.971502253785729408e-04,6.417296826839447021e-04,1.498830080032348633e+00
3.393300867173820734e-04,1.945866242749616504e-04,6.585966330021619797e-04,1.503813028335571289e+00
3.414300445001572371e-04,8.879143570084124804e-05,6.756896036677062511e-04,1.508858203887939453e+00
3.419516433496028185e-04,-2.289993608428630978e-05,6.937429425306618214e-04,1.513813018798828125e+00
3.430284850765019655e-04,-1.362498878734186292e-04,7.096051122061908245e-04,1.518823146820068359e+00
3.438057610765099525e-04,-2.543510054238140583e-04,7.270874339155852795e-04,1.523678064346313477e+00
3.443468303885310888e-04,-3.750767500605434179e-04,7.413075654767453671e-04,1.529064178466796875e+00
3.445300681050866842e-04,-5.019805394113063812e-04,7.571676396764814854e-04,1.533815145492553711e+00
3.443831228651106358e-04,-6.340567488223314285e-04,7.725417381152510643e-04,1.538813114166259766e+00
3.438830899540334940e-04,-7.718531414866447449e-04,7.862214115448296070e-04,1.543671131134033203e+00
3.431420482229441404e-04,-9.129506070166826248e-04,8.008819422684609890e-04,1.549381017684936523e+00
3.421686415094882250e-04,-1.057212939485907555e-03,8.164352620951831341e-04,1.554085016250610352e+00
3.412197693251073360e-04,-1.198932877741754055e-03,8.353297016583383083e-04,1.558952093124389648e+00
3.212791925761848688e-04,8.724854560568928719e-04,4.690639325417578220e-04,1.564201116561889648e+00
3.177610051352530718e-04,8.116378448903560638e-04,4.629224422387778759e-04,1.569024085998535156e+00
3.138585889246314764e-04,7.471317658200860023e-04,4.508394340518862009e-04,1.574168205261230469e+00
3.095245629083365202e-04,6.759336101822555065e-04,4.450138076208531857e-04,1.579090118408203125e+00
3.047952777706086636e-04,5.988021730445325375e-04,4.403212224133312702e-04,1.584066152572631836e+00
2.996686962433159351e-04,5.154350656084716320e-04,4.368819063529372215e-04,1.588961124420166016e+00
2.969544439110904932e-04,4.327034403104335070e-04,4.245866730343550444e-04,1.594158172607421875e+00
2.929581678472459316e-04,3.411077486816793680e-04,4.199104732833802700e-04,1.598946094512939453e+00
2.891401527449488640e-04,2.449635940138250589e-04,4.142011748626828194e-04,1.604104995727539062e+00
2.853888727258890867e-04,1.411003613611683249e-04,4.178742237854748964e-04,1.608978986740112305e+00
2.819136134348809719e-04,3.527531953295692801e-05,4.151962639298290014e-04,1.614029169082641602e+00
2.786745317280292511e-04,-7.399905007332563400e-05,4.125519772060215473e-04,1.619091033935546875e+00
2.756824542302638292e-04,-1.858742907643318176e-04,4.038942861370742321e-04,1.624123096466064453e+00
3.104534116573631763e-04,9.711800375953316689e-04,6.090653478167951107e-04,1.629317998886108398e+00
3.114999854005873203e-04,9.135669679380953312e-04,6.099324673414230347e-04,1.634157180786132812e+00
3.129887336399406195e-04,8.570444188080728054e-04,6.112671107985079288e-04,1.639205217361450195e+00
3.144521033391356468e-04,7.912032306194305420e-04,6.110693793743848801e-04,1.644201993942260742e+00
3.161186468787491322e-04,7.210508338175714016e-04,6.097618024796247482e-04,1.649514198303222656e+00
3.161400672979652882e-04,6.435105460695922375e-04,6.069100927561521530e-04,1.654025077819824219e+00
3.166973765473812819e-04,5.637399735860526562e-04,6.038896972313523293e-04,1.659169197082519531e+00
2.796621120069175959e-04,9.396068053320050240e-04,6.054671248421072960e-04,1.664357185363769531e+00
2.780071808956563473e-04,8.824596297927200794e-04,6.001268629916012287e-04,1.669226169586181641e+00
2.790448488667607307e-04,8.165454491972923279e-04,5.795547040179371834e-04,1.674165010452270508e+00
2.783052332233637571e-04,7.478530751541256905e-04,5.695814033970236778e-04,1.679064035415649414e+00
2.776877081487327814e-04,6.733722402714192867e-04,5.585396429523825645e-04,1.684170007705688477e+00
2.772842126432806253e-04,5.931576015427708626e-04,5.584902828559279442e-04,1.689176082611083984e+00
2.770914288703352213e-04,5.091071943752467632e-04,5.523532163351774216e-04,1.694446086883544922e+00
2.770524588413536549e-04,4.199024406261742115e-04,5.457403603941202164e-04,1.699352025985717773e+00
2.771596773527562618e-04,3.260785306338220835e-04,5.326631944626569748e-04,1.704235076904296875e+00
2.774259191937744617e-04,2.273707359563559294e-04,5.223801126703619957e-04,1.709374189376831055e+00
2.777847403194755316e-04,1.227834727615118027e-04,5.113512743264436722e-04,1.714282035827636719e+00
2.765269018709659576e-04,1.186694134958088398e-05,5.037831142544746399e-04,1.719233989715576172e+00
2.757233451120555401e-04,-1.028228725772351027e-04,4.937491612508893013e-04,1.724248170852661133e+00
2.396518539171665907e-04,1.086198724806308746e-03,6.280901143327355385e-04,1.729413986206054688e+00
2.374760661041364074e-04,1.030123326927423477e-03,6.297922227531671524e-04,1.734232187271118164e+00
2.342310617677867413e-04,9.709256119094789028e-04,6.333408528007566929e-04,1.739229202270507812e+00
2.310670242877677083e-04,9.043428581207990646e-04,6.406882312148809433e-04,1.744220018386840820e+00
2.279369800817221403e-04,8.302053320221602917e-04,6.492800312116742134e-04,1.749217987060546875e+00
2.228397352155297995e-04,7.619354873895645142e-04,6.455245311371982098e-04,1.754331111907958984e+00
2.184684854000806808e-04,6.835864624008536339e-04,6.481779855675995350e-04,1.759499073028564453e+00
2.679548633750528097e-04,1.000833464786410332e-03,5.821652011945843697e-04,1.764487028121948242e+00
2.643303014338016510e-04,9.388654725626111031e-04,5.872271722182631493e-04,1.769257068634033203e+00
2.602493914309889078e-04,8.690671529620885849e-04,5.811434821225702763e-04,1.774331092834472656e+00
2.558140258770436049e-04,7.943306700326502323e-04,5.728680989705026150e-04,1.779404163360595703e+00
2.509937621653079987e-04,7.146740099415183067e-04,5.529838963411748409e-04,1.784416198730468750e+00
2.458486123941838741e-04,6.306036957539618015e-04,5.383253446780145168e-04,1.789366006851196289e+00
2.403721155133098364e-04,5.418896907940506935e-04,5.242181359790265560e-04,1.794460058212280273e+00
2.364092943025752902e-04,4.506346303969621658e-04,5.257101729512214661e-04,1.799350023269653320e+00
2.318061015103012323e-04,3.539695171639323235e-04,5.201458698138594627e-04,1.804374217987060547e+00
2.273440040880814195e-04,2.523252915125340223e-04,5.143024609424173832e-04,1.809416055679321289e+00
2.211092360084876418e-04,1.420937624061480165e-04,4.928877460770308971e-04,1.814341068267822266e+00
2.153972163796424866e-04,2.947835491795558482e-05,4.799194866791367531e-04,1.819389104843139648e+00
2.093967195833101869e-04,-8.680575410835444927e-05,4.671565257012844086e-04,1.824526071548461914e+00
2.034563076449558139e-04,-1.999293162953108549e-04,4.646048473659902811e-04,1.829591989517211914e+00
1.970409939531236887e-04,-3.204035165254026651e-04,4.574609920382499695e-04,1.834334135055541992e+00
1.903952652355656028e-04,-4.434064612723886967e-04,4.526317643467336893e-04,1.839464187622070312e+00
1.835197326727211475e-04,-5.691174301318824291e-04,4.511857405304908752e-04,1.844471216201782227e+00
1.785555650712922215e-04,-7.043366786092519760e-04,4.321562882978469133e-04,1.849464178085327148e+00
1.726170448819175363e-04,-8.411327726207673550e-04,4.203091375529766083e-04,1.854444026947021484e+00
1.668200711719691753e-04,-9.826197056099772453e-04,4.034152661915868521e-04,1.859508991241455078e+00
1.611082552699372172e-04,-1.130196498706936836e-03,3.859835560433566570e-04,1.864538192749023438e+00
1.556065981276333332e-04,-1.281286356970667839e-03,3.682243404909968376e-04,1.869471073150634766e+00
1.502340310253202915e-04,-1.437513856217265129e-03,3.484599001239985228e-04,1.874306201934814453e+00
1.450204144930467010e-04,-1.598587376065552235e-03,3.302442491985857487e-04,1.879530191421508789e+00
1.399622269673272967e-04,-1.764097716659307480e-03,3.086435317527502775e-04,1.884509086608886719e+00
1.351023674942553043e-04,-1.933314371854066849e-03,2.864811685867607594e-04,1.889533042907714844e+00
1.307027559960260987e-04,-2.100764308124780655e-03,2.680957550182938576e-04,1.894734144210815430e+00
2.884679997805505991e-04,9.279240039177238941e-04,6.953320698812603951e-04,1.899617195129394531e+00
2.882695698644965887e-04,8.626154158264398575e-04,7.050934946164488792e-04,1.904565095901489258e+00
2.882121189031749964e-04,7.918961346149444580e-04,7.066151010803878307e-04,1.909532070159912109e+00
2.883893321268260479e-04,7.178165251389145851e-04,7.150666206143796444e-04,1.914479017257690430e+00
2.887985028792172670e-04,6.404963787645101547e-04,7.251887000165879726e-04,1.919596195220947266e+00
2.894025237765163183e-04,5.587796331383287907e-04,7.370351231656968594e-04,1.924621105194091797e+00
2.875111531466245651e-04,4.692143411375582218e-04,7.410405087284743786e-04,1.929913043975830078e+00
2.864984271582216024e-04,3.723424160853028297e-04,7.464884547516703606e-04,1.934648036956787109e+00
2.849767915904521942e-04,2.668628585524857044e-04,7.448674878105521202e-04,1.939675092697143555e+00
2.829955192282795906e-04,1.539087970741093159e-04,7.386424113065004349e-04,1.944725036621093750e+00
2.808333956636488438e-04,3.941902104998007417e-05,7.334973779506981373e-04,1.949678182601928711e+00
2.783705713227391243e-04,-7.931160507723689079e-05,7.290281937457621098e-04,1.954647064208984375e+00
2.757067559286952019e-04,-2.002254041144624352e-04,7.263401639647781849e-04,1.959654092788696289e+00
2.529723860789090395e-04,1.037822454236447811e-03,7.021157070994377136e-04,1.964729070663452148e+00
2.479225222487002611e-04,9.866158943623304367e-04,7.072165608406066895e-04,1.969721078872680664e+00
2.423049591016024351e-04,9.261962841264903545e-04,7.087908452376723289e-04,1.974644184112548828e+00
2.364964602747932076e-04,8.640542509965598583e-04,7.126808632165193558e-04,1.979739189147949219e+00
2.303140936419367790e-04,7.963860407471656799e-04,7.163858972489833832e-04,1.984711170196533203e+00
2.237949665868654847e-04,7.233715732581913471e-04,7.259328849613666534e-04,1.989767074584960938e+00
2.169830841012299061e-04,6.466357153840363026e-04,7.328023784793913364e-04,1.994868993759155273e+00
2.098527766065672040e-04,5.655513377860188484e-04,7.382142939604818821e-04,1.999772071838378906e+00
2.025365101872012019e-04,4.828370292671024799e-04,7.399948081001639366e-04,2.004997014999389648e+00
1.949463621713221073e-04,3.965052310377359390e-04,7.437878521159291267e-04,2.009689092636108398e+00
1.871788990683853626e-04,3.085301723331212997e-04,7.503564120270311832e-04,2.014772176742553711e+00
1.792475522961467505e-04,2.192651445511728525e-04,7.599531672894954681e-04,2.019667148590087891e+00
1.703072193777188659e-04,1.116142957471311092e-04,7.521160296164453030e-04,2.024715185165405273e+00
1.616138906683772802e-04,1.153707125922665000e-05,7.509231218136847019e-04,2.029991149902343750e+00
2.801710215862840414e-04,1.019248971715569496e-03,7.193396450020372868e-04,2.034746170043945312e+00
2.782419905997812748e-04,9.660331415943801403e-04,7.256036624312400818e-04,2.039765119552612305e+00
2.749357663560658693e-04,9.095954010263085365e-04,7.397800800390541553e-04,2.044701099395751953e+00
2.718270989134907722e-04,8.488871972076594830e-04,7.556904456578195095e-04,2.049854040145874023e+00
2.687600499484688044e-04,7.803746848367154598e-04,7.734791142866015434e-04,2.054885149002075195e+00
2.659847959876060486e-04,7.094970205798745155e-04,7.906166138127446175e-04,2.059839010238647461e+00
2.634014526847749949e-04,6.342764827422797680e-04,8.088338072411715984e-04,2.065013170242309570e+00
2.594867837615311146e-04,5.586550105363130569e-04,8.269045501947402954e-04,2.069855213165283203e+00
2.559066342655569315e-04,4.766006022691726685e-04,8.449527085758745670e-04,2.074826002120971680e+00
2.520138514228165150e-04,3.898187715094536543e-04,8.628531941212713718e-04,2.079865217208862305e+00
2.476780500728636980e-04,2.952203794848173857e-04,8.787281112745404243e-04,2.084830045700073242e+00
2.431414468446746469e-04,1.982072280952706933e-04,8.966532768681645393e-04,2.089894056320190430e+00
3.182065847795456648e-04,1.048720208927989006e-03,6.275805644690990448e-04,2.094988107681274414e+00
3.171869902871549129e-04,9.958735899999737740e-04,6.250042933970689774e-04,2.100085020065307617e+00
3.187920374330133200e-04,9.284077677875757217e-04,6.150384433567523956e-04,2.104857206344604492e+00
3.190122370142489672e-04,8.648434304632246494e-04,6.102969055064022541e-04,2.109891176223754883e+00
3.194450982846319675e-04,7.975670159794390202e-04,6.062730681151151657e-04,2.114870071411132812e+00
3.186091198585927486e-04,7.312366506084799767e-04,6.077266880311071873e-04,2.120058059692382812e+00
3.180865314789116383e-04,6.584747461602091789e-04,6.060837768018245697e-04,2.124963045120239258e+00
3.326099831610918045e-04,1.089730183593928814e-03,5.740128108300268650e-04,2.130149126052856445e+00
3.319996758364140987e-04,1.033419743180274963e-03,5.680471658706665039e-04,2.134988069534301758e+00
3.311262116767466068e-04,9.730035089887678623e-04,5.564561579376459122e-04,2.140141010284423828e+00
3.299004456494003534e-04,9.065013728104531765e-04,5.454758647829294205e-04,2.144995212554931641e+00
3.301187534816563129e-04,8.364386740140616894e-04,5.383629468269646168e-04,2.150014162063598633e+00
3.297637740615755320e-04,7.615666254423558712e-04,5.294716684147715569e-04,2.154991149902343750e+00
3.295701753813773394e-04,6.816789973527193069e-04,5.208249785937368870e-04,2.160290002822875977e+00
3.279621596448123455e-04,5.995176034048199654e-04,5.137242842465639114e-04,2.165098190307617188e+00
3.532779810484498739e-04,9.736939682625234127e-04,5.961197894066572189e-04,2.170002222061157227e+00
3.552132984623312950e-04,9.181696805171668530e-04,5.943459109403192997e-04,2.174980163574218750e+00
3.574321744963526726e-04,8.596891420893371105e-04,5.931655177846550941e-04,2.180210113525390625e+00
3.587090468499809504e-04,7.731138612143695354e-04,6.036261329427361488e-04,2.185091018676757812e+00
3.609709092415869236e-04,6.990438560023903847e-04,6.018619169481098652e-04,2.190159082412719727e+00
3.634810564108192921e-04,6.215066532604396343e-04,6.028244388289749622e-04,2.195234060287475586e+00
3.646875265985727310e-04,5.442749825306236744e-04,6.008886848576366901e-04,2.200170040130615234e+00
3.662858216557651758e-04,4.616447549778968096e-04,5.998545093461871147e-04,2.205104112625122070e+00
3.676180203910917044e-04,3.752898192033171654e-04,5.983214359730482101e-04,2.210118055343627930e+00
3.684790281113237143e-04,2.802783856168389320e-04,6.036811973899602890e-04,2.215126037597656250e+00
3.691475722007453442e-04,1.835130824474617839e-04,6.051078089512884617e-04,2.220156192779541016e+00
3.694879414979368448e-04,8.162442827597260475e-05,6.080737803131341934e-04,2.225130081176757812e+00
3.695760678965598345e-04,-2.313609729753807187e-05,6.068372749723494053e-04,2.230393171310424805e+00
3.693273756653070450e-04,-1.333313412033021450e-04,6.089278031140565872e-04,2.235116004943847656e+00
3.688928263727575541e-04,-2.454009081702679396e-04,6.117768352851271629e-04,2.240193128585815430e+00
3.700451634358614683e-04,-3.579083131626248360e-04,6.190463900566101074e-04,2.245097160339355469e+00
3.706071875058114529e-04,-4.758371796924620867e-04,6.247799610719084740e-04,2.250146150588989258e+00
3.713729965966194868e-04,-5.976713146083056927e-04,6.299557280726730824e-04,2.255264997482299805e+00
3.719637752510607243e-04,-7.310333894565701485e-04,6.254448089748620987e-04,2.260405063629150391e+00
3.729375021066516638e-04,-8.647819049656391144e-04,6.260320078581571579e-04,2.265206098556518555e+00
3.741406835615634918e-04,-1.001930562779307365e-03,6.270968005992472172e-04,2.270211219787597656e+00
3.755983489099889994e-04,-1.141828019171953201e-03,6.283278344199061394e-04,2.275356054306030273e+00
3.743011329788714647e-04,-1.294698333367705345e-03,6.272246828302741051e-04,2.280377149581909180e+00
3.742728440556675196e-04,-1.446315320208668709e-03,6.300198729149997234e-04,2.285216093063354492e+00
3.738843079190701246e-04,-1.603614073246717453e-03,6.351250340230762959e-04,2.290241003036499023e+00
3.752243646886199713e-04,-1.758518046699464321e-03,6.475849077105522156e-04,2.295319080352783203e+00
3.758308012038469315e-04,-1.921565737575292587e-03,6.559753674082458019e-04,2.300365209579467773e+00
3.766597947105765343e-04,-2.087957458570599556e-03,6.639925995841622353e-04,2.305216073989868164e+00
3.776719968300312757e-04,-2.258253283798694611e-03,6.687480490654706955e-04,2.310239076614379883e+00
3.789006441365927458e-04,-2.432368695735931396e-03,6.767908344045281410e-04,2.315217018127441406e+00
3.803453873842954636e-04,-2.610143506899476051e-03,6.860783905722200871e-04,2.320590019226074219e+00
3.819139092229306698e-04,-2.793453866615891457e-03,6.964776548556983471e-04,2.325387001037597656e+00
3.837170370388776064e-04,-2.979785436764359474e-03,7.056836620904505253e-04,2.330555200576782227e+00
3.857293922919780016e-04,-3.169793169945478439e-03,7.147384458221495152e-04,2.335344076156616211e+00
3.880006261169910431e-04,-3.362219082191586494e-03,7.238134276121854782e-04,2.340378999710083008e+00
3.903774195350706577e-04,-3.560621524229645729e-03,7.316851988434791565e-04,2.345332145690917969e+00
3.928813966922461987e-04,-3.764377441257238388e-03,7.385420030914247036e-04,2.350341081619262695e+00
3.955249558202922344e-04,-3.973257727921009064e-03,7.443765643984079361e-04,2.355331182479858398e+00
3.961561014875769615e-04,-4.179020412266254425e-03,7.562567479908466339e-04,2.360438108444213867e+00
2.465685538481920958e-04,1.098581124097108841e-03,7.540623191744089127e-04,2.365411043167114258e+00
2.450731117278337479e-04,1.042348681949079037e-03,7.590901805087924004e-04,2.370343208312988281e+00
2.431365282973274589e-04,9.801761480048298836e-04,7.587734726257622242e-04,2.375190019607543945e+00
2.409473527222871780e-04,9.155850275419652462e-04,7.607502047903835773e-04,2.380514144897460938e+00
2.383906103204935789e-04,8.458552765659987926e-04,7.622948032803833485e-04,2.385312080383300781e+00
2.372022427152842283e-04,7.712228689342737198e-04,7.652793428860604763e-04,2.390514135360717773e+00
2.354808821110054851e-04,6.926512578502297401e-04,7.673154468648135662e-04,2.395440101623535156e+00
2.120438730344176292e-04,1.100353198125958443e-03,6.261657108552753925e-04,2.400511026382446289e+00
2.072625356959179044e-04,1.041014795191586018e-03,6.142620695754885674e-04,2.405397176742553711e+00
2.037594240391626954e-04,9.810490300878882408e-04,6.007632473483681679e-04,2.410484075546264648e+00
1.999404630623757839e-04,9.169497061520814896e-04,5.847777938470244408e-04,2.415394067764282227e+00
1.975884806597605348e-04,8.507588645443320274e-04,5.601536831818521023e-04,2.420536041259765625e+00
1.946682750713080168e-04,7.796902209520339966e-04,5.384135874919593334e-04,2.425384998321533203e+00
1.919156493386253715e-04,7.040863274596631527e-04,5.163606838323175907e-04,2.430588006973266602e+00
1.892683067126199603e-04,6.221270887181162834e-04,5.010341410525143147e-04,2.435564041137695312e+00
1.868427934823557734e-04,5.372437881305813789e-04,4.816935688722878695e-04,2.440468072891235352e+00
1.845955994212999940e-04,4.481934593059122562e-04,4.620245017576962709e-04,2.445496082305908203e+00
1.825154758989810944e-04,3.547713276930153370e-04,4.414258291944861412e-04,2.450532197952270508e+00
1.805662905098870397e-04,2.555012761149555445e-04,4.280997964087873697e-04,2.455497026443481445e+00
1.788162917364388704e-04,1.526642590761184692e-04,4.120988596696406603e-04,2.460708141326904297e+00
3.366799792274832726e-04,1.074743340723216534e-03,6.525252829305827618e-04,2.465582132339477539e+00
3.404028539080172777e-04,1.019179471768438816e-03,6.555592990480363369e-04,2.470590114593505859e+00
3.440952277742326260e-04,9.550949325785040855e-04,6.544613861478865147e-04,2.475616216659545898e+00
3.479725273791700602e-04,8.867389406077563763e-04,6.542467745020985603e-04,2.480669021606445312e+00
3.502951876726001501e-04,8.136830292642116547e-04,6.467869970947504044e-04,2.485588073730468750e+00
3.531074034981429577e-04,7.372322725132107735e-04,6.424502353183925152e-04,2.490603208541870117e+00
3.140954941045492887e-04,1.125248847529292107e-03,6.029178039170801640e-04,2.495889186859130859e+00
3.132646961603313684e-04,1.073361141607165337e-03,5.976289394311606884e-04,2.500632047653198242e+00
3.120148903690278530e-04,1.014721463434398174e-03,5.864134291186928749e-04,2.505631208419799805e+00
3.104312636423856020e-04,9.514313424006104469e-04,5.736302118748426437e-04,2.510651111602783203e+00
3.099097230006009340e-04,8.772430592216551304e-04,5.530042690224945545e-04,2.515655994415283203e+00
3.089884703513234854e-04,8.021151879802346230e-04,5.356668261811137199e-04,2.520733118057250977e+00
3.082362236455082893e-04,7.228632457554340363e-04,5.190833471715450287e-04,2.525602102279663086e+00
3.076150605920702219e-04,6.389323971234261990e-04,5.021220422349870205e-04,2.530901193618774414e+00
3.049167571589350700e-04,5.561831058003008366e-04,4.903270164504647255e-04,2.535740137100219727e+00
3.029279760085046291e-04,4.633474163711071014e-04,4.740314325317740440e-04,2.540766000747680664e+00
3.005720500368624926e-04,3.649359568953514099e-04,4.560172965284436941e-04,2.545711994171142578e+00
2.994270471390336752e-04,2.585239417385309935e-04,4.325966874603182077e-04,2.550770998001098633e+00
2.978162083309143782e-04,1.494829775765538216e-04,4.114112816751003265e-04,2.555738210678100586e+00
2.963607548736035824e-04,3.576526069082319736e-05,3.890252846758812666e-04,2.561138153076171875e+00
2.009024756262078881e-04,1.133884768933057785e-03,6.456244736909866333e-04,2.565708160400390625e+00
1.961731031769886613e-04,1.072934828698635101e-03,6.330994656309485435e-04,2.570706129074096680e+00
1.916200708365067840e-04,1.007097773253917694e-03,6.204565288498997688e-04,2.575869083404541016e+00
1.854617876233533025e-04,9.344321442767977715e-04,6.156216841191053391e-04,2.580776214599609375e+00
1.798103621695190668e-04,8.592740632593631744e-04,6.072705145925283432e-04,2.585806131362915039e+00
1.738441060297191143e-04,7.795962737873196602e-04,5.987446638755500317e-04,2.590668201446533203e+00
1.692518708296120167e-04,6.958887679502367973e-04,5.819031503051519394e-04,2.596053123474121094e+00
1.641008857404813170e-04,6.075911223888397217e-04,5.686138174496591091e-04,2.600895166397094727e+00
1.591304753674194217e-04,5.152546800673007965e-04,5.543138249777257442e-04,2.605856180191040039e+00
1.543371909065172076e-04,4.188974562566727400e-04,5.383677198551595211e-04,2.610948085784912109e+00
1.471559226047247648e-04,3.163161454722285271e-04,5.268323584459722042e-04,2.615879058837890625e+00
1.410277764080092311e-04,2.112812071572989225e-04,5.142553709447383881e-04,2.620873212814331055e+00
1.346811768598854542e-04,1.037932379404082894e-04,5.039793322794139385e-04,2.625882148742675781e+00
1.282701123273000121e-04,-3.092037331953179091e-06,4.988234140910208225e-04,2.631050109863281250e+00
1.214176518260501325e-04,-1.169327078969217837e-04,4.908513510599732399e-04,2.635907173156738281e+00
1.142827313742600381e-04,-2.345031098229810596e-04,4.829772515222430229e-04,2.640913009643554688e+00
1.066760960384272039e-04,-3.595373127609491348e-04,4.679351986851543188e-04,2.645902156829833984e+00
9.888290514936670661e-05,-4.862942732870578766e-04,4.545299743767827749e-04,2.650907993316650391e+00
9.080898598767817020e-05,-6.165788508951663971e-04,4.388117231428623199e-04,2.655888080596923828e+00
8.424894622294232249e-05,-7.484598900191485882e-04,4.232400679029524326e-04,2.661117076873779297e+00
7.706421456532552838e-05,-8.862498798407614231e-04,4.067810659762471914e-04,2.666593074798583984e+00
6.999957258813083172e-05,-1.029589562676846981e-03,3.894595720339566469e-04,2.670913219451904297e+00
6.112410483183339238e-05,-1.183522166684269905e-03,3.706463321577757597e-04,2.675892114639282227e+00
5.281100311549380422e-05,-1.338524511083960533e-03,3.505257482174783945e-04,2.681042194366455078e+00
4.418621028889901936e-05,-1.497731311246752739e-03,3.282991237938404083e-04,2.685968160629272461e+00
3.553591886884532869e-05,-1.654796185903251171e-03,3.039042057935148478e-04,2.691084146499633789e+00
3.249939181841909885e-04,1.207876717671751976e-03,7.220989791676402092e-04,2.696714162826538086e+00
3.259621444158256054e-04,1.148057985119521618e-03,7.161074317991733551e-04,2.701050043106079102e+00
3.265171544626355171e-04,1.082657254301011562e-03,7.109185098670423031e-04,2.706005096435546875e+00
3.268928558100014925e-04,1.017495989799499512e-03,7.144535193219780922e-04,2.711016178131103516e+00
3.267881111241877079e-04,9.450600482523441315e-04,7.155426428653299809e-04,2.716083049774169922e+00
3.264603146817535162e-04,8.677730220369994640e-04,7.200133404694497585e-04,2.721110105514526367e+00
3.275702474638819695e-04,7.861556368879973888e-04,7.237462559714913368e-04,2.726021051406860352e+00
3.281812823843210936e-04,7.006016676314175129e-04,7.289596833288669586e-04,2.731117010116577148e+00
3.290223830845206976e-04,6.112880073487758636e-04,7.346608908846974373e-04,2.735994100570678711e+00
3.301854303572326899e-04,5.207609501667320728e-04,7.333726389333605766e-04,2.741005182266235352e+00
3.315111971460282803e-04,4.247832403052598238e-04,7.346190977841615677e-04,2.745881080627441406e+00
3.330562030896544456e-04,3.253825707361102104e-04,7.350314990617334843e-04,2.751174211502075195e+00
3.347747842781245708e-04,2.212103281635791063e-04,7.387383957393467426e-04,2.756278991699218750e+00
2.833985781762748957e-04,1.253720838576555252e-03,8.127614855766296387e-04,2.761279106140136719e+00
2.835530322045087814e-04,1.203817664645612240e-03,8.166200132109224796e-04,2.766589164733886719e+00
2.837049250956624746e-04,1.146572758443653584e-03,8.144132443703711033e-04,2.771203041076660156e+00
2.843152906280010939e-04,1.090868958272039890e-03,8.184484322555363178e-04,2.776591062545776367e+00
2.852391917258501053e-04,1.033756067045032978e-03,8.228151127696037292e-04,2.781179189682006836e+00
2.863886475097388029e-04,9.727032156661152840e-04,8.279762114398181438e-04,2.786145210266113281e+00
2.849169250112026930e-04,9.015001123771071434e-04,8.284742361865937710e-04,2.791199207305908203e+00
3.287237195763736963e-04,1.178386039100587368e-03,6.999334436841309071e-04,2.796744108200073242e+00
3.287919971626251936e-04,1.119250431656837463e-03,6.941684987396001816e-04,2.801170110702514648e+00
3.285347484052181244e-04,1.054658554494380951e-03,6.789037142880260944e-04,2.806824207305908203e+00
3.281553217675536871e-04,9.882884332910180092e-04,6.684249383397400379e-04,2.811172008514404297e+00
3.275882045272737741e-04,9.202808723784983158e-04,6.563667557202279568e-04,2.816905021667480469e+00
3.269547887612134218e-04,8.537061512470245361e-04,6.465871119871735573e-04,2.821299076080322266e+00
3.258718352299183607e-04,7.808697992004454136e-04,6.343373097479343414e-04,2.826866149902343750e+00
3.244791005272418261e-04,7.046317332424223423e-04,6.194625166244804859e-04,2.831617116928100586e+00
3.242058737669140100e-04,6.194126326590776443e-04,6.010705255903303623e-04,2.836704015731811523e+00
3.234437608625739813e-04,5.320648197084665298e-04,5.823208484798669815e-04,2.841324090957641602e+00
3.227905835956335068e-04,4.394561401568353176e-04,5.618728464469313622e-04,2.846324205398559570e+00
3.223240491934120655e-04,3.426199255045503378e-04,5.454905331134796143e-04,2.851169109344482422e+00
3.220329817850142717e-04,2.417842770228162408e-04,5.263734492473304272e-04,2.856580018997192383e+00
2.992204972542822361e-04,1.274122390896081924e-03,7.810112438164651394e-04,2.861373186111450195e+00
2.994555688928812742e-04,1.223578583449125290e-03,7.752804085612297058e-04,2.866716146469116211e+00
2.999435528181493282e-04,1.170461182482540607e-03,7.736398838460445404e-04,2.871316194534301758e+00
3.005268226843327284e-04,1.112284022383391857e-03,7.687761099077761173e-04,2.876693010330200195e+00
3.012454253621399403e-04,1.049067126587033272e-03,7.634544745087623596e-04,2.881308078765869141e+00
2.997257106471806765e-04,9.838026016950607300e-04,7.584550767205655575e-04,2.886661052703857422e+00
2.990227367263287306e-04,9.110809769481420517e-04,7.467502146027982235e-04,2.891378164291381836e+00
2.911715419031679630e-04,1.186549547128379345e-03,7.128168363124132156e-04,2.897159099578857422e+00
2.893574128393083811e-04,1.129219424910843372e-03,7.022033678367733955e-04,2.901251077651977539e+00
2.872045733965933323e-04,1.066517666913568974e-03,6.949482485651969910e-04,2.906686067581176758e+00
2.847955329343676567e-04,1.000343356281518936e-03,6.885493057779967785e-04,2.911387205123901367e+00
2.822107926476746798e-04,9.326700819656252861e-04,6.854098173789680004e-04,2.916745185852050781e+00
2.792890882119536400e-04,8.600462460890412331e-04,6.803307915106415749e-04,2.921378135681152344e+00
2.760529168881475925e-04,7.829645182937383652e-04,6.759531679563224316e-04,2.926880121231079102e+00
2.912483760155737400e-04,1.230351859703660011e-03,8.069354225881397724e-04,2.931545019149780273e+00
2.887045266106724739e-04,1.179802115075290203e-03,8.055664366111159325e-04,2.936564207077026367e+00
2.858694642782211304e-04,1.125572598539292812e-03,8.030774188227951527e-04,2.941264152526855469e+00
2.900875115301460028e-04,1.098318025469779968e-03,7.893409347161650658e-04,2.946483135223388672e+00
2.892134652938693762e-04,1.038943533785641193e-03,7.869442924857139587e-04,2.951522111892700195e+00
2.884991699829697609e-04,9.754623752087354660e-04,7.818544399924576283e-04,2.957144021987915039e+00
2.879126113839447498e-04,9.073648834601044655e-04,7.701592403464019299e-04,2.961825132369995117e+00
2.853465848602354527e-04,8.422325481660664082e-04,7.682347204536199570e-04,2.967080116271972656e+00
2.835905179381370544e-04,7.697909604758024216e-04,7.572270696982741356e-04,2.971554994583129883e+00
2.815947227645665407e-04,6.944905035197734833e-04,7.492396398447453976e-04,2.976713180541992188e+00
2.788078854791820049e-04,6.044082692824304104e-04,7.390585960820317268e-04,2.981556177139282227e+00
2.759946510195732117e-04,5.165024776943027973e-04,7.290793582797050476e-04,2.987080097198486328e+00
2.728992840275168419e-04,4.250496276654303074e-04,7.192183402366936207e-04,2.991577148437500000e+00
2.731189888436347246e-04,3.338980895932763815e-04,7.173389312811195850e-04,2.996823072433471680e+00
2.724369405768811703e-04,2.363039966439828277e-04,7.138070068322122097e-04,3.001493215560913086e+00
2.724083606153726578e-04,1.342977047897875309e-04,7.108922000043094158e-04,3.007052183151245117e+00
2.678692399058490992e-04,2.689507346076425165e-05,6.992669659666717052e-04,3.011554002761840820e+00
2.648065565153956413e-04,-8.312483987538143992e-05,6.929650553502142429e-04,3.016956090927124023e+00
2.609872608445584774e-04,-1.965058763744309545e-04,6.867881165817379951e-04,3.021681070327758789e+00
2.681273326743394136e-04,-3.173956065438687801e-04,6.831593927927315235e-04,3.026762008666992188e+00
2.728302788455039263e-04,-4.409305693116039038e-04,6.760461255908012390e-04,3.031708002090454102e+00
2.801469236146658659e-04,-5.681710317730903625e-04,6.654308526776731014e-04,3.036984205245971680e+00
2.900689432863146067e-04,-6.993884453549981117e-04,6.512838881462812424e-04,3.041691064834594727e+00
2.875274512916803360e-04,-8.376074256375432014e-04,6.532730185426771641e-04,3.046838045120239258e+00
2.924370928667485714e-04,-9.791498305276036263e-04,6.460737786255776882e-04,3.051889181137084961e+00
2.969886700157076120e-04,-1.126413932070136070e-03,6.410836358554661274e-04,3.056945085525512695e+00
3.028517821803689003e-04,-1.279479241929948330e-03,6.296724313870072365e-04,3.061825037002563477e+00
3.081890172325074673e-04,-1.436713500879704952e-03,6.217817426659166813e-04,3.066858053207397461e+00
3.137243620585650206e-04,-1.597759779542684555e-03,6.122156628407537937e-04,3.071669101715087891e+00
3.128749085590243340e-04,-1.758034457452595234e-03,6.027253693901002407e-04,3.076705217361450195e+00
3.130989789497107267e-04,-1.924244803376495838e-03,5.909267347306013107e-04,3.081633090972900391e+00
3.115648287348449230e-04,-2.094629919156432152e-03,5.772073054686188698e-04,3.086852073669433594e+00
3.131467092316597700e-04,-2.274476224556565285e-03,5.623727338388562202e-04,3.091833114624023438e+00
3.117674787063151598e-04,1.137460581958293915e-03,7.254796219058334827e-04,3.096953153610229492e+00
3.085796779487282038e-04,1.081415219232439995e-03,7.210014737211167812e-04,3.101774215698242188e+00
3.103353665210306644e-04,1.021442236378788948e-03,7.277959957718849182e-04,3.106928110122680664e+00
3.101398178841918707e-04,9.590776753611862659e-04,7.290110806934535503e-04,3.111779212951660156e+00
3.106629592366516590e-04,8.932418422773480415e-04,7.337713614106178284e-04,3.116854190826416016e+00
3.100716567132622004e-04,8.215369307436048985e-04,7.366501959040760994e-04,3.121755123138427734e+00
3.104526258539408445e-04,7.466985844075679779e-04,7.409328245557844639e-04,3.126954078674316406e+00
3.110005636699497700e-04,6.672285380773246288e-04,7.449176046065986156e-04,3.131893157958984375e+00
3.116864245384931564e-04,5.824046675115823746e-04,7.501030922867357731e-04,3.136942148208618164e+00
3.128642856609076262e-04,5.006215069442987442e-04,7.521756924688816071e-04,3.141751050949096680e+00
3.140748885925859213e-04,4.108536813873797655e-04,7.611613837070763111e-04,3.146903991699218750e+00
3.155529848299920559e-04,3.186042304150760174e-04,7.727090851403772831e-04,3.151974201202392578e+00
3.224473330192267895e-04,2.255708677694201469e-04,7.898194016888737679e-04,3.156903028488159180e+00
2.968507760670036077e-04,1.180909341201186180e-03,7.389545207843184471e-04,3.161965131759643555e+00
3.047705686185508966e-04,1.124877831898629665e-03,7.398872403427958488e-04,3.167012214660644531e+00
2.947078319266438484e-04,1.061676302924752235e-03,7.238379330374300480e-04,3.171903133392333984e+00
2.934465883299708366e-04,9.946172358468174934e-04,7.182721165008842945e-04,3.177076101303100586e+00
2.903729910030961037e-04,9.222828084602952003e-04,7.118170033209025860e-04,3.181915998458862305e+00
2.908040478359907866e-04,8.497616508975625038e-04,7.022310164757072926e-04,3.186973094940185547e+00
2.886813599616289139e-04,7.718250271864235401e-04,6.892094970680773258e-04,3.192156076431274414e+00
2.918717800639569759e-04,1.250895787961781025e-03,5.948900361545383930e-04,3.197039127349853516e+00
2.710282278712838888e-04,1.208670320920646191e-03,5.769461276941001415e-04,3.201873064041137695e+00
2.556102117523550987e-04,1.162533299066126347e-03,5.442777764983475208e-04,3.207097053527832031e+00
2.364771789871156216e-04,1.112405792810022831e-03,5.102794384583830833e-04,3.211861133575439453e+00
2.137707779183983803e-04,1.062166877090930939e-03,4.724651225842535496e-04,3.216957092285156250e+00
2.522586146369576454e-04,1.001395401544868946e-03,4.682505386881530285e-04,3.222043037414550781e+00
2.661965845618396997e-04,9.410480852238833904e-04,4.505381220951676369e-04,3.227157115936279297e+00
2.887627924792468548e-04,8.698024321347475052e-04,4.380199243314564228e-04,3.232009172439575195e+00
3.065984346903860569e-04,7.941540679894387722e-04,4.284123715478926897e-04,3.237163066864013672e+00
3.352877392899245024e-04,7.141127716749906540e-04,4.259943962097167969e-04,3.241966009140014648e+00
3.691130841616541147e-04,6.331749609671533108e-04,4.243985167704522610e-04,3.247055053710937500e+00
4.112953320145606995e-04,5.456503713503479958e-04,4.219109250698238611e-04,3.251970052719116211e+00
4.580513050314038992e-04,4.553018370643258095e-04,4.229610203765332699e-04,3.257115125656127930e+00
5.795111646875739098e-04,1.244596671313047409e-03,8.452145266346633434e-04,3.262032985687255859e+00
5.776338512077927589e-04,1.209822134114801884e-03,8.417299250140786171e-04,3.267194986343383789e+00
6.042789318598806858e-04,1.155256642960011959e-03,8.532656356692314148e-04,3.272016048431396484e+00
6.247327546589076519e-04,1.094879466108977795e-03,8.624949841760098934e-04,3.277135133743286133e+00
6.218943162821233273e-04,1.022544340230524540e-03,8.712616981938481331e-04,3.282066106796264648e+00
6.155731971375644207e-04,9.506430942565202713e-04,8.763921214267611504e-04,3.287133216857910156e+00
5.982096190564334393e-04,8.722698548808693886e-04,8.802000666037201881e-04,3.292085170745849609e+00
1.547988795209676027e-04,1.334708998911082745e-03,6.771920016035437584e-04,3.297567129135131836e+00
9.889739885693415999e-05,1.300230738706886768e-03,6.404003361240029335e-04,3.302015066146850586e+00
3.751109034055843949e-05,1.265423488803207874e-03,5.920474650338292122e-04,3.307195186614990234e+00
-2.948449036921374500e-05,1.228197361342608929e-03,5.356949404813349247e-04,3.312180995941162109e+00
-6.503288022940978408e-05,1.177836558781564236e-03,4.912628792226314545e-04,3.317216157913208008e+00
-1.181634506792761385e-04,1.128404051996767521e-03,4.351835232228040695e-04,3.322163105010986328e+00
-1.697275438345968723e-04,1.074138912372291088e-03,3.788651083596050739e-04,3.327416181564331055e+00
-2.161239681299775839e-04,1.019761082716286182e-03,3.356902161613106728e-04,3.332225084304809570e+00
-2.615644189063459635e-04,9.585827356204390526e-04,2.830711600836366415e-04,3.337169170379638672e+00
-3.044522600248456001e-04,8.933788049034774303e-04,2.298540057381615043e-04,3.342016220092773438e+00
-3.565797233022749424e-04,8.272733539342880249e-04,1.755521952873095870e-04,3.347200155258178711e+00
-4.043506050948053598e-04,7.589363376609981060e-04,1.192298368550837040e-04,3.352216005325317383e+00
-4.528151766862720251e-04,6.895718397572636604e-04,6.176869646878913045e-05,3.357300043106079102e+00
-4.734589601866900921e-04,6.118721212260425091e-04,3.349916823935927823e-06,3.362599134445190430e+00
3.745445865206420422e-04,1.237084274180233479e-03,5.858883378095924854e-04,3.367312192916870117e+00
4.046741232741624117e-04,1.174337114207446575e-03,5.687201628461480141e-04,3.372344017028808594e+00
4.149630258325487375e-04,1.117705949582159519e-03,5.410020821727812290e-04,3.377386093139648438e+00
4.415796138346195221e-04,1.052946317940950394e-03,5.209657829254865646e-04,3.382301092147827148e+00
4.703419399447739124e-04,9.838752448558807373e-04,5.039845127612352371e-04,3.387433052062988281e+00
5.011238390579819679e-04,9.076810092665255070e-04,4.891288117505609989e-04,3.392305135726928711e+00
4.963359679095447063e-04,8.246032521128654480e-04,4.820736648980528116e-04,3.397505044937133789e+00
5.057587404735386372e-04,7.363981567323207855e-04,4.759758012369275093e-04,3.402343034744262695e+00
5.099800764583051205e-04,6.427038460969924927e-04,4.730019718408584595e-04,3.407459020614624023e+00
5.141772562637925148e-04,5.450917524285614491e-04,5.198114085942506790e-04,3.412319183349609375e+00
5.125560564920306206e-04,4.447763203643262386e-04,5.597472772933542728e-04,3.417487144470214844e+00
5.073306383565068245e-04,3.422164008952677250e-04,6.142371566966176033e-04,3.422248125076293945e+00
5.086039891466498375e-04,2.372594026383012533e-04,6.474748370237648487e-04,3.427489995956420898e+00
5.047124577686190605e-04,1.273499801754951477e-04,7.008893298916518688e-04,3.432414054870605469e+00
4.999769153073430061e-04,1.219731257151579484e-05,7.594794151373207569e-04,3.437283039093017578e+00
5.077917594462633133e-04,-1.109573422581888735e-04,7.483227527700364590e-04,3.442383050918579102e+00
5.130216013640165329e-04,-2.351310831727460027e-04,7.538473582826554775e-04,3.447239160537719727e+00
5.214211414568126202e-04,-3.612309519667178392e-04,7.446912350133061409e-04,3.452399015426635742e+00
5.280782352201640606e-04,-4.853308491874486208e-04,7.184396381489932537e-04,3.457468986511230469e+00
5.384142277762293816e-04,-6.162136560305953026e-04,6.774709909223020077e-04,3.462509155273437500e+00
5.503722932189702988e-04,-7.511039148084819317e-04,6.215823232196271420e-04,3.467434167861938477e+00
5.639431183226406574e-04,-8.901517139747738838e-04,5.490141920745372772e-04,3.472411155700683594e+00
5.669842357747256756e-04,-1.026343787088990211e-03,5.408452125266194344e-04,3.477447032928466797e+00
5.756153841502964497e-04,-1.167394337244331837e-03,4.867004172410815954e-04,3.482379198074340820e+00
5.835552583448588848e-04,-1.310251071117818356e-03,4.312259261496365070e-04,3.487392187118530273e+00
5.855009658262133598e-04,-1.460730447433888912e-03,4.279814602341502905e-04,3.492412090301513672e+00
5.874794442206621170e-04,-1.612899824976921082e-03,4.174436035100370646e-04,3.497519016265869141e+00
5.872295005246996880e-04,-1.769026392139494419e-03,4.216097877360880375e-04,3.502374172210693359e+00
6.116995937190949917e-04,-1.935822656378149986e-03,4.537491186056286097e-04,3.507451057434082031e+00
6.300468230620026588e-04,-2.106277039274573326e-03,5.000537494197487831e-04,3.512505054473876953e+00
6.539333262480795383e-04,-2.280911197885870934e-03,5.648720543831586838e-04,3.517530202865600586e+00
6.468318752013146877e-04,-2.440006239339709282e-03,5.897366791032254696e-04,3.522517204284667969e+00
6.502905744127929211e-04,-2.610007068142294884e-03,6.425717147067189217e-04,3.527669191360473633e+00
3.545400977600365877e-04,1.190051436424255371e-03,7.888726540841162205e-04,3.532503128051757812e+00
3.226936969440430403e-04,1.110133831389248371e-03,7.756496197544038296e-04,3.537519216537475586e+00
2.898345701396465302e-04,1.044859644025564194e-03,7.724981987848877907e-04,3.542493104934692383e+00
2.497780660632997751e-04,9.713032632134854794e-04,7.597171934321522713e-04,3.547522068023681641e+00
2.524375158827751875e-04,9.078188450075685978e-04,7.070790161378681660e-04,3.552757024765014648e+00
2.407370629953220487e-04,8.345056558027863503e-04,6.516356370411813259e-04,3.557500123977661133e+00
4.123177204746752977e-04,1.263342564925551414e-03,5.518490215763449669e-04,3.562745094299316406e+00
4.370884271338582039e-04,1.218515099026262760e-03,4.670726775657385588e-04,3.567529201507568359e+00
4.489854618441313505e-04,1.171429059468209743e-03,3.577999596018344164e-04,3.572626113891601562e+00
4.763439064845442772e-04,1.120977918617427349e-03,2.404144470347091556e-04,3.577938079833984375e+00
5.079140537418425083e-04,1.069118152372539043e-03,1.087957862182520330e-04,3.582672119140625000e+00
5.248867673799395561e-04,1.012358115985989571e-03,1.669465746090281755e-05,3.588095188140869141e+00
5.485769361257553101e-04,9.523689514026045799e-04,-1.006562742986716330e-04,3.592724084854125977e+00
3.378763503860682249e-04,1.283501042053103447e-03,4.228653851896524429e-04,3.597980022430419922e+00
3.023076278623193502e-04,1.242673257365822792e-03,4.127612628508359194e-04,3.602688074111938477e+00
2.772547595668584108e-04,1.192996045574545860e-03,3.757474478334188461e-04,3.607700109481811523e+00
2.451744803693145514e-04,1.141020446084439754e-03,3.479776787571609020e-04,3.612646102905273438e+00
2.329264243599027395e-04,1.080189249478280544e-03,3.106284129898995161e-04,3.617693185806274414e+00
2.098114491673186421e-04,1.018039998598396778e-03,2.856302598956972361e-04,3.622656106948852539e+00
1.873880246421322227e-04,9.528594673611223698e-04,2.637891448102891445e-04,3.628033161163330078e+00
1.690605422481894493e-04,8.853291510604321957e-04,2.258314780192449689e-04,3.632801055908203125e+00
1.508840068709105253e-04,8.136469987221062183e-04,1.942571834661066532e-04,3.637629032135009766e+00
1.343540061498060822e-04,7.387030054815113544e-04,1.609598984941840172e-04,3.642723083496093750e+00
1.194627402583137155e-04,6.602690555155277252e-04,1.272001100005581975e-04,3.647766113281250000e+00
8.357593469554558396e-05,5.783126689493656158e-04,7.501489744754508138e-05,3.652805089950561523e+00
5.660452370648272336e-05,4.920277860946953297e-04,3.048755024792626500e-05,3.657811164855957031e+00
1.821394835133105516e-04,1.179988496005535126e-03,4.357208672445267439e-04,3.662862062454223633e+00
1.646909222472459078e-04,1.128831412643194199e-03,3.740530519280582666e-04,3.667719125747680664e+00
1.419946929672732949e-04,1.073706313036382198e-03,3.188852861057966948e-04,3.672797203063964844e+00
1.175728393718600273e-04,1.014615991152822971e-03,2.533218939788639545e-04,3.677836179733276367e+00
9.638147457735612988e-05,9.484606562182307243e-04,1.696068939054384828e-04,3.682784080505371094e+00
7.284129969775676727e-05,8.809185237623751163e-04,8.115934906527400017e-05,3.687878131866455078e+00
4.902085856883786619e-05,8.112896466627717018e-04,-1.785170024959370494e-05,3.692826032638549805e+00
2.728767867665737867e-04,1.217301120050251484e-03,2.738138136919587851e-04,3.698057174682617188e+00
2.647788496688008308e-04,1.172482268884778023e-03,1.899779454106464982e-04,3.702851057052612305e+00
2.564213355071842670e-04,1.124730682931840420e-03,9.870606299955397844e-05,3.707868099212646484e+00
3.147760580759495497e-04,1.053330255672335625e-03,2.425759012112393975e-04,3.712889194488525391e+00
3.330027102492749691e-04,9.966696379706263542e-04,2.273045683978125453e-04,3.717910051345825195e+00
3.563091449905186892e-04,9.366968879476189613e-04,2.182401804020628333e-04,3.722779035568237305e+00
3.846556064672768116e-04,8.727025706321001053e-04,2.169652871089056134e-04,3.728085994720458984e+00
4.106696869712322950e-04,8.032854530028998852e-04,2.209119993494823575e-04,3.732904195785522461e+00
4.442904610186815262e-04,7.342515746131539345e-04,2.397999633103609085e-04,3.737897157669067383e+00
4.817438311874866486e-04,6.655843462795019150e-04,2.728340332396328449e-04,3.742956161499023438e+00
5.352706066332757473e-04,6.012779194861650467e-04,2.673674025572836399e-04,3.747900009155273438e+00
5.905363359488546848e-04,5.294752772897481918e-04,2.759319031611084938e-04,3.752855062484741211e+00
6.528435624204576015e-04,4.529461439233273268e-04,2.796048065647482872e-04,3.757903099060058594e+00
7.065317477099597454e-04,3.584595688153058290e-04,2.454201749060302973e-04,3.763368129730224609e+00
8.508201572112739086e-04,1.204248866997659206e-03,3.357270034030079842e-04,3.767837047576904297e+00
9.212967124767601490e-04,1.144397654570639133e-03,2.347645495319738984e-04,3.772941112518310547e+00
9.894924005493521690e-04,1.079789828509092331e-03,1.120877350331284106e-04,3.778202056884765625e+00
1.062177005223929882e-03,1.010684529319405556e-03,-2.222101102233864367e-05,3.783079147338867188e+00
1.136653241701424122e-03,9.363887365907430649e-04,-1.747233764035627246e-04,3.788225173950195312e+00
1.184126129373908043e-03,8.563147275708615780e-04,-3.284474369138479233e-04,3.793066024780273438e+00
1.237554010003805161e-03,7.723754970356822014e-04,-5.007275030948221684e-04,3.798198223114013672e+00
1.284622936509549618e-03,6.848385091871023178e-04,-6.829886115156114101e-04,3.803069114685058594e+00
1.328842830844223499e-03,5.978114204481244087e-04,-8.272502454929053783e-04,3.808122158050537109e+00
1.366142067126929760e-03,5.048857419751584530e-04,-9.921177988871932030e-04,3.813060998916625977e+00
1.398065011017024517e-03,4.092016897629946470e-04,-1.155373291112482548e-03,3.818035125732421875e+00
1.424605958163738251e-03,3.103613271377980709e-04,-1.318003516644239426e-03,3.823065996170043945e+00
1.445538946427404881e-03,2.043316635536029935e-04,-1.465738867409527302e-03,3.828336000442504883e+00
1.461227424442768097e-03,9.793932986212894320e-05,-1.615466084331274033e-03,3.833062171936035156e+00
1.471466617658734322e-03,-1.258616521226940677e-05,-1.755949342623353004e-03,3.837995052337646484e+00
1.472878735512495041e-03,-1.337202265858650208e-04,-1.940138521604239941e-03,3.843064069747924805e+00
1.469395239837467670e-03,-2.569876669440418482e-04,-2.114544389769434929e-03,3.848041057586669922e+00
1.459521474316716194e-03,-3.860740398522466421e-04,-2.299699233844876289e-03,3.853191137313842773e+00
1.446750480681657791e-03,-5.292738787829875946e-04,-2.554389880970120430e-03,3.858208179473876953e+00
1.427194685675203800e-03,-6.744040292687714100e-04,-2.809548750519752502e-03,3.863326072692871094e+00
1.402343041263520718e-03,-8.251273538917303085e-04,-3.089137375354766846e-03,3.868161201477050781e+00
1.388601958751678467e-03,-9.612844442017376423e-04,-3.415001789107918739e-03,3.873192071914672852e+00
1.367052434943616390e-03,-1.110247219912707806e-03,-3.766303183510899544e-03,3.878206014633178711e+00
1.344770542345941067e-03,-1.261928351595997810e-03,-4.150517750531435013e-03,3.883193016052246094e+00
1.366715761832892895e-03,-1.411090954206883907e-03,-4.609991330653429031e-03,3.888328075408935547e+00
1.381652546115219593e-03,-1.561450306326150894e-03,-5.095761734992265701e-03,3.893194198608398438e+00
1.408795360475778580e-03,-1.711818273179233074e-03,-5.627653095871210098e-03,3.898385047912597656e+00
1.448072958737611771e-03,-1.863124081864953041e-03,-6.203996017575263977e-03,3.903186082839965820e+00
1.513965311460196972e-03,-2.021088963374495506e-03,-6.779801100492477417e-03,3.908408164978027344e+00
1.587527687661349773e-03,-2.173254964873194695e-03,-7.412595674395561218e-03,3.913196086883544922e+00
1.676145591773092747e-03,-2.323890104889869690e-03,-8.077938109636306763e-03,3.918282985687255859e+00
1.841443707235157490e-03,-2.464148448780179024e-03,-8.573333732783794403e-03,3.923333168029785156e+00
1.358659588731825352e-03,1.592974178493022919e-03,6.634292076341807842e-04,3.928496122360229492e+00
1.613364554941654205e-03,1.585597638040781021e-03,5.643814220093190670e-04,3.933346033096313477e+00
1.760105602443218231e-03,1.549276406876742840e-03,8.266116492450237274e-04,3.938297986984252930e+00
1.992576289921998978e-03,1.521614496596157551e-03,9.757968946360051632e-04,3.943358182907104492e+00
2.234013751149177551e-03,1.486664172261953354e-03,1.199150225147604942e-03,3.948420047760009766e+00
2.444984856992959976e-03,1.422561472281813622e-03,1.480739563703536987e-03,3.953180074691772461e+00
2.670650370419025421e-03,1.358532812446355820e-03,1.842235797084867954e-03,3.958414077758789062e+00
2.006073249503970146e-03,8.563350420445203781e-04,1.688646967522799969e-03,3.963474988937377930e+00
2.093555405735969543e-03,7.661604322493076324e-04,1.849233405664563179e-03,3.968499183654785156e+00
2.196626039221882820e-03,6.631752476096153259e-04,2.183158649131655693e-03,3.973314046859741211e+00
2.287230221554636955e-03,5.548911867663264275e-04,2.533030230551958084e-03,3.978275060653686523e+00
2.334496239200234413e-03,4.484382807277143002e-04,2.712594345211982727e-03,3.983597993850708008e+00
2.373614581301808357e-03,3.356810775585472584e-04,2.939367434009909630e-03,3.988430023193359375e+00
2.391429385170340538e-03,2.201806782977655530e-04,3.129327204078435898e-03,3.993481159210205078e+00
1.940264017321169376e-03,6.826418102718889713e-04,1.546964747831225395e-03,3.998462200164794922e+00
1.929796417243778706e-03,6.016370025463402271e-04,1.369552919641137123e-03,4.003455162048339844e+00
1.876182970590889454e-03,5.086209275759756565e-04,1.213874085806310177e-03,4.008448123931884766e+00
1.808696193620562553e-03,4.150715540163218975e-04,1.002610893920063972e-03,4.013472080230712891e+00
1.748158480040729046e-03,3.153685538563877344e-04,7.848791428841650486e-04,4.018568992614746094e+00
1.670711091719567776e-03,2.146161568816751242e-04,5.056003574281930923e-04,4.023524045944213867e+00
1.585284015163779259e-03,1.116319763241335750e-04,1.861949131125584245e-04,4.028611183166503906e+00
1.509184949100017548e-03,-8.277934284706134349e-07,-6.804808094784675632e-07,4.033466100692749023e+00
1.422536792233586311e-03,-1.172458651126362383e-04,-2.529760240577161312e-04,4.038522005081176758e+00
1.332757063210010529e-03,-2.412031899439170957e-04,-4.983621765859425068e-04,4.043442010879516602e+00
1.264982507564127445e-03,-3.915092383977025747e-04,-5.746099050156772137e-04,4.048474073410034180e+00
1.190664363093674183e-03,-5.410508019849658012e-04,-6.639514467678964138e-04,4.053596019744873047e+00
1.120465691201388836e-03,-6.998718599788844585e-04,-6.964210770092904568e-04,4.058620214462280273e+00
2.045480534434318542e-03,1.038073329254984856e-03,2.410244895145297050e-03,4.063587188720703125e+00
2.052833558991551399e-03,9.690345032140612602e-04,2.662971848621964455e-03,4.068651199340820312e+00
2.063390333205461502e-03,8.991505019366741180e-04,2.952317474409937859e-03,4.073584079742431641e+00
2.076963195577263832e-03,8.270614198409020901e-04,3.280674573034048080e-03,4.078595161437988281e+00
2.094880212098360062e-03,7.463070796802639961e-04,3.426430048421025276e-03,4.083611011505126953e+00
2.115082927048206329e-03,6.613364093936979771e-04,3.686636220663785934e-03,4.088609218597412109e+00
2.138432813808321953e-03,5.722402711398899555e-04,3.948030527681112289e-03,4.093707084655761719e+00
2.260097535327076912e-03,6.101101171225309372e-04,1.885311678051948547e-03,4.098678112030029297e+00
2.310075331479310989e-03,5.400925874710083008e-04,1.783630461432039738e-03,4.103566169738769531e+00
2.366648288443684578e-03,4.701825964730232954e-04,1.640018541365861893e-03,4.108600139617919922e+00
2.356594195589423180e-03,3.957033623009920120e-04,1.349795027635991573e-03,4.113510131835937500e+00
2.380275866016745567e-03,3.206253459211438894e-04,1.060481881722807884e-03,4.118591070175170898e+00
2.398056443780660629e-03,2.432539622532203794e-04,7.113500614650547504e-04,4.123644113540649414e+00
2.404338214546442032e-03,1.511261361883953214e-04,4.035451565869152546e-04,4.128701210021972656e+00
2.631677314639091492e-03,9.786576265469193459e-04,1.068342942744493484e-03,4.133651018142700195e+00
2.631986746564507484e-03,9.399456903338432312e-04,7.494959281757473946e-04,4.138669013977050781e+00
2.607430797070264816e-03,8.943201391957700253e-04,6.739522796124219894e-04,4.143637180328369141e+00
2.581486944109201431e-03,8.495475631207227707e-04,4.757986462209373713e-04,4.148669004440307617e+00
2.544927177950739861e-03,8.012698381207883358e-04,2.986789622809737921e-04,4.153708219528198242e+00
2.497654641047120094e-03,7.496450562030076981e-04,1.455492165405303240e-04,4.159143209457397461e+00
2.528863260522484779e-03,6.699346704408526421e-04,2.165059268008917570e-04,4.164101123809814453e+00
2.387485932558774948e-03,8.429216686636209488e-04,2.531022531911730766e-03,4.168637990951538086e+00
2.391429152339696884e-03,7.623454439453780651e-04,2.817205386236310005e-03,4.173646211624145508e+00
2.409584587439894676e-03,7.106847479008138180e-04,2.981981495395302773e-03,4.178760051727294922e+00
2.431371016427874565e-03,6.385492160916328430e-04,3.283655736595392227e-03,4.183845996856689453e+00
2.460939576849341393e-03,5.651738028973340988e-04,3.619919531047344208e-03,4.188851118087768555e+00
2.499847905710339546e-03,4.833534185308963060e-04,3.805695567280054092e-03,4.193842172622680664e+00
2.546181902289390564e-03,3.991845296695828438e-04,4.053213167935609818e-03,4.198817014694213867e+00
2.600617241114377975e-03,3.094020939897745848e-04,4.282712936401367188e-03,4.203797101974487305e+00
2.682899124920368195e-03,2.145513426512479782e-04,4.429347813129425049e-03,4.208829164505004883e+00
2.770703751593828201e-03,1.178391248686239123e-04,4.565068054944276810e-03,4.213798999786376953e+00
2.872440032660961151e-03,1.920027716550976038e-05,4.663624335080385208e-03,4.218818187713623047e+00
2.913534874096512794e-03,-7.765434565953910351e-05,4.727424588054418564e-03,4.223800182342529297e+00
2.979024313390254974e-03,-1.808602828532457352e-04,4.754306748509407043e-03,4.229077100753784180e+00
3.036925802007317543e-03,-2.876720391213893890e-04,4.746474325656890869e-03,4.233806133270263672e+00
3.070495557039976120e-03,-3.988554526586085558e-04,4.827058874070644379e-03,4.238815069198608398e+00
3.099116962403059006e-03,-5.127622862346470356e-04,4.850375000387430191e-03,4.243797063827514648e+00
3.115490311756730080e-03,-6.312916520982980728e-04,4.870242904871702194e-03,4.248831033706665039e+00
3.119678702205419540e-03,-7.535460754297673702e-04,4.885691683739423752e-03,4.253923177719116211e+00
3.122313879430294037e-03,-8.743668440729379654e-04,5.143032874912023544e-03,4.258954048156738281e+00
2.906834008172154427e-03,1.048596459440886974e-03,2.710901899263262749e-03,4.264103174209594727e+00
2.839941298589110374e-03,1.024154247716069221e-03,2.859404776245355606e-03,4.268887042999267578e+00
2.786234952509403229e-03,9.856541873887181282e-04,2.976543968543410301e-03,4.273955106735229492e+00
2.713155001401901245e-03,9.491448872722685337e-04,3.162396373227238655e-03,4.278952121734619141e+00
2.633770229294896126e-03,9.082831675186753273e-04,3.374027088284492493e-03,4.283970117568969727e+00
2.602700144052505493e-03,8.633585530333220959e-04,3.469741437584161758e-03,4.289146184921264648e+00
2.640778198838233948e-03,5.939298425801098347e-04,2.455011941492557526e-03,4.293992996215820312e+00
2.620727755129337311e-03,5.270029651001095772e-04,2.473233500495553017e-03,4.299312114715576172e+00
2.635149518027901649e-03,4.596543731167912483e-04,2.365049207583069801e-03,4.304008007049560547e+00
2.649798523634672165e-03,3.854481328744441271e-04,2.292518969625234604e-03,4.308979988098144531e+00
2.678243210539221764e-03,3.098170855082571507e-04,2.191869076341390610e-03,4.313941001892089844e+00
2.656057011336088181e-03,2.508642792236059904e-04,2.077244687825441360e-03,4.318975210189819336e+00
2.833291422575712204e-03,8.955791709013283253e-04,2.018901286646723747e-03,4.323980093002319336e+00
2.826708136126399040e-03,8.708616951480507851e-04,1.842094585299491882e-03,4.329260110855102539e+00
2.815450076013803482e-03,8.471192559227347374e-04,1.638940419070422649e-03,4.334082126617431641e+00
2.724993275478482246e-03,7.797681610099971294e-04,1.703888294287025928e-03,4.338982105255126953e+00
2.662511076778173447e-03,7.300814031623303890e-04,1.612028921954333782e-03,4.344121217727661133e+00
2.584940521046519279e-03,6.722746766172349453e-04,1.531923539005219936e-03,4.349121093750000000e+00
2.183334901928901672e-03,1.053210115060210228e-03,2.142048208042979240e-03,4.354068040847778320e+00
2.046502893790602684e-03,1.000912161543965340e-03,2.162502612918615341e-03,4.359109163284301758e+00
1.894539804197847843e-03,9.422040311619639397e-04,2.197841182351112366e-03,4.364242076873779297e+00
1.797175966203212738e-03,8.938857354223728180e-04,2.958447439596056938e-03,4.369110107421875000e+00
1.640697126276791096e-03,8.214489789679646492e-04,3.300209995359182358e-03,4.374070167541503906e+00
1.545945415273308754e-03,8.792568696662783623e-04,2.411742927506566048e-03,4.379110097885131836e+00
1.389803597703576088e-03,8.169321226887404919e-04,2.660945057868957520e-03,4.384122133255004883e+00
1.219367142766714096e-03,7.508620037697255611e-04,3.014765679836273193e-03,4.389310121536254883e+00
1.040945295244455338e-03,6.811788189224898815e-04,3.409023629501461983e-03,4.394264221191406250e+00
9.651424479670822620e-04,6.096492288634181023e-04,3.724860958755016327e-03,4.399241209030151367e+00
8.654223638586699963e-04,5.308644031174480915e-04,4.099243320524692535e-03,4.404944181442260742e+00
7.892429712228477001e-04,4.467074759304523468e-04,4.480781964957714081e-03,4.411123037338256836e+00
6.750262691639363766e-04,3.585692611522972584e-04,4.761465359479188919e-03,4.414216995239257812e+00
2.132828813046216965e-03,9.296208736486732960e-04,3.115223022177815437e-03,4.419234037399291992e+00
2.244969364255666733e-03,8.682777406647801399e-04,3.325190627947449684e-03,4.424236059188842773e+00
2.380612771958112717e-03,8.011333993636071682e-04,3.541619051247835159e-03,4.429388999938964844e+00
2.291495911777019501e-03,7.866052910685539246e-04,3.270062385126948357e-03,4.434283018112182617e+00
2.384040039032697678e-03,7.189649040810763836e-04,3.314982401207089424e-03,4.439267158508300781e+00
2.484071766957640648e-03,6.532775587402284145e-04,3.328474937006831169e-03,4.444278001785278320e+00
2.559766173362731934e-03,5.875444621779024601e-04,3.351962426677346230e-03,4.449295997619628906e+00
2.419376047328114510e-03,1.230204012244939804e-03,2.467346843332052231e-03,4.454248189926147461e+00
2.459187526255846024e-03,1.198997022584080696e-03,2.391941146925091743e-03,4.459226131439208984e+00
2.546664793044328690e-03,1.163954380899667740e-03,2.418196527287364006e-03,4.464354038238525391e+00
2.614381490275263786e-03,1.124654896557331085e-03,2.382543636485934258e-03,4.469211101531982422e+00
2.688913140445947647e-03,1.081118825823068619e-03,2.350025111809372902e-03,4.474195003509521484e+00
2.710874658077955246e-03,1.028042635880410671e-03,2.310762880370020866e-03,4.479494094848632812e+00
2.489406149834394455e-03,1.121186884120106697e-03,2.420072443783283234e-03,4.484405040740966797e+00
2.485233824700117111e-03,1.069721067324280739e-03,2.424077829346060753e-03,4.489355087280273438e+00
2.473134780302643776e-03,1.020719762891530991e-03,2.371019218116998672e-03,4.494384050369262695e+00
2.449997933581471443e-03,9.626514511182904243e-04,2.341242739930748940e-03,4.499444007873535156e+00
2.417019568383693695e-03,8.997771656140685081e-04,2.303531859070062637e-03,4.504334211349487305e+00
2.374215051531791687e-03,8.307404932565987110e-04,2.258131280541419983e-03,4.509316205978393555e+00
2.356631914153695107e-03,7.571476744487881660e-04,2.116207964718341827e-03,4.514334201812744141e+00
2.202382544055581093e-03,1.051769824698567390e-03,2.130923792719841003e-03,4.519342184066772461e+00
2.160734497010707855e-03,9.887504857033491135e-04,1.982085173949599266e-03,4.524387121200561523e+00
2.212875289842486382e-03,9.200033964589238167e-04,1.771315583027899265e-03,4.529540061950683594e+00
2.222735434770584106e-03,8.447132422588765621e-04,1.551956753246486187e-03,4.534316062927246094e+00
2.244585426524281502e-03,7.629243191331624985e-04,1.301087439060211182e-03,4.539314031600952148e+00
2.308098599314689636e-03,6.963841151446104050e-04,1.023664954118430614e-03,4.544391155242919922e+00
2.379373647272586823e-03,6.202768418006598949e-04,7.164929411374032497e-04,4.549336194992065430e+00
2.872871235013008118e-03,1.040731673128902912e-03,2.066772198304533958e-03,4.554446220397949219e+00
2.845184179022908211e-03,9.942678734660148621e-04,1.880813739262521267e-03,4.559477090835571289e+00
2.899251878261566162e-03,9.554223506711423397e-04,1.645579934120178223e-03,4.564460039138793945e+00
2.941895974799990654e-03,9.129343670792877674e-04,1.389786484651267529e-03,4.569457054138183594e+00
2.926531014963984489e-03,8.726828382350504398e-04,1.207993365824222565e-03,4.574411153793334961e+00
2.906396053731441498e-03,8.287609671242535114e-04,9.928074432536959648e-04,4.582183122634887695e+00
2.861498389393091202e-03,7.828882080502808094e-04,7.846232037991285324e-04,4.584448099136352539e+00
1.738157938234508038e-03,9.590871632099151611e-04,1.939094392582774162e-03,4.589509010314941406e+00
1.574824098497629166e-03,9.526668000034987926e-04,2.013065852224826813e-03,4.594511032104492188e+00
1.377148553729057312e-03,9.335292270407080650e-04,2.027958165854215622e-03,4.599904060363769531e+00
1.157641876488924026e-03,9.146382799372076988e-04,2.069562673568725586e-03,4.604365110397338867e+00
1.005056547001004219e-03,8.797033806331455708e-04,2.144713187590241432e-03,4.609513998031616211e+00
8.177469717338681221e-04,8.487487793900072575e-04,2.247561234980821609e-03,4.614383220672607422e+00
6.339069223031401634e-04,8.115714881569147110e-04,2.381181810051202774e-03,4.619551181793212891e+00
9.799455292522907257e-04,1.042131800204515457e-03,2.072362927719950676e-03,4.624514102935791016e+00
8.670103852637112141e-04,1.012166263535618782e-03,2.244402887299656868e-03,4.629694223403930664e+00
7.578042568638920784e-04,9.798085084185004234e-04,2.448524348437786102e-03,4.634508132934570312e+00
7.852237322367727757e-04,9.139690082520246506e-04,2.522822702303528786e-03,4.639699220657348633e+00
7.347264909185469151e-04,8.607408381067216396e-04,2.727238927036523819e-03,4.644561052322387695e+00
6.976973963901400566e-04,8.023107657209038734e-04,2.954857656732201576e-03,4.649554014205932617e+00
6.263669929467141628e-04,7.410674588754773140e-04,3.141294931992888451e-03,4.654502153396606445e+00
1.628105528652667999e-03,8.885659626685082912e-04,2.067823195829987526e-03,4.659541130065917969e+00
1.640826230868697166e-03,8.248816593550145626e-04,2.164932666346430779e-03,4.664620161056518555e+00
1.599479932337999344e-03,7.714126841165125370e-04,2.241019159555435181e-03,4.669509172439575195e+00
1.575561356730759144e-03,7.095447508618235588e-04,2.330667804926633835e-03,4.674530029296875000e+00
1.541129662655293941e-03,6.466390332207083702e-04,2.421088051050901413e-03,4.679538011550903320e+00
1.496175071224570274e-03,5.820816732011735439e-04,2.510540420189499855e-03,4.684658050537109375e+00
1.437416533008217812e-03,1.363611780107021332e-03,1.874607754871249199e-03,4.689690113067626953e+00
1.362824463285505772e-03,1.359012094326317310e-03,1.875432091765105724e-03,4.694773197174072266e+00
1.277958392165601254e-03,1.352901686914265156e-03,1.871329615823924541e-03,4.699804067611694336e+00
1.342965988442301750e-03,1.316362875513732433e-03,2.210528356954455376e-03,4.704674005508422852e+00
1.296301605179905891e-03,1.295568072237074375e-03,2.325723879039287567e-03,4.709679126739501953e+00
1.250014873221516609e-03,1.271239365451037884e-03,2.460223855450749397e-03,4.714671134948730469e+00
1.215675380080938339e-03,1.596224028617143631e-03,2.060710918158292770e-03,4.719696998596191406e+00
1.172970980405807495e-03,1.575139467604458332e-03,2.218985464423894882e-03,4.724652051925659180e+00
1.133323065005242825e-03,1.546961721032857895e-03,2.401095815002918243e-03,4.729939222335815430e+00
1.141153275966644287e-03,1.516533549875020981e-03,2.608657814562320709e-03,4.734608173370361328e+00
1.145772286690771580e-03,1.478410093113780022e-03,2.840482397004961967e-03,4.739668130874633789e+00
1.166160102002322674e-03,1.434495439752936363e-03,3.096007974818348885e-03,4.744612216949462891e+00
1.688270247541368008e-03,1.474935794249176979e-03,1.810393529012799263e-03,4.749621152877807617e+00
1.738148275762796402e-03,1.438710722140967846e-03,1.967408694326877594e-03,4.754777193069458008e+00
1.789630274288356304e-03,1.400964451022446156e-03,2.137857256457209587e-03,4.759793043136596680e+00
1.842698431573808193e-03,1.362234703265130520e-03,2.321238629519939423e-03,4.764784097671508789e+00
1.915525994263589382e-03,1.311273779720067978e-03,2.448333427309989929e-03,4.769841194152832031e+00
1.984040718525648117e-03,1.259329845197498798e-03,2.612350974231958389e-03,4.774783134460449219e+00
2.024792600423097610e-03,1.682309433817863464e-03,1.986393006518483162e-03,4.779819011688232422e+00
2.053075935691595078e-03,1.661644433625042439e-03,2.021025400608778000e-03,4.784790039062500000e+00
2.105499617755413055e-03,1.637904671952128410e-03,2.080829581245779991e-03,4.789813041687011719e+00
2.155875088647007942e-03,1.610903069376945496e-03,2.134765265509486198e-03,4.795073986053466797e+00
2.180229872465133667e-03,1.571747940033674240e-03,2.174345776438713074e-03,4.799811124801635742e+00
2.206046599894762039e-03,1.531662535853683949e-03,2.204255899414420128e-03,4.804846048355102539e+00
2.223010407760739326e-03,1.486788736656308174e-03,2.221382223069667816e-03,4.809808015823364258e+00
1.899113995023071766e-03,1.691060024313628674e-03,1.719242660328745842e-03,4.814846992492675781e+00
1.866732840426266193e-03,1.662718597799539566e-03,1.668486627750098705e-03,4.820028066635131836e+00
1.826129388064146042e-03,1.632074359804391861e-03,1.606269972398877144e-03,4.824946165084838867e+00
1.812270260415971279e-03,1.589994062669575214e-03,1.559433294460177422e-03,4.830084085464477539e+00
1.785254688002169132e-03,1.547535764984786510e-03,1.495328731834888458e-03,4.834916114807128906e+00
1.759999897330999374e-03,1.500669750384986401e-03,1.427288400009274483e-03,4.840020179748535156e+00
2.119484124705195427e-03,1.807745196856558323e-03,1.700296881608664989e-03,4.845016002655029297e+00
2.160324715077877045e-03,1.774319680407643318e-03,1.657760352827608585e-03,4.849913120269775391e+00
2.211577957496047020e-03,1.734942663460969925e-03,1.611854881048202515e-03,4.854867219924926758e+00
2.273722551763057709e-03,1.694346428848803043e-03,1.559800934046506882e-03,4.859972000122070312e+00
2.344099804759025574e-03,1.644409610889852047e-03,1.492180279456079006e-03,4.864989995956420898e+00
2.425970043987035751e-03,1.595223322510719299e-03,1.424750429578125477e-03,4.869932174682617188e+00
2.517853863537311554e-03,1.541139441542327404e-03,1.356190652586519718e-03,4.874897003173828125e+00
2.474491950124502182e-03,1.914974069222807884e-03,1.867206185124814510e-03,4.879970073699951172e+00
2.546580974012613297e-03,1.878742477856576443e-03,1.818517805077135563e-03,4.884998083114624023e+00
2.622490050271153450e-03,1.838230295106768608e-03,1.762494095601141453e-03,4.890192985534667969e+00
2.694502705708146095e-03,1.804077299311757088e-03,1.728043658658862114e-03,4.895150184631347656e+00
2.773058833554387093e-03,1.760357758030295372e-03,1.675592036917805672e-03,4.900052070617675781e+00
2.854041289538145065e-03,1.713653095066547394e-03,1.623076153919100761e-03,4.904996156692504883e+00
2.895544283092021942e-03,1.671480014920234680e-03,1.563969999551773071e-03,4.909913063049316406e+00
2.389613771811127663e-03,2.016380196437239647e-03,1.838025753386318684e-03,4.914979219436645508e+00
2.376471413299441338e-03,2.000804292038083076e-03,1.788162160664796829e-03,4.920050144195556641e+00
2.298350445926189423e-03,1.970855053514242172e-03,1.693435944616794586e-03,4.924988985061645508e+00
2.228839555755257607e-03,1.943263341672718525e-03,1.604024204425513744e-03,4.930140018463134766e+00
2.139095449820160866e-03,1.910350169055163860e-03,1.501608639955520630e-03,4.934988021850585938e+00
2.028940711170434952e-03,1.873688655905425549e-03,1.384499366395175457e-03,4.940046072006225586e+00
2.064650412648916245e-03,2.077951794490218163e-03,2.008851151913404465e-03,4.945067167282104492e+00
2.001184504479169846e-03,2.071637893095612526e-03,1.916127745062112808e-03,4.950082063674926758e+00
1.928721903823316097e-03,2.062974264845252037e-03,1.801420934498310089e-03,4.955184221267700195e+00
1.855270238593220711e-03,2.030509989708662033e-03,1.650772290304303169e-03,4.960119009017944336e+00
1.769667025655508041e-03,2.004468580707907677e-03,1.481660874560475349e-03,4.965171098709106445e+00
1.676297746598720551e-03,1.972955884411931038e-03,1.287284307181835175e-03,4.970797061920166016e+00
1.592381158843636513e-03,1.943084294907748699e-03,1.092050806619226933e-03,4.976608991622924805e+00
1.659366884268820286e-03,1.934950356371700764e-03,1.477478770539164543e-03,4.980094194412231445e+00
1.586127211339771748e-03,1.905749086290597916e-03,1.303724129684269428e-03,4.985112190246582031e+00
1.562413293868303299e-03,1.865401980467140675e-03,1.152529963292181492e-03,4.990006208419799805e+00
1.517693279311060905e-03,1.823590020649135113e-03,9.692501043900847435e-04,4.995458126068115234e+00
1.479693921282887459e-03,1.776945311576128006e-03,7.763617904856801033e-04,5.000265121459960938e+00
1.473354059271514416e-03,1.716881641186773777e-03,5.799439968541264534e-04,5.005100011825561523e+00
1.470128423534333706e-03,1.652189763262867928e-03,3.703591646626591682e-04,5.010227203369140625e+00
2.013709861785173416e-03,1.808597007766366005e-03,1.241178484633564949e-03,5.015100002288818359e+00
2.082536229863762856e-03,1.742745749652385712e-03,1.100169494748115540e-03,5.020296096801757812e+00
2.168923849239945412e-03,1.669861841946840286e-03,8.911060285754501820e-04,5.025211095809936523e+00
2.267954638227820396e-03,1.586940023116767406e-03,6.975096184760332108e-04,5.030364036560058594e+00
2.381132449954748154e-03,1.496059237979352474e-03,4.854389990214258432e-04,5.035186052322387695e+00
2.416897797957062721e-03,1.433644443750381470e-03,2.135799877578392625e-04,5.040296077728271484e+00
1.895974855870008469e-03,1.949459197930991650e-03,1.328416634351015091e-03,5.045208215713500977e+00
1.865705475211143494e-03,1.940784393809735775e-03,1.131359371356666088e-03,5.050211191177368164e+00
1.730133546516299248e-03,1.894977991469204426e-03,8.966669556684792042e-04,5.055208206176757812e+00
1.618941314518451691e-03,1.869369298219680786e-03,6.338017992675304413e-04,5.060284137725830078e+00
1.480405102483928204e-03,1.840108656324446201e-03,3.378372348379343748e-04,5.065203189849853516e+00
1.436863909475505352e-03,1.818833756260573864e-03,7.208706665551289916e-05,5.070316076278686523e+00
1.348512480035424232e-03,1.791862887330353260e-03,-2.325240202480927110e-04,5.075280189514160156e+00
1.632638624869287014e-03,2.038156613707542419e-03,1.355500309728085995e-03,5.080299139022827148e+00
1.664879964664578438e-03,2.031232463195919991e-03,1.350041246041655540e-03,5.085293054580688477e+00
1.696343882940709591e-03,2.026614500209689140e-03,1.291866181418299675e-03,5.090322017669677734e+00
1.740367501042783260e-03,2.019575564190745354e-03,1.241018297150731087e-03,5.095594167709350586e+00
1.785961096175014973e-03,1.990149030461907387e-03,1.282001729123294353e-03,5.100349187850952148e+00
1.845445716753602028e-03,1.963763963431119919e-03,1.319180126301944256e-03,5.105415105819702148e+00
1.124510308727622032e-03,1.796444063074886799e-03,7.705172756686806679e-04,5.110349178314208984e+00
1.118995132856070995e-03,1.727955765090882778e-03,8.263381314463913441e-04,5.115417003631591797e+00
1.057003042660653591e-03,1.678791712038218975e-03,9.737981599755585194e-04,5.120480060577392578e+00
1.032706466503441334e-03,1.613744883798062801e-03,1.128885312937200069e-03,5.125515222549438477e+00
1.007091370411217213e-03,1.546821906231343746e-03,1.326917088590562344e-03,5.130467176437377930e+00
9.610073757357895374e-04,1.471201772801578045e-03,1.525194151327013969e-03,5.135269165039062500e+00
9.164904477074742317e-04,1.394418766722083092e-03,1.770314294844865799e-03,5.140485048294067383e+00
1.190842129290103912e-03,1.712198834866285324e-03,9.323250851593911648e-04,5.145359039306640625e+00
1.221760874614119530e-03,1.676587155088782310e-03,1.056020497344434261e-03,5.150593042373657227e+00
1.220541656948626041e-03,1.628838945180177689e-03,1.223848201334476471e-03,5.155364990234375000e+00
1.225654035806655884e-03,1.579570467583835125e-03,1.406421884894371033e-03,5.160953044891357422e+00
1.214538468047976494e-03,1.517836935818195343e-03,1.575399306602776051e-03,5.165527105331420898e+00
1.213036593981087208e-03,1.456081052310764790e-03,1.770365983247756958e-03,5.170636177062988281e+00
1.211476279422640800e-03,1.390066929161548615e-03,1.977650448679924011e-03,5.175490140914916992e+00
1.164226676337420940e-03,1.827060012146830559e-03,1.431085402145981789e-03,5.180642127990722656e+00
1.133519806899130344e-03,1.795821008272469044e-03,1.593421446159482002e-03,5.185486078262329102e+00
1.096618128940463066e-03,1.763003412634134293e-03,1.770108239725232124e-03,5.190626144409179688e+00
1.053392654284834862e-03,1.728507806546986103e-03,1.955073559656739235e-03,5.195726156234741211e+00
1.057765679433941841e-03,1.666805823333561420e-03,2.114168601110577583e-03,5.200741052627563477e+00
1.038474729284644127e-03,1.613317057490348816e-03,2.294392557814717293e-03,5.205459117889404297e+00
9.632506989873945713e-04,1.852886634878814220e-03,1.515968120656907558e-03,5.210618019104003906e+00
9.839937556535005569e-04,1.827550353482365608e-03,1.587202772498130798e-03,5.215484142303466797e+00
9.970656828954815865e-04,1.786534325219690800e-03,1.669601304456591606e-03,5.220552206039428711e+00
1.018913812004029751e-03,1.741012907586991787e-03,1.750328927300870419e-03,5.225540161132812500e+00
1.042393851093947887e-03,1.688250922597944736e-03,1.846833154559135437e-03,5.230760097503662109e+00
1.075439155101776123e-03,1.633716048672795296e-03,1.939481706358492374e-03,5.235615015029907227e+00
1.115074963308870792e-03,1.575498259626328945e-03,2.035278594121336937e-03,5.240761995315551758e+00
1.196418656036257744e-03,1.935331616550683975e-03,1.146157039329409599e-03,5.245603084564208984e+00
1.246047671884298325e-03,1.913684885948896408e-03,1.188884722068905830e-03,5.250766992568969727e+00
1.302381162531673908e-03,1.889168052002787590e-03,1.236463664099574089e-03,5.255629062652587891e+00
1.316029462032020092e-03,1.853748457506299019e-03,1.293275039643049240e-03,5.261031150817871094e+00
1.366078387945890427e-03,1.821344718337059021e-03,1.350248698145151138e-03,5.265657186508178711e+00
1.419007428921759129e-03,1.786685665138065815e-03,1.412136130966246128e-03,5.270754098892211914e+00
1.461302046664059162e-03,1.751231146045029163e-03,1.443863497115671635e-03,5.275734186172485352e+00
8.661950705572962761e-04,1.754054217599332333e-03,8.197183487936854362e-04,5.280760049819946289e+00
8.604704053141176701e-04,1.719152322039008141e-03,8.100891136564314365e-04,5.285590171813964844e+00
8.537041721865534782e-04,1.679970067925751209e-03,7.952996529638767242e-04,5.290751218795776367e+00
7.966531557030975819e-04,1.633384032174944878e-03,7.958614150993525982e-04,5.296045064926147461e+00
7.593761547468602657e-04,1.587153528816998005e-03,7.838428718969225883e-04,5.300907135009765625e+00
7.136907079257071018e-04,1.537068863399326801e-03,7.676830282434821129e-04,5.305649042129516602e+00
7.194182253442704678e-04,1.740271109156310558e-03,6.560665206052362919e-04,5.310800075531005859e+00
6.513714324682950974e-04,1.714615151286125183e-03,7.036853930912911892e-04,5.315720081329345703e+00
5.725394003093242645e-04,1.686042989604175091e-03,7.646770100109279156e-04,5.320875167846679688e+00
5.107535980641841888e-04,1.648749341256916523e-03,9.031576919369399548e-04,5.325702190399169922e+00
4.283444723114371300e-04,1.611301908269524574e-03,1.035328488796949387e-03,5.330996036529541016e+00
3.401427238713949919e-04,1.569933956488966942e-03,1.194224110804498196e-03,5.335727214813232422e+00
2.680342586245387793e-04,1.517951022833585739e-03,1.417101360857486725e-03,5.340835094451904297e+00
7.385734934359788895e-04,1.627678866498172283e-03,4.063776868861168623e-04,5.345723152160644531e+00
7.179980748333036900e-04,1.590427942574024200e-03,5.516997771337628365e-04,5.350841045379638672e+00
7.063795928843319416e-04,1.564717735163867474e-03,6.798090762458741665e-04,5.355715036392211914e+00
6.933010299690067768e-04,1.533159636892378330e-03,8.598774438723921776e-04,5.361101150512695312e+00
6.830429192632436752e-04,1.505174906924366951e-03,1.065236749127507210e-03,5.365869045257568359e+00
6.746565341018140316e-04,1.477154553867876530e-03,1.296998350881040096e-03,5.374754190444946289e+00
6.486257188953459263e-04,1.422524917870759964e-03,1.450465293601155281e-03,5.375916004180908203e+00
8.641073945909738541e-04,1.656892360188066959e-03,7.106883567757904530e-04,5.381020069122314453e+00
8.622292079962790012e-04,1.631256658583879471e-03,8.221447933465242386e-04,5.385992050170898438e+00
8.838649955578148365e-04,1.602395670488476753e-03,8.522302960045635700e-04,5.390974044799804688e+00
8.941384730860590935e-04,1.570949563756585121e-03,9.249538416042923927e-04,5.396119117736816406e+00
9.067183127626776695e-04,1.536496449261903763e-03,9.907316416501998901e-04,5.400883197784423828e+00
9.077325230464339256e-04,1.496574259363114834e-03,1.019478775560855865e-03,5.405815124511718750e+00
7.085647666826844215e-04,1.504881307482719421e-03,6.379150436259806156e-04,5.410869121551513672e+00
6.986884400248527527e-04,1.469257753342390060e-03,6.065601482987403870e-04,5.415817022323608398e+00
6.284370319917798042e-04,1.426493050530552864e-03,5.291312118060886860e-04,5.420863151550292969e+00
5.770873394794762135e-04,1.381762791424989700e-03,4.508981364779174328e-04,5.425929069519042969e+00
5.132431397214531898e-04,1.331808394752442837e-03,3.536283329594880342e-04,5.431121110916137695e+00
4.431400448083877563e-04,1.291087130084633827e-03,2.747104153968393803e-04,5.435964107513427734e+00
3.598638577386736870e-04,1.242517959326505661e-03,1.685053284745663404e-04,5.440962076187133789e+00
4.627208691090345383e-04,1.428832300007343292e-03,3.503728657960891724e-04,5.445805072784423828e+00
4.044656525366008282e-04,1.395876053720712662e-03,2.756558242253959179e-04,5.451193094253540039e+00
3.285428683739155531e-04,1.364530064165592194e-03,1.851870183600112796e-04,5.456031084060668945e+00
2.463161363266408443e-04,1.329064136371016502e-03,8.754218288231641054e-05,5.461172103881835938e+00
1.576870999997481704e-04,1.289658597670495510e-03,-2.027447771979495883e-05,5.466045141220092773e+00
9.547155787004157901e-05,1.257884199731051922e-03,-1.751568634063005447e-04,5.471091985702514648e+00
1.635434637137223035e-05,1.219495083205401897e-03,-3.282185352873057127e-04,5.476117134094238281e+00
7.252637296915054321e-04,1.589142833836376667e-03,2.025552676059305668e-04,5.481020212173461914e+00
7.359424489550292492e-04,1.557741896249353886e-03,7.411590195260941982e-05,5.486620187759399414e+00
7.367691723629832268e-04,1.529340981505811214e-03,-6.907392526045441628e-05,5.491023063659667969e+00
7.419181056320667267e-04,1.496387645602226257e-03,-2.279568288940936327e-04,5.496690034866333008e+00
7.784139597788453102e-04,1.456938683986663818e-03,-3.566169762052595615e-04,5.501000165939331055e+00
8.153485250659286976e-04,1.412786426953971386e-03,-5.076476372778415680e-04,5.506113052368164062e+00
1.078991917893290520e-03,1.569657237268984318e-03,1.650310005061328411e-04,5.511002063751220703e+00
1.193955191411077976e-03,1.533136004582047462e-03,1.855258014984428883e-04,5.515980005264282227e+00
1.309819635935127735e-03,1.488762442022562027e-03,1.674677187111228704e-04,5.521162986755371094e+00
1.444075023755431175e-03,1.438272884115576744e-03,1.659852423472329974e-04,5.526115179061889648e+00
1.562762190587818623e-03,1.381259295158088207e-03,1.935927866725251079e-04,5.531125068664550781e+00
1.704692607745528221e-03,1.321909716352820396e-03,2.345251414226368070e-04,5.536109209060668945e+00
1.855261623859405518e-03,1.260460820049047470e-03,2.950041671283543110e-04,5.541169166564941406e+00
7.980352384038269520e-04,1.121161621995270252e-03,3.053067484870553017e-04,5.546236991882324219e+00
8.114670054055750370e-04,1.064525451511144638e-03,3.329080354887992144e-04,5.551192045211791992e+00
8.576282998546957970e-04,9.980958420783281326e-04,4.104371764697134495e-04,5.556333065032958984e+00
9.041386074386537075e-04,9.265777771361172199e-04,4.978787619620561600e-04,5.561429023742675781e+00
9.185341768898069859e-04,8.474424830637872219e-04,5.542629514820873737e-04,5.566721200942993164e+00
9.379230905324220657e-04,7.660254486836493015e-04,6.260890513658523560e-04,5.571123123168945312e+00
4.770383238792419434e-04,1.168175949715077877e-03,4.776527930516749620e-04,5.576275110244750977e+00
4.524439864326268435e-04,1.136821345426142216e-03,4.610588075593113899e-04,5.581176042556762695e+00
4.113900067750364542e-04,1.097824191674590111e-03,4.617777885869145393e-04,5.586697101593017578e+00
3.648685815278440714e-04,1.056332839652895927e-03,4.530759179033339024e-04,5.591174125671386719e+00
3.006054030265659094e-04,1.004533260129392147e-03,4.259206471033394337e-04,5.596638202667236328e+00
2.325694804312661290e-04,9.521350730210542679e-04,3.865088219754397869e-04,5.601297140121459961e+00
1.554120972286909819e-04,8.944078581407666206e-04,3.322952252347022295e-04,5.606752157211303711e+00
2.836479106917977333e-04,1.135104568675160408e-03,3.616421599872410297e-04,5.611309051513671875e+00
2.246472868137061596e-04,1.109877601265907288e-03,3.429445787332952023e-04,5.616813182830810547e+00
1.624492433620616794e-04,1.086776843294501305e-03,3.281774988863617182e-04,5.621287107467651367e+00
9.635240712668746710e-05,1.060888636857271194e-03,3.160508058499544859e-04,5.626751184463500977e+00
3.048845610464923084e-05,1.013093977235257626e-03,3.585826198104768991e-04,5.631445169448852539e+00
-4.041901047457940876e-05,9.686482953839004040e-04,3.929994709324091673e-04,5.636656999588012695e+00
-1.141477332566864789e-04,9.180353954434394836e-04,4.436645249370485544e-04,5.641278028488159180e+00
1.606139703653752804e-04,1.010205247439444065e-03,3.675806510727852583e-04,5.646872043609619141e+00
1.071811129804700613e-04,9.600124321877956390e-04,4.262497823219746351e-04,5.651329994201660156e+00
5.103760850033722818e-05,9.051835513673722744e-04,4.957408527843654156e-04,5.657215118408203125e+00
6.700197991449385881e-05,8.589122444391250610e-04,3.020689473487436771e-04,5.661612033843994141e+00
3.291313987574540079e-05,7.913142908364534378e-04,3.001987934112548828e-04,5.666813135147094727e+00
1.180025719804689288e-06,7.153555634431540966e-04,2.952371723949909210e-04,5.671510219573974609e+00
-4.527679266175255179e-05,6.284651462920010090e-04,2.786384720820933580e-04,5.676607131958007812e+00
2.953966904897242785e-04,1.082865521311759949e-03,1.169078750535845757e-04,5.681552171707153320e+00
2.768923586700111628e-04,1.049813232384622097e-03,4.786837962456047535e-05,5.686607122421264648e+00
2.714858565013855696e-04,1.016270369291305542e-03,-9.644274541642516851e-06,5.691500186920166016e+00
2.587184426374733448e-04,9.780826512724161148e-04,-8.107983012450858951e-05,5.696819067001342773e+00
2.465491998009383678e-04,9.357109083794057369e-04,-1.576664799358695745e-04,5.701488018035888672e+00
2.568791678640991449e-04,8.882839465513825417e-04,-2.226639480795711279e-04,5.706914186477661133e+00
3.216299810446798801e-04,1.066941418685019016e-03,-8.667361726111266762e-06,5.711290121078491211e+00
3.421912842895835638e-04,1.032775384373962879e-03,-7.114790787454694510e-05,5.716816186904907227e+00
3.694882616400718689e-04,9.935471462085843086e-04,-1.380583853460848331e-04,5.721531152725219727e+00
4.030332493130117655e-04,9.380335686728358269e-04,-1.895161985885351896e-04,5.726691007614135742e+00
4.442556528374552727e-04,8.886978612281382084e-04,-2.544811577536165714e-04,5.731604099273681641e+00
4.923850647173821926e-04,8.336885366588830948e-04,-3.214016614947468042e-04,5.736904144287109375e+00
5.488754832185804844e-04,7.690752390772104263e-04,-3.608048427850008011e-04,5.741549015045166016e+00
4.828617966268211603e-04,9.910694789141416550e-04,5.446239083539694548e-05,5.746829032897949219e+00
5.423598340712487698e-04,9.471049415878951550e-04,6.537193257827311754e-05,5.751387119293212891e+00
6.008447380736470222e-04,8.999524870887398720e-04,1.368966186419129372e-04,5.756435155868530273e+00
6.696179043501615524e-04,8.478636736981570721e-04,1.999771920964121819e-04,5.761818170547485352e+00
7.442455971613526344e-04,7.907437975518405437e-04,2.832887694239616394e-04,5.766800165176391602e+00
7.993313483893871307e-04,7.272143848240375519e-04,3.836261748801916838e-04,5.774368047714233398e+00
8.639596635475754738e-04,6.610495038330554962e-04,4.999053780920803547e-04,5.776724100112915039e+00
3.345778095535933971e-04,9.344851132482290268e-04,-8.524244185537099838e-05,5.781575202941894531e+00
2.792819868773221970e-04,9.085154160857200623e-04,-1.069774807547219098e-04,5.786800146102905273e+00
2.381674567004665732e-04,8.712434791959822178e-04,-9.550171671435236931e-05,5.792009115219116211e+00
1.867190439952537417e-04,8.330184500664472580e-04,-8.124256419250741601e-05,5.797099113464355469e+00
1.246621977770701051e-04,7.923308294266462326e-04,-6.492884131148457527e-05,5.801738023757934570e+00
4.672722570830956101e-05,7.456790190190076828e-04,-1.373426202917471528e-04,5.806830167770385742e+00
2.481247938703745604e-04,1.156676909886300564e-03,3.247414715588092804e-04,5.811730146408081055e+00
1.816827862057834864e-04,1.141094835475087166e-03,2.977166150230914354e-04,5.816894054412841797e+00
1.271642977371811867e-04,1.123467111028730869e-03,1.728509523672983050e-04,5.821737051010131836e+00
5.104468436911702156e-05,1.100540044717490673e-03,6.944433698663488030e-05,5.827048063278198242e+00
-3.291129178251139820e-05,1.073016086593270302e-03,-5.874505586689338088e-05,5.831818103790283203e+00
-8.756668830756098032e-05,1.040696515701711178e-03,-1.907660771394148469e-04,5.837074995040893555e+00
-1.552919711684808135e-04,1.006041071377694607e-03,-3.551417903508991003e-04,5.841735124588012695e+00
3.320232208352535963e-04,1.254409668035805225e-03,1.226653239427832887e-05,5.846816062927246094e+00
3.576972521841526031e-04,1.234651193954050541e-03,-1.111833189497701824e-04,5.851596117019653320e+00
3.752795746549963951e-04,1.212575938552618027e-03,-2.681603073142468929e-04,5.857122182846069336e+00
4.017024766653776169e-04,1.188296941109001637e-03,-4.385607317090034485e-04,5.861927032470703125e+00
4.473033768590539694e-04,1.166062429547309875e-03,-6.009722128510475159e-04,5.866953134536743164e+00
5.001747631467878819e-04,1.138416351750493050e-03,-7.818980957381427288e-04,5.871782064437866211e+00
4.995012423023581505e-04,1.361311064101755619e-03,7.904377525846939534e-06,5.876954078674316406e+00
5.515936645679175854e-04,1.323524746112525463e-03,-1.382056507281959057e-04,5.882058143615722656e+00
6.208965787664055824e-04,1.291287830099463463e-03,-2.844332193490117788e-04,5.886917114257812500e+00
6.988029344938695431e-04,1.252281130291521549e-03,-4.439976473804563284e-04,5.891753196716308594e+00
7.852630224078893661e-04,1.206167507916688919e-03,-6.188207771629095078e-04,5.896929025650024414e+00
8.583399467170238495e-04,1.168224029242992401e-03,-8.468554588034749031e-04,5.901809215545654297e+00
9.470066288486123085e-04,1.117685111239552498e-03,-1.075145322829484940e-03,5.906920194625854492e+00
4.747409548144787550e-04,1.313293469138443470e-03,-2.621765597723424435e-04,5.911847114562988281e+00
4.765433841384947300e-04,1.275477814488112926e-03,-4.256856045685708523e-04,5.916903018951416016e+00
4.998988006263971329e-04,1.233802991919219494e-03,-6.212393054738640785e-04,5.921775102615356445e+00
5.201639141887426376e-04,1.186501933261752129e-03,-8.389706490561366081e-04,5.927079200744628906e+00
5.361380171962082386e-04,1.141218002885580063e-03,-1.042905845679342747e-03,5.931971073150634766e+00
5.492831114679574966e-04,1.090757083147764206e-03,-1.266539678908884525e-03,5.936958074569702148e+00
5.590632790699601173e-04,1.037871697917580605e-03,-1.495519885793328285e-03,5.941884040832519531e+00
3.713921469170600176e-04,1.228883513249456882e-03,-2.936477249022573233e-04,5.947137117385864258e+00
3.878592688124626875e-04,1.182180712930858135e-03,-3.785750304814428091e-04,5.952010154724121094e+00
4.104972176719456911e-04,1.130141201429069042e-03,-4.613152996171265841e-04,5.957070112228393555e+00
4.562417161650955677e-04,1.073115738108754158e-03,-5.955091328360140324e-04,5.962105989456176758e+00
5.057674134150147438e-04,1.010801061056554317e-03,-7.142445538192987442e-04,5.967168092727661133e+00
5.666119977831840515e-04,9.417412802577018738e-04,-8.437061333097517490e-04,5.971897125244140625e+00
6.883412133902311325e-04,1.299530733376741409e-03,3.503645712044090033e-05,5.976970195770263672e+00
6.484909099526703358e-04,1.276850700378417969e-03,-1.940526417456567287e-04,5.981981992721557617e+00
6.765605648979544640e-04,1.238776720128953457e-03,-3.627042751759290695e-04,5.987124204635620117e+00
6.969129317440092564e-04,1.199322519823908806e-03,-5.663108895532786846e-04,5.992017030715942383e+00
6.587684620171785355e-04,1.163514563813805580e-03,-8.375874022021889687e-04,5.997134208679199219e+00
6.203118828125298023e-04,1.124644186347723007e-03,-1.135487575083971024e-03,6.001972198486328125e+00
5.596472765319049358e-04,1.085026422515511513e-03,-1.476038363762199879e-03,6.007112026214599609e+00
1.066763143171556294e-04,1.480352133512496948e-03,-3.160933265462517738e-04,6.012136220932006836e+00
-3.954868952860124409e-05,1.469338894821703434e-03,-6.023949244990944862e-04,6.017171144485473633e+00
-2.079225960187613964e-04,1.457034959457814693e-03,-9.282593964599072933e-04,6.022102117538452148e+00
3.861804725602269173e-05,1.419430715031921864e-03,-6.179123884066939354e-04,6.027139186859130859e+00
-3.158499566779937595e-06,1.394754159264266491e-03,-7.663092692382633686e-04,6.032280206680297852e+00
-3.398192347958683968e-05,1.369899837300181389e-03,-9.019616991281509399e-04,6.037147045135498047e+00
-1.119124062824994326e-04,1.331803272478282452e-03,-9.918570285663008690e-04,6.042108058929443359e+00
9.036316441779490560e-06,1.150731928646564484e-03,-3.403065202292054892e-04,6.047128200531005859e+00
-5.336163667379878461e-05,1.079279463738203049e-03,-3.392632934264838696e-04,6.052146196365356445e+00
-1.212272982229478657e-04,1.001119613647460938e-03,-3.166171663906425238e-04,6.057200193405151367e+00
-2.902054111473262310e-04,9.841949213296175003e-04,-3.856024122796952724e-04,6.062361001968383789e+00
-4.218332760501652956e-04,9.308894514106214046e-04,-3.787985187955200672e-04,6.067170143127441406e+00
-5.728263058699667454e-04,8.784136152826249599e-04,-3.618372720666229725e-04,6.072142124176025391e+00
2.751122228801250458e-04,1.255681971088051796e-03,-1.778891310095787048e-04,6.077154159545898438e+00
3.012378874700516462e-04,1.223208033479750156e-03,-1.908193225972354412e-04,6.082234144210815430e+00
3.313106426503509283e-04,1.186462352052330971e-03,-2.097062970278784633e-04,6.087175130844116211e+00
4.809578531421720982e-04,1.135976053774356842e-03,-3.243489773012697697e-04,6.092279195785522461e+00
5.907648010179400444e-04,1.086546457372605801e-03,-4.111053713131695986e-04,6.097640991210937500e+00
7.236222736537456512e-04,1.028846250846982002e-03,-5.184923065826296806e-04,6.102293014526367188e+00
8.356215548701584339e-04,9.470630902796983719e-04,-7.090089493431150913e-04,6.107187986373901367e+00
3.567705280147492886e-04,1.284735510125756264e-03,-4.521181690506637096e-04,6.112287044525146484e+00
4.449239349924027920e-04,1.239625620655715466e-03,-6.822594441473484039e-04,6.117171049118041992e+00
5.138446576893329620e-04,1.208074041642248631e-03,-9.089899249374866486e-04,6.122246026992797852e+00
6.033634417690336704e-04,1.159775420092046261e-03,-1.187443151138722897e-03,6.127454042434692383e+00
6.979673635214567184e-04,1.107785152271389961e-03,-1.496403943747282028e-03,6.132361173629760742e+00
8.010419551283121109e-04,1.071937265805900097e-03,-1.733542303554713726e-03,6.137358188629150391e+00
9.086077334359288216e-04,1.029360573738813400e-03,-2.017958322539925575e-03,6.142232179641723633e+00
4.767058126162737608e-04,1.326919533312320709e-03,-7.547602290287613869e-04,6.147342205047607422e+00
5.529727786779403687e-04,1.321179326623678207e-03,-9.144986979663372040e-04,6.152356147766113281e+00
6.677364581264555454e-04,1.309256302192807198e-03,-8.617793209850788116e-04,6.157375097274780273e+00
7.744097965769469738e-04,1.301525393500924110e-03,-9.047444327734410763e-04,6.162606000900268555e+00
8.918083040043711662e-04,1.293169683776795864e-03,-9.212960139848291874e-04,6.167351007461547852e+00
1.037709647789597511e-03,1.245676772668957710e-03,-8.756770985201001167e-04,6.174097061157226562e+00
3.309637831989675760e-04,1.334734726697206497e-03,-7.216758676804602146e-04,6.177460193634033203e+00
4.401454061735421419e-04,1.284107333049178123e-03,-5.956983659416437149e-04,6.182352066040039062e+00
3.278496733400970697e-04,1.269169268198311329e-03,-6.435111281462013721e-04,6.187408208847045898e+00
3.184572269674390554e-04,1.233473885804414749e-03,-5.785964312963187695e-04,6.192353010177612305e+00
2.836859202943742275e-04,1.199665595777332783e-03,-5.155314574949443340e-04,6.197444200515747070e+00
3.278113435953855515e-04,1.154186553321778774e-03,-5.394918844103813171e-04,6.202309131622314453e+00
3.315016801934689283e-04,1.106964889913797379e-03,-5.464609712362289429e-04,6.207351207733154297e+00
9.185827220790088177e-04,1.481407438404858112e-03,4.476145841181278229e-05,6.212355136871337891e+00
1.073251944035291672e-03,1.505353138782083988e-03,1.242182224814314395e-05,6.217519998550415039e+00
1.219882979057729244e-03,1.516164629720151424e-03,-3.649366044555790722e-05,6.222488164901733398e+00
1.378682442009449005e-03,1.533030765131115913e-03,-1.124989576055668294e-04,6.227571010589599609e+00
1.549379085190594196e-03,1.555934315547347069e-03,-2.188618964282795787e-04,6.232614994049072266e+00
1.658377703279256821e-03,1.544271712191402912e-03,-2.399392542429268360e-04,6.237495183944702148e+00
1.803719555027782917e-03,1.543206162750720978e-03,-3.300322277937084436e-04,6.242510080337524414e+00
7.584412815049290657e-04,1.933236257173120975e-03,-1.979887601919472218e-04,6.247557163238525391e+00
6.016262923367321491e-04,1.938092638738453388e-03,1.431807031622156501e-04,6.252592086791992188e+00
5.123055889271199703e-04,1.953251194208860397e-03,3.058139409404247999e-04,6.257535219192504883e+00
3.928089863620698452e-04,1.968987286090850830e-03,5.200981977395713329e-04,6.262737035751342773e+00
3.039858420379459858e-04,1.930971979163587093e-03,8.630019146949052811e-04,6.267418146133422852e+00
1.777150173438712955e-04,1.897981856018304825e-03,1.249579596333205700e-03,6.272513151168823242e+00
5.350540159270167351e-04,1.208112807944417000e-03,-3.657261549960821867e-04,6.277432203292846680e+00
4.857452877331525087e-04,1.059655100107192993e-03,-2.993933449033647776e-04,6.282414197921752930e+00
4.123736289329826832e-04,9.033663664013147354e-04,-4.307839481043629348e-05,6.287592172622680664e+00
3.335361252538859844e-04,7.294905371963977814e-04,2.286286762682721019e-04,6.292574167251586914e+00
2.817671338561922312e-04,5.995001411065459251e-04,2.042250125668942928e-04,6.297665119171142578e+00
2.198115107603371143e-04,4.404920618981122971e-04,2.436957875033840537e-04,6.302572011947631836e+00
1.616702793398872018e-04,2.801880182232707739e-04,2.118819975294172764e-04,6.307696104049682617e+00
6.810496561229228973e-04,1.529964734800159931e-03,-1.814507959352340549e-05,6.312885999679565430e+00
7.629605242982506752e-04,1.527343294583261013e-03,-3.762370906770229340e-04,6.317574024200439453e+00
8.731415146030485630e-04,1.537629286758601665e-03,-8.429362787865102291e-04,6.322564125061035156e+00
1.010773587040603161e-03,1.555989496409893036e-03,-1.421578112058341503e-03,6.327917098999023438e+00
1.166592817753553391e-03,1.546949613839387894e-03,-1.967641990631818771e-03,6.332732200622558594e+00
1.353367464616894722e-03,1.560211880132555962e-03,-2.686225576326251030e-03,6.337571144104003906e+00
1.567091909237205982e-03,1.587133272551000118e-03,-3.489686641842126846e-03,6.342545986175537109e+00
1.628378988243639469e-03,1.958751585334539413e-03,-4.643620632123202085e-04,6.348036050796508789e+00
1.811523339711129665e-03,1.989770913496613503e-03,-8.270871476270258427e-04,6.352785110473632812e+00
1.999804517254233360e-03,2.011502161622047424e-03,-1.187262358143925667e-03,6.357921123504638672e+00
2.168039791285991669e-03,1.941141905263066292e-03,-1.161674619652330875e-03,6.362923145294189453e+00
2.344507724046707153e-03,1.888136379420757294e-03,-1.197550795041024685e-03,6.367753028869628906e+00
2.518532797694206238e-03,1.813834765926003456e-03,-1.129478332586586475e-03,6.372733116149902344e+00
1.395258237607777119e-03,1.048401114530861378e-03,-8.451755275018513203e-04,6.377751111984252930e+00
1.419989275746047497e-03,9.339850512333214283e-04,-5.846060230396687984e-04,6.382732152938842773e+00
1.432241639122366905e-03,8.192372624762356281e-04,-2.498846151866018772e-04,6.387713193893432617e+00
1.439182902686297894e-03,7.057014154270291328e-04,-1.862047793110832572e-04,6.392703056335449219e+00
1.432212069630622864e-03,5.862356629222631454e-04,6.005696377542335540e-06,6.397915124893188477e+00
1.414483180269598961e-03,4.626151057891547680e-04,1.772285177139565349e-04,6.402726173400878906e+00
1.386062591336667538e-03,3.350520273670554161e-04,3.277849173173308372e-04,6.408020019531250000e+00
1.420875545591115952e-03,1.646956312470138073e-03,-3.371871716808527708e-04,6.412856101989746094e+00
1.340869464911520481e-03,1.736207632347941399e-03,-6.056970451027154922e-04,6.417851209640502930e+00
1.238397089764475822e-03,1.844449550844728947e-03,-9.572596754878759384e-04,6.422864198684692383e+00
1.193932956084609032e-03,1.722655724734067917e-03,-1.525634899735450745e-03,6.428162097930908203e+00
1.096155843697488308e-03,1.729070907458662987e-03,-2.129179891198873520e-03,6.432995080947875977e+00
9.892518864944577217e-04,1.721209380775690079e-03,-2.842332469299435616e-03,6.438152074813842773e+00
9.211602737195789814e-04,1.709428848698735237e-03,-3.469463903456926346e-03,6.442919015884399414e+00
1.409274525940418243e-03,1.697522820904850960e-03,-1.095534651540219784e-03,6.448240995407104492e+00
1.394834718666970730e-03,1.633036183193325996e-03,-1.604336081072688103e-03,6.452925205230712891e+00
1.253086607903242111e-03,1.600901130586862564e-03,-1.578317489475011826e-03,6.458193063735961914e+00
1.161572174169123173e-03,1.531935529783368111e-03,-1.797930453903973103e-03,6.463160991668701172e+00
1.050490071065723896e-03,1.439044601283967495e-03,-1.952061313204467297e-03,6.468246221542358398e+00
9.671061416156589985e-04,1.333565916866064072e-03,-1.830291235819458961e-03,6.472901105880737305e+00
1.025263220071792603e-03,1.040130853652954102e-03,-1.928823185153305531e-03,6.477883100509643555e+00
9.377038804814219475e-04,9.107912774197757244e-04,-1.719314139336347580e-03,6.482856035232543945e+00
8.463343256153166294e-04,7.725663017481565475e-04,-1.393395243212580681e-03,6.488114118576049805e+00
9.814449585974216461e-04,4.286601033527404070e-04,-1.453411998227238655e-03,6.492999076843261719e+00
1.014310168102383614e-03,2.033934142673388124e-04,-1.164167304523289204e-03,6.498131990432739258e+00
1.074897241778671741e-03,-4.858673855778761208e-05,-8.147588232532143593e-04,6.502995014190673828e+00
1.132261124439537525e-03,-2.145139151252806187e-04,-6.534857675433158875e-04,6.508103132247924805e+00
8.788448176346719265e-04,1.319401781074702740e-03,-6.288588047027587891e-04,6.512864112854003906e+00
9.163771173916757107e-04,1.309149432927370071e-03,-5.907500744797289371e-04,6.518192052841186523e+00
8.736488525755703449e-04,1.408741343766450882e-03,-9.711964521557092667e-04,6.522891998291015625e+00
8.856747881509363651e-04,1.465724664740264416e-03,-1.227305736392736435e-03,6.528178215026855469e+00
8.990778005681931973e-04,1.537073054350912571e-03,-1.575957983732223511e-03,6.532930135726928711e+00
9.609686676412820816e-04,1.523938612081110477e-03,-1.993303652852773666e-03,6.538201093673706055e+00
1.018011709675192833e-03,1.541944569908082485e-03,-2.506731776520609856e-03,6.543050050735473633e+00
1.818566699512302876e-03,1.871950807981193066e-03,-1.846594386734068394e-04,6.548088073730468750e+00
1.920855138450860977e-03,1.932928571477532387e-03,-2.453965425956994295e-04,6.553125143051147461e+00
2.052171621471643448e-03,1.958946231752634048e-03,-5.219034501351416111e-04,6.558057069778442383e+00
2.190259750932455063e-03,1.980540808290243149e-03,-8.127299952320754528e-04,6.563174009323120117e+00
2.094028517603874207e-03,2.011237433180212975e-03,-8.757417090237140656e-04,6.568081140518188477e+00
2.039354061707854271e-03,2.041763626039028168e-03,-9.851482464000582695e-04,6.574792146682739258e+00
1.027447404339909554e-03,1.333509804680943489e-03,-6.186990649439394474e-04,6.578159093856811523e+00
7.411879487335681915e-04,1.313918153755366802e-03,-5.339389899745583534e-04,6.583044052124023438e+00
8.069698233157396317e-04,1.030305866152048111e-03,-2.942296559922397137e-04,6.588068008422851562e+00
6.344347493723034859e-04,8.849485311657190323e-04,-4.382979750516824424e-05,6.593177080154418945e+00
4.607547889463603497e-04,7.180292741395533085e-04,2.737770264502614737e-04,6.598157167434692383e+00
1.817831071093678474e-04,7.878559990786015987e-04,4.125472914893180132e-04,6.603039026260375977e+00
-8.604948379797860980e-05,7.833473500795662403e-04,6.553401472046971321e-04,6.608141183853149414e+00
1.573948393343016505e-04,1.427810639142990112e-03,-6.611999706365168095e-04,6.613050222396850586e+00
2.028595044976100326e-04,1.305412384681403637e-03,-8.712106500752270222e-04,6.618157148361206055e+00
9.223391680279746652e-05,1.307059079408645630e-03,-9.774104692041873932e-04,6.623147010803222656e+00
7.625872513017384335e-06,1.295661437325179577e-03,-1.133400248363614082e-03,6.628638029098510742e+00
-7.068878767313435674e-05,1.301637152209877968e-03,-1.294072833843529224e-03,6.633222103118896484e+00
-1.188810856547206640e-04,1.286140410229563713e-03,-1.500841346569359303e-03,6.638178110122680664e+00
5.163383902981877327e-04,1.245429622940719128e-03,-3.854037204291671515e-04,6.643179178237915039e+00
2.807391574606299400e-04,1.180285937152802944e-03,-2.639131853356957436e-04,6.648573160171508789e+00
1.526351989014074206e-04,1.114577637054026127e-03,-2.373534225625917315e-04,6.653303146362304688e+00
1.671264726610388607e-07,1.017377944663167000e-03,-1.945077674463391304e-04,6.658263206481933594e+00
-1.797900331439450383e-04,9.021778241731226444e-04,-1.440255873603746295e-04,6.663483142852783203e+00
-3.069015510845929384e-04,8.015329367481172085e-04,-2.696179763006512076e-05,6.668291091918945312e+00
-4.869428230449557304e-04,6.540751201100647449e-04,7.918298069853335619e-05,6.673238992691040039e+00
6.249180878512561321e-04,5.269587854854762554e-04,-7.932850276120007038e-04,6.678299188613891602e+00
7.710585487075150013e-04,4.859807959292083979e-04,-8.286261581815779209e-04,6.683255195617675781e+00
8.065109723247587681e-04,3.963490016758441925e-04,-7.966433186084032059e-04,6.688387155532836914e+00
8.682425832375884056e-04,3.105717478320002556e-04,-7.532747113145887852e-04,6.693309068679809570e+00
8.952228818088769913e-04,2.443030825816094875e-04,-7.796984282322227955e-04,6.698368072509765625e+00
9.568310342729091644e-04,1.791099930414929986e-04,-7.901050266809761524e-04,6.703318119049072266e+00
1.026951358653604984e-03,1.211394774145446718e-04,-8.165983599610626698e-04,6.708461046218872070e+00
6.877594278194010258e-04,1.203842461109161377e-03,-1.001019612886011600e-03,6.713303089141845703e+00
7.477033068425953388e-04,1.271615386940538883e-03,-1.175495330244302750e-03,6.718388080596923828e+00
8.196901180781424046e-04,1.349686295725405216e-03,-1.387411379255354404e-03,6.723292112350463867e+00
8.075354853644967079e-04,1.324537792243063450e-03,-1.618470181711018085e-03,6.728506088256835938e+00
8.210141095332801342e-04,1.323210075497627258e-03,-1.880444819107651711e-03,6.733441114425659180e+00
8.203309844247996807e-04,1.306594116613268852e-03,-2.179366303607821465e-03,6.738386154174804688e+00
5.960541311651468277e-04,8.597585838288068771e-04,-1.031549996696412563e-03,6.743580102920532227e+00
6.572584388777613640e-04,7.518364000134170055e-04,-1.114904531277716160e-03,6.748427152633666992e+00
7.469963165931403637e-04,6.388972979038953781e-04,-1.192870666272938251e-03,6.753293037414550781e+00
8.624080219306051731e-04,5.061018164269626141e-04,-1.268401625566184521e-03,6.758613109588623047e+00
8.754662121646106243e-04,3.785040171351283789e-04,-1.137266168370842934e-03,6.763639211654663086e+00
9.567248052917420864e-04,2.143110468750819564e-04,-1.051986240781843662e-03,6.768486022949218750e+00
1.042301068082451820e-03,5.661692193825729191e-05,-9.243108215741813183e-04,6.773357152938842773e+00
5.649093072861433029e-04,8.057177765294909477e-04,-1.270974171347916126e-03,6.778443098068237305e+00
4.847184754908084869e-04,8.091332856565713882e-04,-1.120410743169486523e-03,6.783442020416259766e+00
3.763676504604518414e-04,8.265816140919923782e-04,-9.330300963483750820e-04,6.788479089736938477e+00
2.277059393236413598e-04,7.156978826969861984e-04,-9.233693708665668964e-04,6.793570995330810547e+00
5.542656435864046216e-05,6.674593314528465271e-04,-8.058890816755592823e-04,6.798490047454833984e+00
-1.471652794862166047e-04,6.038602441549301147e-04,-6.912147509865462780e-04,6.803415060043334961e+00
-2.885751309804618359e-04,5.377172492444515228e-04,-7.162289111874997616e-04,6.808466196060180664e+00
1.099705787055427209e-05,1.000842195935547352e-03,-7.589947781525552273e-04,6.813444137573242188e+00
-1.127594514400698245e-04,9.694632608443498611e-04,-8.508385508321225643e-04,6.818453073501586914e+00
-2.299697189300786704e-05,9.718271903693675995e-04,-1.128417556174099445e-03,6.823572158813476562e+00
-8.138848897942807525e-06,9.461280424147844315e-04,-1.400723587721586227e-03,6.828773021697998047e+00
4.575449565891176462e-05,9.320846875198185444e-04,-1.752636162564158440e-03,6.833579063415527344e+00
1.378808228764683008e-04,9.233268792741000652e-04,-2.175519475713372231e-03,6.838810205459594727e+00
3.907354839611798525e-04,1.077024149708449841e-03,-1.175775774754583836e-03,6.843588113784790039e+00
5.178345600143074989e-04,1.054179389029741287e-03,-1.384839531965553761e-03,6.848564147949218750e+00
6.697719800285995007e-04,1.027765218168497086e-03,-1.614140463061630726e-03,6.853540182113647461e+00
6.205991376191377640e-04,1.103956485167145729e-03,-1.267249113880097866e-03,6.858587026596069336e+00
6.871499354019761086e-04,1.117573468945920467e-03,-1.164897577837109566e-03,6.863682031631469727e+00
7.427554810419678688e-04,1.123088295571506023e-03,-9.782182751223444939e-04,6.868578195571899414e+00
9.355476940982043743e-04,1.012235879898071289e-03,-6.778797251172363758e-04,6.873582124710083008e+00
9.923980105668306351e-04,8.215663256123661995e-04,-1.144312438555061817e-03,6.878578186035156250e+00
1.208233763463795185e-03,7.831329712644219398e-04,-7.799653685651719570e-04,6.883578062057495117e+00
1.304442412219941616e-03,8.199613657779991627e-04,-7.335320115089416504e-04,6.888563156127929688e+00
1.487830770201981068e-03,8.484068675898015499e-04,-4.633810603991150856e-04,6.893694162368774414e+00
1.676238607615232468e-03,9.004350285977125168e-04,-1.884400844573974609e-04,6.898689031600952148e+00
1.672424143180251122e-03,8.670649840496480465e-04,-1.220480990014038980e-04,6.903675079345703125e+00
3.512996772769838572e-04,6.760368705727159977e-04,-3.809310437645763159e-04,6.908725023269653320e+00
1.396021107211709023e-04,5.504048895090818405e-04,-3.907910431735217571e-04,6.913696050643920898e+00
-1.225697924382984638e-04,3.915071138180792332e-04,-4.571791214402765036e-04,6.918691158294677734e+00
-1.649720215937122703e-04,4.317628627177327871e-04,-4.707692714873701334e-04,6.923673152923583984e+00
-3.771009505726397038e-04,3.602683136705309153e-04,-5.756836035288870335e-04,6.928973197937011719e+00
-6.043863249942660332e-04,3.048138460144400597e-04,-7.155237835831940174e-04,6.933713197708129883e+00
-7.631766493432223797e-04,2.646767243277281523e-04,-8.664239430800080299e-04,6.938719034194946289e+00
8.578655542805790901e-04,8.948228205554187298e-04,-5.905740545131266117e-04,6.943706035614013672e+00
8.846757118590176105e-04,9.036094998009502888e-04,-8.249846287071704865e-04,6.948760032653808594e+00
8.718055905774235725e-04,8.478913223370909691e-04,-7.495522731915116310e-04,6.953588008880615234e+00
8.882753318175673485e-04,8.335119928233325481e-04,-8.474648348055779934e-04,6.958857059478759766e+00
9.064216283150017262e-04,8.189885411411523819e-04,-9.328711894340813160e-04,6.964030027389526367e+00
9.792955825105309486e-04,7.745745242573320866e-04,-7.224119617603719234e-04,6.968846082687377930e+00
1.045616460032761097e-03,7.264774758368730545e-04,-5.381761584430932999e-04,6.973873138427734375e+00
9.660409996286034584e-04,2.838877553585916758e-04,-7.584429113194346428e-04,6.978819131851196289e+00
1.037974609062075615e-03,1.971906458493322134e-04,-4.232701612636446953e-04,6.983839035034179688e+00
1.137795741669833660e-03,6.473104440374299884e-05,4.846428055316209793e-05,6.988855123519897461e+00
1.247595180757343769e-03,-7.926339458208531141e-05,6.040071602910757065e-04,6.994040012359619141e+00
1.232339418493211269e-03,-2.074969233945012093e-04,8.723316714167594910e-04,6.998901128768920898e+00
1.246665837243199348e-03,-3.446905757300555706e-04,1.273256610147655010e-03,7.003838062286376953e+00
1.232512877322733402e-03,-4.828014061786234379e-04,1.652981154620647430e-03,7.008856058120727539e+00
6.331922486424446106e-04,4.426532250363379717e-04,-5.352019215933978558e-04,7.013854026794433594e+00
5.953581421636044979e-04,3.773030766751617193e-04,-8.106547757051885128e-04,7.018846035003662109e+00
4.883272922597825527e-04,3.276977222412824631e-04,-9.686745470389723778e-04,7.024049043655395508e+00
3.670367586892098188e-04,2.716774179134517908e-04,-1.198251266032457352e-03,7.029159069061279297e+00
2.466059813741594553e-04,2.460869727656245232e-04,-1.495883218012750149e-03,7.033991098403930664e+00
1.093888567993417382e-04,2.098083350574597716e-04,-1.867135055363178253e-03,7.038881063461303711e+00
3.917953872587531805e-04,7.617934024892747402e-04,-1.081314752809703350e-03,7.043869018554687500e+00
3.251791349612176418e-04,7.555260090157389641e-04,-1.329772756434977055e-03,7.049027204513549805e+00
2.310044510522857308e-04,7.719355635344982147e-04,-1.725728972814977169e-03,7.053956031799316406e+00
1.348898658761754632e-04,7.896596216596662998e-04,-2.172925742343068123e-03,7.059206008911132812e+00
4.894769881502725184e-05,7.933945162221789360e-04,-2.282963367179036140e-03,7.064093112945556641e+00
-4.032643118989653885e-05,7.942253141663968563e-04,-2.489344915375113487e-03,7.069086074829101562e+00
-1.282921439269557595e-04,7.872513378970324993e-04,-2.625691704452037811e-03,7.073968172073364258e+00
1.292037632083520293e-04,9.986161603592336178e-05,-1.690141856670379639e-03,7.079075098037719727e+00
1.772046234691515565e-04,3.730760363396257162e-05,-1.300205243751406670e-03,7.084073066711425781e+00
2.566514303907752037e-04,-2.306438182131387293e-05,-7.703416631557047367e-04,7.089029073715209961e+00
3.652205341495573521e-04,-1.040232309605926275e-04,-1.048456251737661660e-04,7.094226121902465820e+00
1.581011892994865775e-04,-2.161652082577347755e-04,1.848523534135892987e-04,7.099126100540161133e+00
9.169539407594129443e-05,-3.558869357220828533e-04,7.757801795378327370e-04,7.104058027267456055e+00
-1.230729958479059860e-05,-5.356346373446285725e-04,1.401538378559052944e-03,7.109025001525878906e+00
-2.485715667717158794e-04,-1.192081981571391225e-04,-1.354677951894700527e-03,7.114033222198486328e+00
-2.803853130899369717e-04,-1.490460999775677919e-04,-1.309668179601430893e-03,7.119163990020751953e+00
-2.990163920912891626e-04,-1.666335010668262839e-04,-1.295538502745330334e-03,7.124162197113037109e+00
-1.256389223271980882e-04,-2.340966457268223166e-04,-1.533111324533820152e-03,7.129384040832519531e+00
-7.638247552677057683e-06,-2.723938378039747477e-04,-1.742672990076243877e-03,7.134133100509643555e+00
1.527287968201562762e-04,-3.140633925795555115e-04,-2.026787959039211273e-03,7.139142036437988281e+00
6.874316022731363773e-04,2.500934351701289415e-04,-6.107838707976043224e-04,7.144150018692016602e+00
9.554075659252703190e-04,2.288764371769502759e-04,-9.268310386687517166e-04,7.149119138717651367e+00
1.266251550987362862e-03,2.050606708507984877e-04,-1.326380413956940174e-03,7.154050111770629883e+00
1.460298371966928244e-04,1.911300059873610735e-04,-7.245489978231489658e-04,7.159305095672607422e+00
-5.084829535917378962e-05,1.685485185589641333e-04,-8.569232886657118797e-04,7.164319992065429688e+00
-3.213810850866138935e-04,1.499309291830286384e-04,-9.934810223057866096e-04,7.169080018997192383e+00
-4.039855266455560923e-04,1.378141460008919239e-04,-9.638040792196989059e-04,7.174344062805175781e+00
9.697155328467488289e-04,3.106690419372171164e-04,-1.172606134787201881e-03,7.179071187973022461e+00
1.087280339561402798e-03,3.121475456282496452e-04,-1.087198499590158463e-03,7.184176206588745117e+00
1.207004650495946407e-03,3.052583197131752968e-04,-9.335665963590145111e-04,7.189074993133544922e+00
1.463340013287961483e-03,2.359516656724736094e-04,-9.390579652972519398e-04,7.194264173507690430e+00
1.664871233515441418e-03,1.897060283226892352e-04,-7.930715801194310188e-04,7.199111223220825195e+00
1.887190272100269794e-03,1.379438181174919009e-04,-6.237501511350274086e-04,7.204158067703247070e+00
2.116726711392402649e-03,1.401473564328625798e-04,-5.654232227243483067e-04,7.209135055541992188e+00
-5.200059968046844006e-04,2.385034604230895638e-04,-1.748191891238093376e-03,7.214139223098754883e+00
-4.805971402674913406e-04,2.304965601069852710e-04,-1.807758933864533901e-03,7.219148159027099609e+00
-6.938182632438838482e-04,2.389934961684048176e-04,-2.103543141856789589e-03,7.224197149276733398e+00
-7.920788484625518322e-04,2.522032591514289379e-04,-2.328390255570411682e-03,7.229412078857421875e+00
-9.203213849104940891e-04,2.741919888649135828e-04,-2.604444045573472977e-03,7.234268188476562500e+00
-8.886602590791881084e-04,3.047913196496665478e-04,-2.867684932425618172e-03,7.239134073257446289e+00
-5.980813293717801571e-04,7.359100272879004478e-04,-7.877011084929108620e-04,7.244173049926757812e+00
-5.429332377389073372e-04,7.914631860330700874e-04,-9.482554160058498383e-04,7.249308109283447266e+00
-5.040849209763109684e-04,7.899417541921138763e-04,-1.019510091282427311e-03,7.254270076751708984e+00
-4.276742401998490095e-04,8.250530809164047241e-04,-1.165142166428267956e-03,7.259333133697509766e+00
-3.352252242621034384e-04,8.562051807530224323e-04,-1.324707642197608948e-03,7.264475107192993164e+00
-2.263319329358637333e-04,8.818540372885763645e-04,-1.482099760323762894e-03,7.269328117370605469e+00
-2.453351335134357214e-04,8.474125643260776997e-04,-1.342739327810704708e-03,7.274299144744873047e+00
-1.110836863517761230e-03,1.200803380925208330e-04,-1.472753123380243778e-03,7.279342174530029297e+00
-1.182253239676356316e-03,1.642164352233521640e-05,-1.293937675654888153e-03,7.284351110458374023e+00
-1.321476185694336891e-03,-8.941247506299987435e-05,-8.921600528992712498e-04,7.289357185363769531e+00
-1.449139672331511974e-03,-2.075470692943781614e-04,-5.026081344112753868e-04,7.294618129730224609e+00
-1.596771646291017532e-03,-3.372244536876678467e-04,-2.226696051366161555e-05,7.299465179443359375e+00
-1.633759820833802223e-03,-4.721673903986811638e-04,3.913410473614931107e-04,7.304325103759765625e+00
-8.329304400831460953e-04,-8.693592099007219076e-05,-1.390710240229964256e-03,7.309338092803955078e+00
-7.836999720893800259e-04,-1.848340325523167849e-04,-1.099552726373076439e-03,7.314304113388061523e+00
-9.098623995669186115e-04,-2.479854447301477194e-04,-1.151029136963188648e-03,7.319452047348022461e+00
-9.522902546450495720e-04,-3.426931507419794798e-04,-1.023164018988609314e-03,7.324352025985717773e+00
-1.012567663565278053e-03,-4.449012340046465397e-04,-9.260005899704992771e-04,7.329596042633056641e+00
-9.747192962095141411e-04,-5.385834374465048313e-04,-9.648433187976479530e-04,7.334498167037963867e+00
-9.708242723718285561e-04,-6.350596668198704720e-04,-1.021999283693730831e-03,7.339431047439575195e+00
-8.659488521516323090e-04,6.658773636445403099e-04,-4.275895189493894577e-04,7.344485044479370117e+00
-7.838234305381774902e-04,7.122321985661983490e-04,-3.811484784819185734e-04,7.349869012832641602e+00
-6.836716784164309502e-04,7.810884271748363972e-04,-4.480222705751657486e-04,7.354464054107666016e+00
-5.685993819497525692e-04,8.477995870634913445e-04,-5.311321583576500416e-04,7.359475135803222656e+00
-4.378993762657046318e-04,9.044304024428129196e-04,-6.596364546567201614e-04,7.364531040191650391e+00
-4.719155549537390471e-04,1.003146520815789700e-03,-7.443833164870738983e-04,7.369492053985595703e+00
-4.340361629147082567e-04,1.083582872524857521e-03,-8.833279134705662727e-04,7.374554157257080078e+00
-1.631449791602790356e-03,5.046133301220834255e-04,-1.258446020074188709e-03,7.379472017288208008e+00
-1.728133531287312508e-03,4.886990645900368690e-04,-1.155083067715167999e-03,7.384604215621948242e+00
-1.858364325016736984e-03,4.958268254995346069e-04,-1.195452176034450531e-03,7.389624118804931641e+00
-2.003950532525777817e-03,4.973090253770351410e-04,-1.212758477777242661e-03,7.394844055175781250e+00
-1.983191119506955147e-03,4.800650058314204216e-04,-1.059649162925779819e-03,7.399608135223388672e+00
-2.003263682126998901e-03,4.591694741975516081e-04,-9.041376761160790920e-04,7.404589176177978516e+00
-1.986682415008544922e-03,4.280854482203722000e-04,-6.834638770669698715e-04,7.409608125686645508e+00
-1.020967960357666016e-03,8.108320616884157062e-05,-1.180742983706295490e-03,7.414525032043457031e+00
-8.548718178644776344e-04,3.553808710421435535e-05,-9.441509027965366840e-04,7.419633150100708008e+00
-6.635556346736848354e-04,-7.590676432300824672e-06,-6.749032763764262199e-04,7.424596071243286133e+00
-6.451802328228950500e-04,-4.295068356441333890e-05,-5.706288502551615238e-04,7.429822206497192383e+00
-5.728350370191037655e-04,-8.232966501964256167e-05,-4.055208701174706221e-04,7.434732198715209961e+00
-5.319679039530456066e-04,-1.183619751827791333e-04,-2.649677335284650326e-04,7.439616203308105469e+00
-1.636284752748906612e-03,3.023606550414115191e-04,-1.304427394643425941e-03,7.444591999053955078e+00
-1.280550844967365265e-03,2.530031197238713503e-04,-1.253311755135655403e-03,7.449625015258789062e+00
-1.170667586848139763e-03,2.183911419706419110e-04,-1.262048492208123207e-03,7.454732179641723633e+00
-1.021191361360251904e-03,1.754491240717470646e-04,-1.284845406189560890e-03,7.459683179855346680e+00
-1.041993731632828712e-03,1.562176912557333708e-04,-1.319030765444040298e-03,7.464841127395629883e+00
-9.922892786562442780e-04,1.243334263563156128e-04,-1.364551833830773830e-03,7.469701051712036133e+00
-9.620666969567537308e-04,9.352886263513937593e-05,-1.421694876626133919e-03,7.474727153778076172e+00
-1.676760730333626270e-03,-4.658538819057866931e-05,-1.341441879048943520e-03,7.479672193527221680e+00
-1.918329624459147453e-03,-1.011180720524862409e-04,-1.401397166773676872e-03,7.484810113906860352e+00
-2.223775489255785942e-03,-1.658221444813534617e-04,-1.472807140089571476e-03,7.489734172821044922e+00
-2.479385118931531906e-03,-2.372085291426628828e-04,-1.470320741645991802e-03,7.494946002960205078e+00
-2.815191401168704033e-03,-3.147899988107383251e-04,-1.489241141825914383e-03,7.499869108200073242e+00
-3.182297339662909508e-03,-3.981894697062671185e-04,-1.492295297794044018e-03,7.504737138748168945e+00
-2.234234008938074112e-03,7.351266685873270035e-05,-1.426836708560585976e-03,7.509762048721313477e+00
-2.343253465369343758e-03,3.156101956847123802e-05,-1.345444936305284500e-03,7.514631986618041992e+00
-2.422074088826775551e-03,-1.604393401066772640e-05,-1.227170694619417191e-03,7.519875049591064453e+00
-2.470744540914893150e-03,-7.187026494648307562e-05,-1.082984847016632557e-03,7.524785995483398438e+00
-2.564844675362110138e-03,-8.367442205781117082e-05,-1.017405535094439983e-03,7.529935121536254883e+00
-2.603155095130205154e-03,-1.005224767141044140e-04,-8.812205633148550987e-04,7.534769058227539062e+00
-2.625816268846392632e-03,-1.093198370654135942e-04,-7.516283076256513596e-04,7.539847135543823242e+00
-2.888217801228165627e-03,2.355176184209994972e-05,-1.686361967585980892e-03,7.544710159301757812e+00
-3.023500554263591766e-03,-3.451335032877977937e-06,-1.667913165874779224e-03,7.549878120422363281e+00
-3.171612741425633430e-03,-3.418404958210885525e-05,-1.651015831157565117e-03,7.554750204086303711e+00
-3.007407533004879951e-03,-7.768569776089861989e-05,-1.659607863985002041e-03,7.559990167617797852e+00
-2.979040145874023438e-03,-1.107114076148718596e-04,-1.651718397624790668e-03,7.564949989318847656e+00
-2.908974420279264450e-03,-1.407062663929536939e-04,-1.638714456930756569e-03,7.569838047027587891e+00
-2.351561794057488441e-03,5.044680165156023577e-06,-1.757226884365081787e-03,7.574762105941772461e+00
-2.243370050564408302e-03,-2.571579170762561262e-05,-1.812963746488094330e-03,7.579773187637329102e+00
-2.106604864820837975e-03,-6.145531369838863611e-05,-1.883695251308381557e-03,7.584794998168945312e+00
-2.074497751891613007e-03,-1.300428557442501187e-04,-1.839523203670978546e-03,7.589987039566040039e+00
-1.969929318875074387e-03,-1.973715116037055850e-04,-1.859912998043000698e-03,7.595065116882324219e+00
-1.862811739556491375e-03,-2.763683442026376724e-04,-1.879167044535279274e-03,7.600019216537475586e+00
-1.769951195456087589e-03,-3.828236367553472519e-04,-1.808554632589221001e-03,7.605039119720458984e+00
-2.446908270940184593e-03,-3.558511525625362992e-05,-1.635494409129023552e-03,7.609952211380004883e+00
-2.422543009743094444e-03,-1.427880342816933990e-04,-1.475992845371365547e-03,7.614868164062500000e+00
-2.399562625214457512e-03,-2.648344670888036489e-04,-1.269878004677593708e-03,7.620009183883666992e+00
-2.492004074156284332e-03,-2.935865486506372690e-04,-1.282969606108963490e-03,7.624911069869995117e+00
-2.536431187763810158e-03,-3.771070623770356178e-04,-1.140578184276819229e-03,7.630053997039794922e+00
-2.599680097773671150e-03,-4.621793050318956375e-04,-9.890820365399122238e-04,7.634935140609741211e+00
-2.735956804826855659e-03,-5.629605147987604141e-04,-9.997379966080188751e-04,7.640012025833129883e+00
-3.084237454459071159e-03,1.432230637874454260e-04,-1.866656588390469551e-03,7.644936084747314453e+00
-3.300651675090193748e-03,1.317227288382127881e-04,-2.087015658617019653e-03,7.649960041046142578e+00
-3.234834875911474228e-03,1.837860763771459460e-04,-2.291798358783125877e-03,7.654950141906738281e+00
-3.319176612421870232e-03,2.071638737106695771e-04,-2.575022401288151741e-03,7.660099029541015625e+00
-3.382652299478650093e-03,2.412076282780617476e-04,-2.902602311223745346e-03,7.665055036544799805e+00
-3.486161585897207260e-03,2.422874094918370247e-04,-3.150210250169038773e-03,7.670096158981323242e+00
-2.862194553017616272e-03,1.413760910509154201e-04,-1.801724079996347427e-03,7.675095081329345703e+00
-2.868510549888014793e-03,1.470388233428820968e-04,-1.908206730149686337e-03,7.680160045623779297e+00
-2.792635932564735413e-03,8.219123992603272200e-05,-1.657649758271872997e-03,7.685098171234130859e+00
-2.739542163908481598e-03,3.532289701979607344e-05,-1.524632680229842663e-03,7.690143108367919922e+00
-2.667297376319766045e-03,-2.258277345390524715e-05,-1.329901395365595818e-03,7.695329189300537109e+00
-2.576285973191261292e-03,-9.187469549942761660e-05,-1.077975030057132244e-03,7.700295209884643555e+00
-2.394406823441386223e-03,-1.764795306371524930e-04,-6.005296600051224232e-04,7.705119132995605469e+00
-2.369171008467674255e-03,-4.461808712221682072e-04,-1.920695300213992596e-03,7.710092067718505859e+00
-2.154995454475283623e-03,-5.548509652726352215e-04,-1.490991679020226002e-03,7.715039014816284180e+00
-2.272299956530332565e-03,-5.616357666440308094e-04,-1.517523312941193581e-03,7.720141172409057617e+00
-2.209800761193037033e-03,-6.290313904173672199e-04,-1.238154247403144836e-03,7.725073099136352539e+00
-2.171893138438463211e-03,-6.951639661565423012e-04,-9.592165588401257992e-04,7.730367183685302734e+00
-2.236531814560294151e-03,-8.196565322577953339e-04,-9.461871231906116009e-04,7.735221147537231445e+00
-2.314107259735465050e-03,-9.268499561585485935e-04,-8.890912868082523346e-04,7.740259170532226562e+00
-3.196432022377848625e-03,-1.352290564682334661e-04,-1.581130083650350571e-03,7.745208024978637695e+00
-3.206104505807161331e-03,-6.874639075249433517e-05,-1.967679010704159737e-03,7.750196218490600586e+00
-3.349099773913621902e-03,-4.329293733462691307e-05,-2.362419851124286652e-03,7.755197048187255859e+00
-3.493169555440545082e-03,-1.014270856103394181e-05,-2.849416108801960945e-03,7.760426998138427734e+00
-3.563073696568608284e-03,-4.621263360604643822e-05,-3.378750290721654892e-03,7.765197038650512695e+00
-3.644628450274467468e-03,-5.186195994610898197e-05,-4.025123082101345062e-03,7.770236015319824219e+00
-3.705757204443216324e-03,-5.396253618528135121e-05,-4.764697514474391937e-03,7.775345087051391602e+00
-3.300880547612905502e-03,-6.672298331977799535e-05,-2.676025731489062309e-03,7.780538082122802734e+00
-3.328227205201983452e-03,-1.150337266153655946e-04,-2.976545365527272224e-03,7.785210132598876953e+00
-3.358200425282120705e-03,-1.591450127307325602e-04,-3.257637377828359604e-03,7.790338993072509766e+00
-3.390871919691562653e-03,-1.889813283924013376e-04,-3.542212769389152527e-03,7.795409202575683594e+00
-3.451304277405142784e-03,-2.739112824201583862e-04,-3.129537915810942650e-03,7.800367116928100586e+00
-3.505083266645669937e-03,-2.939201949629932642e-04,-2.995300572365522385e-03,7.805296182632446289e+00
-3.486412111669778824e-03,-6.284487899392843246e-04,-2.476800698786973953e-03,7.810337066650390625e+00
-3.276470117270946503e-03,-6.262414390221238136e-04,-2.270049648359417915e-03,7.815267086029052734e+00
-3.173147561028599739e-03,-6.743390695191919804e-04,-1.748661277815699577e-03,7.820582151412963867e+00
-3.033341141417622566e-03,-7.153987535275518894e-04,-1.134692574851214886e-03,7.825345993041992188e+00
-3.050592029467225075e-03,-7.820831960998475552e-04,-7.759555592201650143e-04,7.830428123474121094e+00
-3.003864316269755363e-03,-8.380437502637505531e-04,-2.844244881998747587e-04,7.835328102111816406e+00
-2.976149087771773338e-03,-9.036852279677987099e-04,1.935557520482689142e-04,7.840320110321044922e+00
-3.979778848588466644e-03,-1.789194066077470779e-04,-1.693536643870174885e-03,7.845336198806762695e+00
-4.096488002687692642e-03,-1.471009600209072232e-04,-1.693948986940085888e-03,7.850502014160156250e+00
-4.234038293361663818e-03,-1.125126582337543368e-04,-1.761295367032289505e-03,7.855372190475463867e+00
-4.287782125174999237e-03,-8.223918848671019077e-05,-1.894735149107873440e-03,7.860614061355590820e+00
-4.377324599772691727e-03,-5.993215745547786355e-05,-2.095901407301425934e-03,7.865477085113525391e+00
-4.458067007362842560e-03,-4.474704837775789201e-05,-2.364339306950569153e-03,7.870334148406982422e+00
-3.734085243195295334e-03,-1.751437084749341011e-04,-1.727823168039321899e-03,7.875331163406372070e+00
-3.846566192805767059e-03,-2.104117011185735464e-04,-1.807492924854159355e-03,7.880505084991455078e+00
-3.894235240295529366e-03,-2.447756414767354727e-04,-2.065845066681504250e-03,7.885417222976684570e+00
-3.947735298424959183e-03,-2.840735833160579205e-04,-2.357262186706066132e-03,7.890460014343261719e+00
-3.954867832362651825e-03,-3.177342878188937902e-04,-2.459821989759802818e-03,7.895743131637573242e+00
-3.977118059992790222e-03,-3.562649944797158241e-04,-2.629975089803338051e-03,7.900542020797729492e+00
-3.991722594946622849e-03,-3.923206240870058537e-04,-2.777947345748543739e-03,7.905454158782958984e+00
-4.374206531792879105e-03,-3.867462219204753637e-04,-2.980091609060764313e-03,7.910472154617309570e+00
-4.397326149046421051e-03,-4.068179114256054163e-04,-2.991363639011979103e-03,7.915446043014526367e+00
-4.413057118654251099e-03,-4.266926844138652086e-04,-2.966207917779684067e-03,7.920564174652099609e+00
-4.105127416551113129e-03,-4.648525209631770849e-04,-2.510146237909793854e-03,7.925474166870117188e+00
-3.979062661528587341e-03,-4.911472206003963947e-04,-2.251355675980448723e-03,7.930690050125122070e+00
-3.820338286459445953e-03,-5.024015554226934910e-04,-1.925841672345995903e-03,7.935621023178100586e+00
-3.762190695852041245e-03,-5.397053901106119156e-04,-1.691080862656235695e-03,7.940567016601562500e+00
-4.338899627327919006e-03,-4.831508558709174395e-04,-2.499155467376112938e-03,7.945545196533203125e+00
-4.323251545429229736e-03,-5.496858502738177776e-04,-2.268593059852719307e-03,7.950646162033081055e+00
-4.314078018069267273e-03,-6.309908349066972733e-04,-2.014020225033164024e-03,7.955636024475097656e+00
-4.101191181689500809e-03,-7.210276671685278416e-04,-2.067673485726118088e-03,7.960676193237304688e+00
-3.986944444477558136e-03,-8.217013673856854439e-04,-1.956570893526077271e-03,7.965714216232299805e+00
-3.849274478852748871e-03,-9.307062136940658092e-04,-1.873442553915083408e-03,7.970563173294067383e+00
-3.896009875461459160e-03,-5.748840630985796452e-04,-2.061938401311635971e-03,7.975553035736083984e+00
-3.880113828927278519e-03,-6.330676260404288769e-04,-2.137874253094196320e-03,7.980636119842529297e+00
-3.883263794705271721e-03,-6.981436745263636112e-04,-2.257834421470761299e-03,7.985660076141357422e+00
-3.916406072676181793e-03,-7.645639707334339619e-04,-2.383014187216758728e-03,7.990624189376831055e+00
-3.963944967836141586e-03,-8.342256769537925720e-04,-2.573281992226839066e-03,7.995715141296386719e+00
-4.032129887491464615e-03,-9.074812405742704868e-04,-2.802681876346468925e-03,8.000766038894653320e+00
-4.088968038558959961e-03,-9.625737438909709454e-04,-2.988825552165508270e-03,8.005571126937866211e+00
-4.473702050745487213e-03,-3.432437952142208815e-04,-2.162178978323936462e-03,8.010747194290161133e+00
-4.584606271237134933e-03,-3.366906021255999804e-04,-2.299164654687047005e-03,8.015518188476562500e+00
-4.572147503495216370e-03,-3.428120980970561504e-04,-2.293582074344158173e-03,8.020755052566528320e+00
-4.616210237145423889e-03,-3.498292644508183002e-04,-2.347075613215565681e-03,8.025684118270874023e+00
-4.644916858524084091e-03,-3.496264398563653231e-04,-2.381372265517711639e-03,8.030860185623168945e+00
-4.902649205178022385e-03,-3.413355443626642227e-04,-2.443988574668765068e-03,8.035885095596313477e+00
-5.111566279083490372e-03,-3.361042472533881664e-04,-2.489360515028238297e-03,8.040616035461425781e+00
-6.129496730864048004e-03,-3.911605454050004482e-04,-3.071082988753914833e-03,8.045724153518676758e+00
-6.582982838153839111e-03,-3.814698429778218269e-04,-3.185450565069913864e-03,8.050677061080932617e+00
-6.914281286299228668e-03,-4.222112183924764395e-04,-3.270178101956844330e-03,8.055644035339355469e+00
-7.374813780188560486e-03,-4.455485322978347540e-04,-3.370247082784771919e-03,8.061028003692626953e+00
-7.864180020987987518e-03,-4.759655857924371958e-04,-3.465371904894709587e-03,8.065755128860473633e+00
-8.067245595157146454e-03,-4.644142172764986753e-04,-3.542879363521933556e-03,8.070758104324340820e+00
-4.433209542185068130e-03,-3.562160127330571413e-04,-2.540181856602430344e-03,8.075641155242919922e+00
-4.168560728430747986e-03,-3.206404799129813910e-04,-2.521388465538620949e-03,8.080740213394165039e+00
-4.098917823284864426e-03,-3.420204448048025370e-04,-2.724287798628211021e-03,8.085848093032836914e+00
-3.879458410665392876e-03,-3.464257752057164907e-04,-2.829771256074309349e-03,8.090882062911987305e+00
-3.644421696662902832e-03,-3.670926671475172043e-04,-2.966177184134721756e-03,8.095890998840332031e+00
-3.442040877416729927e-03,-3.953432023990899324e-04,-3.026708494871854782e-03,8.100883007049560547e+00
-3.215024713426828384e-03,-4.259574634488672018e-04,-3.135098144412040710e-03,8.105818033218383789e+00
-5.247526802122592926e-03,-5.306561943143606186e-04,-2.999220741912722588e-03,8.110928058624267578e+00
-5.258474964648485184e-03,-5.344601231627166271e-04,-2.907498041167855263e-03,8.115766048431396484e+00
-5.254636984318494797e-03,-5.187265924178063869e-04,-2.897036261856555939e-03,8.120912075042724609e+00
-5.256201140582561493e-03,-5.055160727351903915e-04,-2.848951146006584167e-03,8.125835180282592773e+00
-5.263767205178737640e-03,-4.978434299118816853e-04,-2.773926593363285065e-03,8.131066083908081055e+00
-5.160186439752578735e-03,-5.527768516913056374e-04,-2.622489118948578835e-03,8.135715007781982422e+00
-5.100506823509931564e-03,-5.842427490279078484e-04,-2.458574250340461731e-03,8.140917062759399414e+00
-5.360147450119256973e-03,-8.685442735441029072e-04,-2.590280259028077126e-03,8.145853042602539062e+00
-5.431601777672767639e-03,-8.830298320390284061e-04,-2.602852415293455124e-03,8.151035070419311523e+00
-5.423159338533878326e-03,-9.623742080293595791e-04,-2.486823825165629387e-03,8.156086206436157227e+00
-5.423568654805421829e-03,-1.051707426086068153e-03,-2.369613153859972954e-03,8.161136150360107422e+00
-5.411539226770401001e-03,-1.162294531241059303e-03,-2.353528980165719986e-03,8.165891170501708984e+00
-5.411621183156967163e-03,-1.271397923119366169e-03,-2.322328509762883186e-03,8.171024084091186523e+00
-5.414306186139583588e-03,-1.390471938066184521e-03,-2.316103084012866020e-03,8.175895214080810547e+00
-5.307629238814115524e-03,-7.447508978657424450e-04,-2.744656056165695190e-03,8.180958986282348633e+00
-5.237506702542304993e-03,-7.932069711387157440e-04,-2.838982269167900085e-03,8.185968160629272461e+00
-5.149463191628456116e-03,-8.462612167932093143e-04,-2.949186600744724274e-03,8.191051006317138672e+00
-5.114260595291852951e-03,-8.325814269483089447e-04,-3.066398436203598976e-03,8.196895122528076172e+00
-5.051419138908386230e-03,-8.348754490725696087e-04,-3.212334355339407921e-03,8.201166152954101562e+00
-4.991364665329456329e-03,-8.209538063965737820e-04,-3.385468386113643646e-03,8.206596136093139648e+00
-5.349925719201564789e-03,-2.810347359627485275e-04,-3.274836810305714607e-03,8.211086988449096680e+00
-5.674021784216165543e-03,-3.672206948976963758e-04,-3.233027644455432892e-03,8.215806007385253906e+00
-5.852941889315843582e-03,-3.741325053852051497e-04,-3.319461597129702568e-03,8.221101999282836914e+00
-6.081603933125734329e-03,-3.942330949939787388e-04,-3.392223501577973366e-03,8.226075172424316406e+00
-6.094557698816061020e-03,-4.157604707870632410e-04,-3.273092210292816162e-03,8.231048107147216797e+00
-6.195446476340293884e-03,-4.498278140090405941e-04,-3.174243727698922157e-03,8.236032009124755859e+00
-6.270579528063535690e-03,-4.939611535519361496e-04,-3.016709117218852043e-03,8.241090059280395508e+00
-5.520817823708057404e-03,-9.092661784961819649e-04,-2.873994410037994385e-03,8.245912075042724609e+00
-5.497056990861892700e-03,-9.950823150575160980e-04,-2.698970958590507507e-03,8.251094102859497070e+00
-5.473468918353319168e-03,-1.095028477720916271e-03,-2.505771117284893990e-03,8.256108999252319336e+00
-5.416134372353553772e-03,-1.152601209469139576e-03,-2.419197000563144684e-03,8.261263132095336914e+00
-5.363095086067914963e-03,-1.230517285875976086e-03,-2.307100221514701843e-03,8.266192197799682617e+00
-5.299599375575780869e-03,-1.302908523939549923e-03,-2.219600370153784752e-03,8.271104097366333008e+00
-5.818502511829137802e-03,-6.697693606838583946e-04,-2.911861753091216087e-03,8.276929140090942383e+00
-5.838776007294654846e-03,-6.877299747429788113e-04,-2.931058872491121292e-03,8.281144142150878906e+00
-5.867052823305130005e-03,-7.060865755192935467e-04,-2.968419343233108521e-03,8.286390066146850586e+00
-5.943517200648784637e-03,-7.322841556742787361e-04,-2.969026099890470505e-03,8.291243076324462891e+00
-6.021189503371715546e-03,-7.522687083110213280e-04,-2.977555617690086365e-03,8.296921014785766602e+00
-6.118608638644218445e-03,-7.708636694587767124e-04,-2.988852793350815773e-03,8.301125049591064453e+00
-6.235240958631038666e-03,-7.868346292525529861e-04,-2.998509677127003670e-03,8.306114196777343750e+00
-6.115010939538478851e-03,-6.655675242654979229e-04,-3.236962715163826942e-03,8.311083078384399414e+00
-6.197494454681873322e-03,-6.717158248648047447e-04,-3.376502543687820435e-03,8.316874027252197266e+00
-6.288368720561265945e-03,-6.731958710588514805e-04,-3.545804414898157120e-03,8.321135044097900391e+00
-6.188726518303155899e-03,-7.012671558186411858e-04,-3.726080292835831642e-03,8.326874017715454102e+00
-6.180634722113609314e-03,-7.278501288965344429e-04,-3.936506807804107666e-03,8.331396102905273438e+00
-6.152463611215353012e-03,-7.551037706434726715e-04,-4.177955444902181625e-03,8.336949110031127930e+00
-6.111628841608762741e-03,-8.360371575690805912e-04,-3.422138048335909843e-03,8.341264009475708008e+00
-6.091998890042304993e-03,-8.927710005082190037e-04,-3.394252154976129532e-03,8.346989154815673828e+00
-6.067750044167041779e-03,-9.544622735120356083e-04,-3.338441718369722366e-03,8.351366043090820312e+00
-6.092786323279142380e-03,-9.917354909703135490e-04,-3.111735684797167778e-03,8.356764078140258789e+00
-6.095118355005979538e-03,-1.058842288330197334e-03,-2.898568054661154747e-03,8.361456155776977539e+00
-6.102344952523708344e-03,-1.134376390837132931e-03,-2.626865636557340622e-03,8.366705179214477539e+00
-6.058937404304742813e-03,-1.265398110263049603e-03,-2.408763859421014786e-03,8.371320009231567383e+00
-6.310724187642335892e-03,-8.238077862188220024e-04,-3.677820321172475815e-03,8.376248121261596680e+00
-6.281988229602575302e-03,-8.705568616278469563e-04,-3.562538651749491692e-03,8.381295204162597656e+00
-6.242370698601007462e-03,-9.275884367525577545e-04,-3.433253383263945580e-03,8.386667013168334961e+00
-6.074070930480957031e-03,-9.975634748116135597e-04,-3.579935524612665176e-03,8.391297101974487305e+00
-5.946670193225145340e-03,-1.067091128788888454e-03,-3.571019973605871201e-03,8.396786212921142578e+00
-5.790837109088897705e-03,-1.144394744187593460e-03,-3.583828452974557877e-03,8.401276111602783203e+00
-5.567384418100118637e-03,-1.186269568279385567e-03,-3.672176506370306015e-03,8.406694173812866211e+00
-5.590811837464570999e-03,-6.973564741201698780e-04,-3.249485976994037628e-03,8.411158084869384766e+00
-5.312613677233457565e-03,-6.971746333874762058e-04,-3.347397549077868462e-03,8.416810989379882812e+00
-5.657715257257223129e-03,-6.302619585767388344e-04,-3.527585649862885475e-03,8.421461105346679688e+00
-5.712753161787986755e-03,-5.820710211992263794e-04,-3.730765078216791153e-03,8.426636219024658203e+00
-5.840308032929897308e-03,-5.258483579382300377e-04,-3.976425621658563614e-03,8.431576013565063477e+00
-5.853190086781978607e-03,-5.011927569285035133e-04,-4.012099932879209518e-03,8.436858177185058594e+00
-6.334528792649507523e-03,-3.693087201099842787e-04,-3.577688941732048988e-03,8.441309213638305664e+00
-6.470141466706991196e-03,-3.146599337924271822e-04,-3.579758107662200928e-03,8.446635007858276367e+00
-6.650471128523349762e-03,-3.062698815483599901e-04,-3.321522381156682968e-03,8.451520204544067383e+00
-6.842193193733692169e-03,-2.736190217547118664e-04,-3.135381964966654778e-03,8.456741094589233398e+00
-7.057910785079002380e-03,-2.432975306874141097e-04,-2.888877177610993385e-03,8.461769104003906250e+00
-7.056159432977437973e-03,-2.742102951742708683e-04,-2.683713799342513084e-03,8.466899156570434570e+00
-7.112781982868909836e-03,-2.978834963869303465e-04,-2.392013557255268097e-03,8.471520185470581055e+00
-6.282844115048646927e-03,-9.472560486756265163e-04,-4.557040054351091385e-03,8.476866006851196289e+00
-6.097317673265933990e-03,-1.083774841390550137e-03,-4.460199270397424698e-03,8.481515169143676758e+00
-6.025870796293020248e-03,-1.163848792202770710e-03,-4.686576779931783676e-03,8.486759185791015625e+00
-5.840143188834190369e-03,-1.299103954806923866e-03,-4.717446397989988327e-03,8.491649150848388672e+00
-5.632580723613500595e-03,-1.442835549823939800e-03,-4.769159480929374695e-03,8.496865987777709961e+00
-5.464738700538873672e-03,-1.566724269650876522e-03,-4.914845339953899384e-03,8.501874208450317383e+00
-5.268404260277748108e-03,-1.700288034044206142e-03,-5.063939839601516724e-03,8.506857156753540039e+00
-5.648719612509012222e-03,-4.761723976116627455e-04,-3.001522272825241089e-03,8.511584997177124023e+00
-5.423565395176410675e-03,-4.297516716178506613e-04,-3.009289503097534180e-03,8.517014026641845703e+00
-5.221862345933914185e-03,-4.068794369231909513e-04,-3.034741384908556938e-03,8.521613121032714844e+00
-5.002608057111501694e-03,-3.805845335591584444e-04,-3.093237755820155144e-03,8.526908159255981445e+00
-4.959597252309322357e-03,-3.545913787093013525e-04,-3.257331904023885727e-03,8.531660079956054688e+00
-4.870907869189977646e-03,-3.192707954440265894e-04,-3.439805470407009125e-03,8.536939144134521484e+00
-6.375159136950969696e-03,-3.427437331993132830e-04,-3.839478828012943268e-03,8.541596174240112305e+00
-6.669491995126008987e-03,-3.217156045138835907e-04,-4.093683324754238129e-03,8.547066211700439453e+00
-6.955114193260669708e-03,-2.858650695998221636e-04,-4.397998563945293427e-03,8.551726102828979492e+00
-7.304953411221504211e-03,-2.459166862536221743e-04,-4.753250163048505783e-03,8.556857109069824219e+00
-7.717669941484928131e-03,-1.922239316627383232e-04,-5.148197524249553680e-03,8.561984062194824219e+00
-7.950895465910434723e-03,-1.481335784774273634e-04,-5.188300274312496185e-03,8.566949129104614258e+00
-8.326479233801364899e-03,-8.104908920358866453e-05,-5.400738213211297989e-03,8.571556091308593750e+00
-7.303145248442888260e-03,-3.693515609484165907e-04,-4.193843808025121689e-03,8.576959133148193359e+00
-7.254170719534158707e-03,-4.148487350903451443e-04,-3.872920293360948563e-03,8.581723213195800781e+00
-7.345293182879686356e-03,-4.153657937422394753e-04,-3.640680341050028801e-03,8.587022066116333008e+00
-7.406333461403846741e-03,-4.256592656020075083e-04,-3.334864042699337006e-03,8.591840028762817383e+00
-7.351936306804418564e-03,-4.599865351337939501e-04,-3.042915370315313339e-03,8.597166061401367188e+00
-7.279130630195140839e-03,-5.009537562727928162e-04,-2.656402299180626869e-03,8.601799011230468750e+00
-7.150816265493631363e-03,-5.529493209905922413e-04,-2.216343535110354424e-03,8.606929063796997070e+00
-6.537187378853559494e-03,-1.121001318097114563e-03,-4.432081710547208786e-03,8.611787080764770508e+00
-6.393732968717813492e-03,-1.236956566572189331e-03,-4.278606269508600235e-03,8.616928100585937500e+00
-6.243068259209394455e-03,-1.361635280773043633e-03,-4.128595348447561264e-03,8.621912002563476562e+00
-6.239721085876226425e-03,-1.487322617322206497e-03,-4.063287284225225449e-03,8.627109050750732422e+00
-6.207016296684741974e-03,-1.623909571208059788e-03,-3.976831678301095963e-03,8.631826162338256836e+00
-6.211403291672468185e-03,-1.769013353623449802e-03,-3.910214174538850784e-03,8.637150049209594727e+00
-6.670856848359107971e-03,-8.409472648054361343e-04,-3.511262359097599983e-03,8.641841173171997070e+00
-6.653749849647283554e-03,-9.246297995559871197e-04,-3.522811457514762878e-03,8.646948099136352539e+00
-6.744544021785259247e-03,-1.002466771751642227e-03,-3.531845752149820328e-03,8.651901006698608398e+00
-6.849722005426883698e-03,-1.090221223421394825e-03,-3.568192711099982262e-03,8.656908988952636719e+00
-6.867106538265943527e-03,-1.077485503628849983e-03,-3.766468958929181099e-03,8.662155151367187500e+00
-6.913490127772092819e-03,-1.088534714654088020e-03,-3.976330161094665527e-03,8.667087078094482422e+00
-6.944569293409585953e-03,-1.073578023351728916e-03,-4.255969077348709106e-03,8.671729087829589844e+00
-7.261672988533973694e-03,-2.321531501365825534e-04,-4.243975039571523666e-03,8.676951169967651367e+00
-7.397217676043510437e-03,-1.507119013695046306e-04,-4.606907255947589874e-03,8.681931018829345703e+00
-7.561899721622467041e-03,-7.186910079326480627e-05,-5.027071572840213776e-03,8.686992168426513672e+00
-7.631655782461166382e-03,-1.688325755822006613e-05,-5.172085948288440704e-03,8.691890001296997070e+00
-7.747739553451538086e-03,3.724405542016029358e-05,-5.421069450676441193e-03,8.697202205657958984e+00
-7.856003940105438232e-03,8.820778020890429616e-05,-5.629281979054212570e-03,8.702008008956909180e+00
-8.093995973467826843e-03,1.316487905569374561e-04,-5.563054699450731277e-03,8.707102060317993164e+00
-7.734740152955055237e-03,-1.373497419990599155e-03,-5.522888153791427612e-03,8.711960077285766602e+00
-7.980071939527988434e-03,-1.515713171102106571e-03,-5.365477409213781357e-03,8.717071056365966797e+00
-7.848741486668586731e-03,-1.615519053302705288e-03,-5.407933611422777176e-03,8.722033023834228516e+00
-7.882578298449516296e-03,-1.754615921527147293e-03,-5.240075290203094482e-03,8.727101087570190430e+00
-7.866483181715011597e-03,-1.885413541458547115e-03,-5.032918415963649750e-03,8.731968164443969727e+00
-7.801734376698732376e-03,-2.010121243074536324e-03,-4.775668494403362274e-03,8.737002134323120117e+00
-6.978325080126523972e-03,-8.429609006270766258e-04,-4.299092106521129608e-03,8.741970062255859375e+00
-6.795778870582580566e-03,-8.758245967328548431e-04,-4.216419998556375504e-03,8.747194051742553711e+00
-6.564325187355279922e-03,-9.149920078925788403e-04,-4.153707996010780334e-03,8.751837015151977539e+00
-6.492259446531534195e-03,-8.166820625774562359e-04,-4.273459315299987793e-03,8.757194042205810547e+00
-6.289999932050704956e-03,-7.799037848599255085e-04,-4.359870217740535736e-03,8.762098073959350586e+00
-6.071455776691436768e-03,-7.214131182990968227e-04,-4.499492235481739044e-03,8.767110109329223633e+00
-5.886041559278964996e-03,-7.316301343962550163e-04,-4.681509919464588165e-03,8.772189140319824219e+00
-5.876906216144561768e-03,-6.368607864715158939e-04,-4.086955916136503220e-03,8.777120113372802734e+00
-5.714991595596075058e-03,-6.686965352855622768e-04,-4.283673595637083054e-03,8.782064199447631836e+00
-5.585453007370233536e-03,-6.841061986051499844e-04,-4.178759641945362091e-03,8.787256002426147461e+00
-5.443319212645292282e-03,-7.271072245202958584e-04,-4.234739579260349274e-03,8.792203187942504883e+00
-5.306234117597341537e-03,-7.860176847316324711e-04,-4.266934003680944443e-03,8.797207117080688477e+00
-5.439464002847671509e-03,-8.877300424501299858e-04,-4.141702316701412201e-03,8.801937103271484375e+00
-6.685144733637571335e-03,-8.931235643103718758e-04,-4.700772464275360107e-03,8.807170152664184570e+00
-7.002740167081356049e-03,-9.875915711745619774e-04,-4.562603775411844254e-03,8.812187194824218750e+00
-7.403378840535879135e-03,-1.091580023057758808e-03,-4.377839621156454086e-03,8.817117214202880859e+00
-7.674908265471458435e-03,-1.121288631111383438e-03,-4.055919591337442398e-03,8.822085142135620117e+00
-8.121445775032043457e-03,-1.214623334817588329e-03,-3.712467150762677193e-03,8.827347993850708008e+00
-8.618023246526718140e-03,-1.316664973273873329e-03,-3.297274233773350716e-03,8.832271099090576172e+00
-8.864410221576690674e-03,-1.389609533362090588e-03,-3.044545417651534081e-03,8.837120056152343750e+00
-6.855894345790147781e-03,-6.895888946019113064e-04,-3.842312376946210861e-03,8.842223167419433594e+00
-6.857163738459348679e-03,-6.632181466557085514e-04,-3.650147700682282448e-03,8.847157001495361328e+00
-6.819392554461956024e-03,-6.346647278405725956e-04,-3.963474649935960770e-03,8.852289199829101562e+00
-6.748359650373458862e-03,-6.022409652359783649e-04,-4.073657095432281494e-03,8.857125997543334961e+00
-6.641471292823553085e-03,-5.669599631801247597e-04,-4.262825008481740952e-03,8.862338066101074219e+00
-6.563705857843160629e-03,-5.958647816441953182e-04,-4.419860430061817169e-03,8.867222070693969727e+00
-6.440407596528530121e-03,-6.075978162698447704e-04,-4.674034658819437027e-03,8.872104167938232422e+00
-5.738787353038787842e-03,-7.396225119009613991e-04,-3.376997308805584908e-03,8.877325057983398438e+00
-5.696106236428022385e-03,-7.560561061836779118e-04,-3.164873924106359482e-03,8.882194042205810547e+00
-5.584390833973884583e-03,-8.034557686187326908e-04,-3.108880016952753067e-03,8.887181997299194336e+00
-5.483527202159166336e-03,-8.630954544059932232e-04,-3.021403914317488670e-03,8.892226219177246094e+00
-5.266930442303419113e-03,-9.577629971317946911e-04,-2.711133565753698349e-03,8.897637128829956055e+00
-5.080703180283308029e-03,-1.046492485329508781e-03,-2.427234081551432610e-03,8.902163028717041016e+00
-5.922910291701555252e-03,-1.001167460344731808e-03,-4.802263807505369186e-03,8.907283067703247070e+00
-5.765196867287158966e-03,-1.062859315425157547e-03,-4.640693310648202896e-03,8.912218093872070312e+00
-5.593551322817802429e-03,-1.100143650546669960e-03,-4.711208865046501160e-03,8.917367219924926758e+00
-5.392236635088920593e-03,-1.171990530565381050e-03,-4.587924573570489883e-03,8.922284126281738281e+00
-5.173769779503345490e-03,-1.253601396456360817e-03,-4.453465342521667480e-03,8.927496194839477539e+00
-5.068486090749502182e-03,-1.365098054520785809e-03,-4.419902805238962173e-03,8.932358026504516602e+00
-4.917089827358722687e-03,-1.474515884183347225e-03,-4.347048699855804443e-03,8.937227010726928711e+00
-5.578615237027406693e-03,-9.266006527468562126e-04,-4.079379606992006302e-03,8.942296028137207031e+00
-5.423107184469699860e-03,-9.100901079364120960e-04,-4.263463895767927170e-03,8.947274208068847656e+00
-5.334191489964723587e-03,-9.218433988280594349e-04,-4.370985552668571472e-03,8.952337026596069336e+00
-5.234431475400924683e-03,-9.166243835352361202e-04,-4.526518285274505615e-03,8.957442998886108398e+00
-5.237957928329706192e-03,-8.955852827057242393e-04,-4.839377012103796005e-03,8.962576150894165039e+00
-5.213607102632522583e-03,-8.705593063496053219e-04,-5.183962173759937286e-03,8.967494010925292969e+00
-5.211194977164268494e-03,-8.347371476702392101e-04,-5.609427113085985184e-03,8.972308158874511719e+00
-5.097734741866588593e-03,-5.168314091861248016e-04,-4.391442518681287766e-03,8.977310180664062500e+00
-5.100476555526256561e-03,-4.929397837258875370e-04,-4.747611470520496368e-03,8.982266187667846680e+00
-5.111111328005790710e-03,-4.697125114034861326e-04,-5.160028114914894104e-03,8.987491130828857422e+00
-5.130182951688766479e-03,-4.400492471177130938e-04,-5.637908354401588440e-03,8.992458105087280273e+00
-5.082791671156883240e-03,-3.664135001599788666e-04,-5.829999689012765884e-03,8.997675180435180664e+00
-5.066342186182737350e-03,-2.949986082967370749e-04,-6.195064168423414230e-03,9.002448081970214844e+00
-5.012430716305971146e-03,-6.990200490690767765e-04,-5.153754260390996933e-03,9.007471084594726562e+00
-4.985814914107322693e-03,-8.956010569818317890e-04,-4.960997961461544037e-03,9.012480020523071289e+00
-4.936365876346826553e-03,-9.719606023281812668e-04,-4.911582451313734055e-03,9.017423152923583984e+00
-4.882468841969966888e-03,-1.062376773916184902e-03,-4.806789103895425797e-03,9.022467136383056641e+00
-4.848706535995006561e-03,-1.104875118471682072e-03,-4.709167405962944031e-03,9.027700185775756836e+00
-4.815341904759407043e-03,-1.191252726130187511e-03,-4.541473928838968277e-03,9.032550096511840820e+00
-4.786711651831865311e-03,-1.279757590964436531e-03,-4.337307531386613846e-03,9.037505149841308594e+00
-4.583558533340692520e-03,-1.202103449031710625e-03,-4.433671478182077408e-03,9.042559146881103516e+00
-4.566978663206100464e-03,-1.324636046774685383e-03,-4.330351483076810837e-03,9.047890186309814453e+00
-4.549473058432340622e-03,-1.448328839614987373e-03,-4.243975970894098282e-03,9.052579164505004883e+00
-4.527552518993616104e-03,-1.537639647722244263e-03,-4.300441127270460129e-03,9.057583093643188477e+00
-4.510312341153621674e-03,-1.630046754144132137e-03,-4.336422774940729141e-03,9.062718152999877930e+00
-4.493529908359050751e-03,-1.710796845145523548e-03,-4.418978467583656311e-03,9.067517995834350586e+00
-4.477215465158224106e-03,-1.784071209840476513e-03,-4.545273259282112122e-03,9.072559118270874023e+00
-3.889483632519841194e-03,-8.391599403694272041e-04,-3.879267256706953049e-03,9.077612161636352539e+00
-3.764654975384473801e-03,-8.656619465909898281e-04,-4.073637071996927261e-03,9.082558155059814453e+00
-3.627051366493105888e-03,-9.000228019431233406e-04,-4.326375201344490051e-03,9.087635040283203125e+00
-3.717773128300905228e-03,-8.320295601151883602e-04,-4.514868371188640594e-03,9.092558145523071289e+00
-3.692872822284698486e-03,-8.036023355089128017e-04,-4.809010308235883713e-03,9.097805023193359375e+00
-3.689948469400405884e-03,-7.509416900575160980e-04,-5.151867400854825974e-03,9.102612018585205078e+00
-4.038882907480001450e-03,-1.075520645827054977e-03,-4.113127943128347397e-03,9.107551097869873047e+00
-4.053953103721141815e-03,-1.170527073554694653e-03,-4.101965110749006271e-03,9.112726211547851562e+00
-4.072020761668682098e-03,-1.284829340875148773e-03,-4.056658595800399780e-03,9.117876052856445312e+00
-4.122621845453977585e-03,-1.354864914901554585e-03,-3.769896691665053368e-03,9.122709989547729492e+00
-4.166338592767715454e-03,-1.471104915253818035e-03,-3.518876852467656136e-03,9.127895116806030273e+00
-4.218902904540300369e-03,-1.596698188222944736e-03,-3.193646902218461037e-03,9.132649183273315430e+00
-4.296152386814355850e-03,-1.675286912359297276e-03,-2.917752135545015335e-03,9.137748003005981445e+00
-4.149775952100753784e-03,-9.844290325418114662e-04,-4.981867037713527679e-03,9.142732143402099609e+00
-4.223650787025690079e-03,-9.646178223192691803e-04,-4.886386916041374207e-03,9.147746086120605469e+00
-4.251177422702312469e-03,-1.070143771357834339e-03,-4.941245075315237045e-03,9.152865171432495117e+00
-4.314735997468233109e-03,-1.132632838562130928e-03,-4.886450711637735367e-03,9.157737016677856445e+00
-4.377819132059812546e-03,-1.215684926137328148e-03,-4.829426296055316925e-03,9.162963151931762695e+00
-4.437067545950412750e-03,-1.312711974605917931e-03,-4.774902947247028351e-03,9.167762041091918945e+00
-4.215511027723550797e-03,-1.301952288486063480e-03,-4.821377340704202652e-03,9.172743082046508789e+00
-2.916472498327493668e-03,-8.072382770478725433e-04,-3.573929425328969955e-03,9.177749156951904297e+00
-2.561847213655710220e-03,-7.469622069038450718e-04,-3.525055013597011566e-03,9.182753086090087891e+00
-2.447016304358839989e-03,-7.702369475737214088e-04,-3.721898421645164490e-03,9.187914133071899414e+00
-2.162934280931949615e-03,-7.443905342370271683e-04,-3.851055167615413666e-03,9.192873001098632812e+00
-1.870635547675192356e-03,-7.176780491136014462e-04,-4.038260318338871002e-03,9.197902202606201172e+00
-1.594423665665090084e-03,-6.717625656165182590e-04,-4.131900612264871597e-03,9.202882051467895508e+00
-2.797715598717331886e-03,-1.163360546343028545e-03,-3.597600385546684265e-03,9.207885026931762695e+00
-2.654961543157696724e-03,-1.193079981021583080e-03,-3.674126695841550827e-03,9.212874174118041992e+00
-2.762265736237168312e-03,-1.270927023142576218e-03,-3.581611439585685730e-03,9.218152999877929688e+00
-2.783712465316057205e-03,-1.333078020252287388e-03,-3.564292797818779945e-03,9.222944021224975586e+00
-2.850792603567242622e-03,-1.400664099492132664e-03,-3.522953251376748085e-03,9.228164196014404297e+00
-2.836539410054683685e-03,-1.420429558493196964e-03,-3.551427973434329033e-03,9.232868194580078125e+00
-2.886888571083545685e-03,-1.466657384298741817e-03,-3.546638647094368935e-03,9.237719058990478516e+00
-3.439433407038450241e-03,-1.324616721831262112e-03,-3.959544003009796143e-03,9.242805004119873047e+00
-3.519201185554265976e-03,-1.366231706924736500e-03,-3.961672075092792511e-03,9.247902154922485352e+00
-3.510091919451951981e-03,-1.401763758622109890e-03,-4.184684250503778458e-03,9.252835988998413086e+00
-3.557327436283230782e-03,-1.433729543350636959e-03,-4.330985248088836670e-03,9.257893085479736328e+00
-3.602563170716166496e-03,-1.469089067541062832e-03,-4.510699771344661713e-03,9.263107061386108398e+00
-3.592041088268160820e-03,-1.494693919084966183e-03,-4.702399019151926041e-03,9.268107175827026367e+00
-3.583044279366731644e-03,-1.517290016636252403e-03,-4.933533724397420883e-03,9.272946119308471680e+00
-2.960163168609142303e-03,-1.084734452888369560e-03,-4.955603741109371185e-03,9.278087139129638672e+00
-3.057300811633467674e-03,-1.086983946152031422e-03,-4.884147085249423981e-03,9.282970190048217773e+00
-3.050878411158919334e-03,-1.053710235282778740e-03,-4.983501508831977844e-03,9.288141012191772461e+00
-3.061732510104775429e-03,-1.019404386170208454e-03,-5.053927190601825714e-03,9.292924165725708008e+00
-3.107115859165787697e-03,-9.919709991663694382e-04,-4.994812421500682831e-03,9.298122167587280273e+00
-3.167849965393543243e-03,-9.700069786049425602e-04,-4.917122423648834229e-03,9.302949190139770508e+00
-2.982616424560546875e-03,-1.409923541359603405e-03,-4.831233061850070953e-03,9.308137178421020508e+00
-2.805962460115551949e-03,-1.553774345666170120e-03,-4.681800026446580887e-03,9.312977075576782227e+00
-2.732824767008423805e-03,-1.677753869444131851e-03,-4.451335873454809189e-03,9.318180084228515625e+00
-2.635345095768570900e-03,-1.828017877414822578e-03,-4.168974235653877258e-03,9.322946071624755859e+00
-2.678798511624336243e-03,-1.954110106453299522e-03,-3.989937715232372284e-03,9.328675031661987305e+00
-2.675206167623400688e-03,-2.104633487761020660e-03,-3.739837324246764183e-03,9.333139181137084961e+00
-2.693899208679795265e-03,-2.270258264616131783e-03,-3.479291219264268875e-03,9.338085174560546875e+00
-3.757525235414505005e-03,-1.587009406648576260e-03,-3.894799388945102692e-03,9.343102216720581055e+00
-3.976935986429452896e-03,-1.591670443303883076e-03,-4.040668252855539322e-03,9.348198175430297852e+00
-4.200086463242769241e-03,-1.632467960007488728e-03,-4.021621774882078171e-03,9.353101015090942383e+00
-4.453463945537805557e-03,-1.680112909525632858e-03,-4.045281559228897095e-03,9.358123064041137695e+00
-4.468336235731840134e-03,-1.652780920267105103e-03,-4.199794027954339981e-03,9.363353013992309570e+00
-4.550679586827754974e-03,-1.636257395148277283e-03,-4.385715816169977188e-03,9.368122100830078125e+00
-4.586155992001295090e-03,-1.595505280420184135e-03,-4.639571066945791245e-03,9.373239040374755859e+00
-2.720378804951906204e-03,-1.021844916976988316e-03,-3.554281778633594513e-03,9.378110170364379883e+00
-2.469958504661917686e-03,-9.686970734037458897e-04,-3.848408116027712822e-03,9.383118152618408203e+00
-2.177100861445069313e-03,-9.308174485340714455e-04,-4.216305911540985107e-03,9.388406038284301758e+00
-2.088428009301424026e-03,-8.699556346982717514e-04,-4.436532501131296158e-03,9.393237113952636719e+00
-1.921169692650437355e-03,-8.166434126906096935e-04,-4.759247414767742157e-03,9.398269176483154297e+00
-1.782461651600897312e-03,-7.565421401523053646e-04,-5.089745856821537018e-03,9.403235197067260742e+00
-1.226764987222850323e-03,-1.866953563876450062e-03,-4.329117480665445328e-03,9.408272027969360352e+00
-7.355681736953556538e-04,-1.988684525713324547e-03,-4.317570477724075317e-03,9.413228034973144531e+00
-1.914842287078499794e-04,-2.102395053952932358e-03,-4.228626377880573273e-03,9.418248176574707031e+00
4.035837773699313402e-04,-2.226991113275289536e-03,-4.080600570887327194e-03,9.423229217529296875e+00
7.075148751027882099e-04,-2.373245311900973320e-03,-3.980237990617752075e-03,9.428553104400634766e+00
1.173198805190622807e-03,-2.509891986846923828e-03,-3.779379418119788170e-03,9.433340072631835938e+00
1.622753217816352844e-03,-2.664888743311166763e-03,-3.538911929354071617e-03,9.438246011734008789e+00
-2.172078005969524384e-03,-1.813044771552085876e-03,-4.924875218421220779e-03,9.443238019943237305e+00
-2.168012084439396858e-03,-1.851512817665934563e-03,-4.964713472872972488e-03,9.448435068130493164e+00
-2.196679124608635902e-03,-1.894634566269814968e-03,-5.019666627049446106e-03,9.453313112258911133e+00
-2.328099217265844345e-03,-1.887539052404463291e-03,-5.197575781494379044e-03,9.458387136459350586e+00
-2.487918362021446228e-03,-1.893773674964904785e-03,-5.366962868720293045e-03,9.463467121124267578e+00
-2.702094381675124168e-03,-1.886522280983626842e-03,-5.582361482083797455e-03,9.468408107757568359e+00
-3.120259847491979599e-03,-1.417367020621895790e-03,-3.637445392087101936e-03,9.473344087600708008e+00
-3.456667996942996979e-03,-1.328050857409834862e-03,-3.716420382261276245e-03,9.478416204452514648e+00
-3.847677260637283325e-03,-1.227676169946789742e-03,-3.831154434010386467e-03,9.483371019363403320e+00
-3.260483499616384506e-03,-1.323489705100655556e-03,-4.098442848771810532e-03,9.488468170166015625e+00
-3.319471143186092377e-03,-1.291058608330786228e-03,-4.360445309430360794e-03,9.493486166000366211e+00
-3.341832896694540977e-03,-1.270995591767132282e-03,-4.673318471759557724e-03,9.498529195785522461e+00
-3.328274236992001534e-03,-1.252859248779714108e-03,-5.018911324441432953e-03,9.503376007080078125e+00
-3.549858462065458298e-03,-1.702496665529906750e-03,-4.628649447113275528e-03,9.508419990539550781e+00
-3.813778283074498177e-03,-1.691637211479246616e-03,-4.755655303597450256e-03,9.513383150100708008e+00
-4.128230735659599304e-03,-1.676423824392259121e-03,-4.876186605542898178e-03,9.518504142761230469e+00
-3.774171462282538414e-03,-1.545330393128097057e-03,-4.476210568100214005e-03,9.523458003997802734e+00
-3.767820540815591812e-03,-1.487953122705221176e-03,-4.270705394446849823e-03,9.528787136077880859e+00
-3.703421214595437050e-03,-1.425375812686979771e-03,-3.979223314672708511e-03,9.533446073532104492e+00
-3.768432419747114182e-03,-1.462076324969530106e-03,-3.881454933434724808e-03,9.538461208343505859e+00
-3.046818310394883156e-03,-2.038591075688600540e-03,-4.952588118612766266e-03,9.543322086334228516e+00
-2.981878817081451416e-03,-2.126206178218126297e-03,-4.861515481024980545e-03,9.548476219177246094e+00
-2.659089164808392525e-03,-2.185387304052710533e-03,-4.900615196675062180e-03,9.553441047668457031e+00
-2.423266414552927017e-03,-2.277140039950609207e-03,-4.865072201937437057e-03,9.558438062667846680e+00
-2.135740127414464951e-03,-2.371706999838352203e-03,-4.839187487959861755e-03,9.563558101654052734e+00
-2.129131462424993515e-03,-2.428836189210414886e-03,-4.880196414887905121e-03,9.568559169769287109e+00
-3.735001198947429657e-03,-1.808212371543049812e-03,-5.174381658434867859e-03,9.573449134826660156e+00
-3.981790505349636078e-03,-1.765314373187720776e-03,-5.316024646162986755e-03,9.578560113906860352e+00
-4.554376471787691116e-03,-1.800538506358861923e-03,-5.432031583040952682e-03,9.583555221557617188e+00
-5.078247282654047012e-03,-1.783411134965717793e-03,-5.591591354459524155e-03,9.588499069213867188e+00
-5.707643926143646240e-03,-1.795061863958835602e-03,-5.754426121711730957e-03,9.593548059463500977e+00
-6.440171971917152405e-03,-1.841131015680730343e-03,-5.943051539361476898e-03,9.598822116851806641e+00
-6.543267052620649338e-03,-1.884398749098181725e-03,-5.828395020216703415e-03,9.603581190109252930e+00
-2.024893881753087044e-03,-2.307427348569035530e-03,-4.101940896362066269e-03,9.608602046966552734e+00
-1.742330961860716343e-03,-2.450885251164436340e-03,-3.842194797471165657e-03,9.613564014434814453e+00
-1.841290271840989590e-03,-2.288979478180408478e-03,-3.670715726912021637e-03,9.618632078170776367e+00
-1.734133460558950901e-03,-2.301249187439680099e-03,-3.400980494916439056e-03,9.623736143112182617e+00
-1.652639126405119896e-03,-2.301976783201098442e-03,-3.106100251898169518e-03,9.628926992416381836e+00
-1.516212476417422295e-03,-2.470300532877445221e-03,-2.847339492291212082e-03,9.633754014968872070e+00
-1.415920560248196125e-03,-2.578872255980968475e-03,-2.551747718825936317e-03,9.638580083847045898e+00
-3.768377704545855522e-03,-2.089495304971933365e-03,-4.536756779998540878e-03,9.643572092056274414e+00
-3.859345801174640656e-03,-2.041602041572332382e-03,-4.418024327605962753e-03,9.648583173751831055e+00
-3.946509677916765213e-03,-2.060589380562305450e-03,-4.286600742489099503e-03,9.653559207916259766e+00
-4.038407001644372940e-03,-2.079358091577887535e-03,-4.134460352361202240e-03,9.658625125885009766e+00
-4.053899552673101425e-03,-2.169046318158507347e-03,-4.070019815117120743e-03,9.663527011871337891e+00
-4.086631350219249725e-03,-2.237401204183697701e-03,-3.986777272075414658e-03,9.668709039688110352e+00
-4.028880037367343903e-03,-2.085872692987322807e-03,-4.715440329164266586e-03,9.673698186874389648e+00
-3.993568476289510727e-03,-2.124632708728313446e-03,-4.820418078452348709e-03,9.678783178329467773e+00
-3.740758635103702545e-03,-2.068567555397748947e-03,-4.704908467829227448e-03,9.683709144592285156e+00
-3.555360250174999237e-03,-2.076101955026388168e-03,-4.713048227131366730e-03,9.688771009445190430e+00
-3.321893746033310890e-03,-2.078114775940775871e-03,-4.718096926808357239e-03,9.693828105926513672e+00
-3.222442464902997017e-03,-2.128221793100237846e-03,-4.626241512596607208e-03,9.698837041854858398e+00
-3.050203435122966766e-03,-2.167476108297705650e-03,-4.543391056358814240e-03,9.703710079193115234e+00
-4.201456438750028610e-03,-2.243351889774203300e-03,-4.573618527501821518e-03,9.708926200866699219e+00
-4.283774178475141525e-03,-2.305173547938466072e-03,-4.427495412528514862e-03,9.713746070861816406e+00
-4.335168749094009399e-03,-2.392134163528680801e-03,-4.216733854264020920e-03,9.718589067459106445e+00
-4.408161621540784836e-03,-2.483502030372619629e-03,-3.976618405431509018e-03,9.723785161972045898e+00
-4.422354511916637421e-03,-2.512078732252120972e-03,-3.854785580188035965e-03,9.728949069976806641e+00
-4.470599349588155746e-03,-2.565138274803757668e-03,-3.684740746393799782e-03,9.733856201171875000e+00
-4.518678411841392517e-03,-2.611826872453093529e-03,-3.529306501150131226e-03,9.738808155059814453e+00
-4.264743067324161530e-03,-1.880935276858508587e-03,-4.682315047830343246e-03,9.743862152099609375e+00
-4.155604168772697449e-03,-1.901284675113856792e-03,-4.737569950520992279e-03,9.748814105987548828e+00
-4.012368619441986084e-03,-1.939397305250167847e-03,-4.827469587326049805e-03,9.753862142562866211e+00
-3.832928370684385300e-03,-1.988200237974524498e-03,-4.948931280523538589e-03,9.758864164352416992e+00
-3.867914201691746712e-03,-1.962004695087671280e-03,-5.060086492449045181e-03,9.764080047607421875e+00
-3.787497291341423988e-03,-1.973886275663971901e-03,-5.213435273617506027e-03,9.768882036209106445e+00
-3.982833120971918106e-03,-1.902553369291126728e-03,-4.997856914997100830e-03,9.773871183395385742e+00
-4.096290562301874161e-03,-1.855059410445392132e-03,-5.045657977461814880e-03,9.778910160064697266e+00
-4.171863663941621780e-03,-1.816229661926627159e-03,-5.161538254469633102e-03,9.784043073654174805e+00
-4.280196502804756165e-03,-1.773525029420852661e-03,-5.283385049551725388e-03,9.788812160491943359e+00
-4.438953008502721786e-03,-1.792201539501547813e-03,-5.415598396211862564e-03,9.794126987457275391e+00
-4.628287162631750107e-03,-1.783666666597127914e-03,-5.556666757911443710e-03,9.799022197723388672e+00
-4.857278428971767426e-03,-1.775241224095225334e-03,-5.707705859094858170e-03,9.803884029388427734e+00
-4.657109733670949936e-03,-1.857029157690703869e-03,-5.487252958118915558e-03,9.808765172958374023e+00
-4.684622865170240402e-03,-1.831358531489968300e-03,-5.388710647821426392e-03,9.813997030258178711e+00
-4.680214449763298035e-03,-1.800964470021426678e-03,-5.234743002802133560e-03,9.819006204605102539e+00
-4.916997160762548447e-03,-1.831442583352327347e-03,-5.122245289385318756e-03,9.824045181274414062e+00
-5.081906914710998535e-03,-1.846872502937912941e-03,-4.922593478113412857e-03,9.829127073287963867e+00
-5.292654037475585938e-03,-1.878420240245759487e-03,-4.686212167143821716e-03,9.833998203277587891e+00
-5.471726413816213608e-03,-1.911547500640153885e-03,-4.552322439849376678e-03,9.839011192321777344e+00
-4.185103811323642731e-03,-1.925794174894690514e-03,-4.555113613605499268e-03,9.844044208526611328e+00
-4.067092202603816986e-03,-1.891896943561732769e-03,-4.160898271948099136e-03,9.849014997482299805e+00
-3.937388304620981216e-03,-1.853357884101569653e-03,-3.715113038197159767e-03,9.854000091552734375e+00
-4.708071239292621613e-03,-2.101747086271643639e-03,-5.124006420373916626e-03,9.858924150466918945e+00
-4.813379608094692230e-03,-2.105645602568984032e-03,-5.133416969329118729e-03,9.864122152328491211e+00
-4.931727424263954163e-03,-2.136039081960916519e-03,-5.160039290785789490e-03,9.869029045104980469e+00
-4.652360919862985611e-03,-1.931105158291757107e-03,-4.686566535383462906e-03,9.874095201492309570e+00
-4.409699235111474991e-03,-1.924544339999556541e-03,-4.700301680713891983e-03,9.878998994827270508e+00
-4.103948827832937241e-03,-1.914599211886525154e-03,-4.740242846310138702e-03,9.884187221527099609e+00
-3.948953002691268921e-03,-1.898804912343621254e-03,-4.623190965503454208e-03,9.889115095138549805e+00
-3.655363572761416435e-03,-1.885164412669837475e-03,-4.607713781297206879e-03,9.894237995147705078e+00
-3.338711569085717201e-03,-1.867319690063595772e-03,-4.595128353685140610e-03,9.899289131164550781e+00
-3.131778212264180183e-03,-1.804960775189101696e-03,-4.652128554880619049e-03,9.904151201248168945e+00
-5.386095494031906128e-03,-1.970321638509631157e-03,-5.328949075192213058e-03,9.909123182296752930e+00
-5.405714735388755798e-03,-1.922725467011332512e-03,-5.414326209574937820e-03,9.914113998413085938e+00
-5.395863205194473267e-03,-2.057973528280854225e-03,-5.344149190932512283e-03,9.919099092483520508e+00
-5.416857544332742691e-03,-2.113988390192389488e-03,-5.350104533135890961e-03,9.924158096313476562e+00
-5.445146933197975159e-03,-2.186899771913886070e-03,-5.344249773770570755e-03,9.929367065429687500e+00
-5.480414722114801407e-03,-2.272645942866802216e-03,-5.324154626578092575e-03,9.934256076812744141e+00
-5.532400216907262802e-03,-2.194483065977692604e-03,-5.198419094085693359e-03,9.939117193222045898e+00
-5.968601908534765244e-03,-2.177787246182560921e-03,-5.471258889883756638e-03,9.944243192672729492e+00
-6.055573932826519012e-03,-2.073865151032805443e-03,-5.372527055442333221e-03,9.949129104614257812e+00
-6.285741459578275681e-03,-2.180009614676237106e-03,-5.587671883404254913e-03,9.954215049743652344e+00
-6.467014085501432419e-03,-2.173117361962795258e-03,-5.625513382256031036e-03,9.959220170974731445e+00
-6.676289718598127365e-03,-2.175599103793501854e-03,-5.689820740371942520e-03,9.964291095733642578e+00
-6.848794873803853989e-03,-2.089966554194688797e-03,-5.750023759901523590e-03,9.969201087951660156e+00
-6.427290383726358414e-03,-2.291244454681873322e-03,-5.511018913239240646e-03,9.974222183227539062e+00
-6.578194908797740936e-03,-2.254364546388387680e-03,-5.553940776735544205e-03,9.979272127151489258e+00
-6.993772462010383606e-03,-2.402340527623891830e-03,-5.522380117326974869e-03,9.984301090240478516e+00
-7.331303786486387253e-03,-2.454096218571066856e-03,-5.526173859834671021e-03,9.989225149154663086e+00
-7.726247888058423996e-03,-2.528105629608035088e-03,-5.520871374756097794e-03,9.994493007659912109e+00
-7.875432260334491730e-03,-2.531617181375622749e-03,-5.356275010854005814e-03,9.999406099319458008e+00
-8.124334737658500671e-03,-2.577203558757901192e-03,-5.205703899264335632e-03,1.000432610511779785e+01
-5.852769594639539719e-03,-2.341291867196559906e-03,-5.454346071928739548e-03,1.000928401947021484e+01
-5.671330261975526810e-03,-2.442746888846158981e-03,-5.390991922467947006e-03,1.001453018188476562e+01
-5.470568779855966568e-03,-2.521174261346459389e-03,-5.243600346148014069e-03,1.001935720443725586e+01
-5.236397963017225266e-03,-2.626293106004595757e-03,-5.083771888166666031e-03,1.002445220947265625e+01
-4.970127716660499573e-03,-2.760876668617129326e-03,-4.892687778919935226e-03,1.002970314025878906e+01
-4.871870391070842743e-03,-2.725626109167933464e-03,-4.873740021139383316e-03,1.003440499305725098e+01
-7.316473405808210373e-03,-2.395930700004100800e-03,-6.192084867507219315e-03,1.003938913345336914e+01
-7.401339709758758545e-03,-2.365902299061417580e-03,-6.203942466527223587e-03,1.004439616203308105e+01
-7.402075454592704773e-03,-2.371481386944651604e-03,-5.947933066636323929e-03,1.004935312271118164e+01
-7.445261348038911819e-03,-2.353068673983216286e-03,-5.818779580295085907e-03,1.005435705184936523e+01
-7.479247637093067169e-03,-2.334515564143657684e-03,-5.657291505485773087e-03,1.005944418907165527e+01
-7.505121175199747086e-03,-2.326411195099353790e-03,-5.558494012802839279e-03,1.006456613540649414e+01
-7.522154599428176880e-03,-2.320828149095177650e-03,-5.405358504503965378e-03,1.006939005851745605e+01
-7.042387500405311584e-03,-2.475033048540353775e-03,-5.704579409211874008e-03,1.007440304756164551e+01
-6.872581318020820618e-03,-2.514851978048682213e-03,-5.760705564171075821e-03,1.007933902740478516e+01
-6.735048722475767136e-03,-2.533553168177604675e-03,-5.740766879171133041e-03,1.008448004722595215e+01
-6.564135197550058365e-03,-2.546072471886873245e-03,-5.757201928645372391e-03,1.008945608139038086e+01
-6.566569209098815918e-03,-2.507691504433751106e-03,-5.859049968421459198e-03,1.009457516670227051e+01
-6.507779471576213837e-03,-2.490522572770714760e-03,-5.975132342427968979e-03,1.009960913658142090e+01
-6.476826500147581100e-03,-2.474921522662043571e-03,-6.122670602053403854e-03,1.010448002815246582e+01
-7.261909544467926025e-03,-2.368955872952938080e-03,-6.582148838788270950e-03,1.010946416854858398e+01
-7.674706168472766876e-03,-2.416424453258514404e-03,-6.439370103180408478e-03,1.011451601982116699e+01
-7.981490343809127808e-03,-2.430441556498408318e-03,-6.509840488433837891e-03,1.011953806877136230e+01
-8.360466919839382172e-03,-2.449705265462398529e-03,-6.559282075613737106e-03,1.012455415725708008e+01
-8.535160683095455170e-03,-2.366391941905021667e-03,-6.318306084722280502e-03,1.012970709800720215e+01
-8.820212446153163910e-03,-2.310927258804440498e-03,-6.099897902458906174e-03,1.013452816009521484e+01
-7.912191562354564667e-03,-2.321745967492461205e-03,-6.238476373255252838e-03,1.013947606086730957e+01
-7.968978025019168854e-03,-2.477064961567521095e-03,-6.058325525373220444e-03,1.014452219009399414e+01
-8.036410436034202576e-03,-2.522883936762809753e-03,-5.704988259822130203e-03,1.014967918395996094e+01
-8.088069036602973938e-03,-2.603548578917980194e-03,-5.296488292515277863e-03,1.015467500686645508e+01
-8.225028403103351593e-03,-2.714944770559668541e-03,-4.923060536384582520e-03,1.015959000587463379e+01
-8.330435492098331451e-03,-2.839867724105715752e-03,-4.492457956075668335e-03,1.016462016105651855e+01
-8.447746746242046356e-03,-2.979809185490012169e-03,-4.041220992803573608e-03,1.016961622238159180e+01
-7.887500338256359100e-03,-2.758656395599246025e-03,-6.324348505586385727e-03,1.017473411560058594e+01
-7.987760007381439209e-03,-2.846182091161608696e-03,-6.197328679263591766e-03,1.017962908744812012e+01
-8.092907257378101349e-03,-2.935817232355475426e-03,-6.045939400792121887e-03,1.018491220474243164e+01
-8.200496435165405273e-03,-3.022738965228199959e-03,-5.889238324016332626e-03,1.018962907791137695e+01
-8.307596668601036072e-03,-3.105884883552789688e-03,-5.906269885599613190e-03,1.019489812850952148e+01
-8.423812687397003174e-03,-3.191471565514802933e-03,-5.849246401339769363e-03,1.020002508163452148e+01
-8.546389639377593994e-03,-3.277537412941455841e-03,-5.818687379360198975e-03,1.020458817481994629e+01
-7.757392246276140213e-03,-2.421752316877245903e-03,-6.121465936303138733e-03,1.020961713790893555e+01
-7.813426665961742401e-03,-2.403967780992388725e-03,-6.248730700463056564e-03,1.021462011337280273e+01
-7.876935414969921112e-03,-2.387655898928642273e-03,-6.415992043912410736e-03,1.021959519386291504e+01
-8.382978849112987518e-03,-2.254195744171738625e-03,-6.129305344074964523e-03,1.022476816177368164e+01
-8.626222610473632812e-03,-2.177775371819734573e-03,-6.178840063512325287e-03,1.022987103462219238e+01
-8.908395655453205109e-03,-2.093721646815538406e-03,-6.242644973099231720e-03,1.023473000526428223e+01
-7.633107714354991913e-03,-2.842298243194818497e-03,-6.013514939695596695e-03,1.023972511291503906e+01
-7.837774232029914856e-03,-2.939691301435232162e-03,-5.835658404976129532e-03,1.024477720260620117e+01
-8.114838041365146637e-03,-3.054482163861393929e-03,-5.614245310425758362e-03,1.024977612495422363e+01
-8.150786161422729492e-03,-3.122235881164669991e-03,-5.216666497290134430e-03,1.025476503372192383e+01
-8.361390791833400726e-03,-3.221553517505526543e-03,-4.821507725864648819e-03,1.025975608825683594e+01
-8.584474213421344757e-03,-3.318094182759523392e-03,-4.349761176854372025e-03,1.026489019393920898e+01
-8.632768876850605011e-03,-3.412637393921613693e-03,-4.037795588374137878e-03,1.026989006996154785e+01
-8.460437878966331482e-03,-2.827016869559884071e-03,-6.952911149710416794e-03,1.027472805976867676e+01
-8.435014635324478149e-03,-2.877021441236138344e-03,-6.973173003643751144e-03,1.027977609634399414e+01
-8.371706120669841766e-03,-2.936166245490312576e-03,-6.998860277235507965e-03,1.028487300872802734e+01
-8.386875502765178680e-03,-2.900101477280259132e-03,-7.266090717166662216e-03,1.028975200653076172e+01
-8.314881473779678345e-03,-2.913332078605890274e-03,-7.435560692101716995e-03,1.029503107070922852e+01
-8.219766430556774139e-03,-2.913335803896188736e-03,-7.639294490218162537e-03,1.030020713806152344e+01
-8.216576650738716125e-03,-2.911948831751942635e-03,-7.869157008826732635e-03,1.030484414100646973e+01
-7.943060249090194702e-03,-2.529826480895280838e-03,-5.370481405407190323e-03,1.030991315841674805e+01
-7.928138598799705505e-03,-2.508843550458550453e-03,-5.408223252743482590e-03,1.031486511230468750e+01
-7.951167412102222443e-03,-2.426499733701348305e-03,-5.321474745869636536e-03,1.031991219520568848e+01
-7.975116372108459473e-03,-2.363957464694976807e-03,-5.324341822415590286e-03,1.032487511634826660e+01
-8.014077320694923401e-03,-2.289518015459179878e-03,-5.329540930688381195e-03,1.033002805709838867e+01
-7.852057926356792450e-03,-2.278686501085758209e-03,-5.143747664988040924e-03,1.033479905128479004e+01
-7.819187827408313751e-03,-2.918652491644024849e-03,-6.435853429138660431e-03,1.033984804153442383e+01
-7.612588815391063690e-03,-2.975388430058956146e-03,-6.336205173283815384e-03,1.034487915039062500e+01
-7.739732507616281509e-03,-2.996612107381224632e-03,-6.085034925490617752e-03,1.034989500045776367e+01
-7.697808556258678436e-03,-3.042352618649601936e-03,-5.821082741022109985e-03,1.035494017601013184e+01
-7.682259194552898407e-03,-3.089767182245850563e-03,-5.496340338140726089e-03,1.036019706726074219e+01
-7.693160790950059891e-03,-3.137596882879734039e-03,-5.109661258757114410e-03,1.036492514610290527e+01
-7.762660272419452667e-03,-3.216692013666033745e-03,-4.658926278352737427e-03,1.037004208564758301e+01
-8.580633439123630524e-03,-3.185500623658299446e-03,-6.627079565078020096e-03,1.037488913536071777e+01
-8.756922557950019836e-03,-3.257158910855650902e-03,-6.290167104452848434e-03,1.038009715080261230e+01
-8.946145884692668915e-03,-3.294722177088260651e-03,-6.149689666926860809e-03,1.038498306274414062e+01
-9.175428189337253571e-03,-3.350844141095876694e-03,-5.836666096001863480e-03,1.039004111289978027e+01
-9.434234350919723511e-03,-3.403532551601529121e-03,-5.499260965734720230e-03,1.039526414871215820e+01
-9.614979848265647888e-03,-3.457176499068737030e-03,-5.251390393823385239e-03,1.040041518211364746e+01
-9.841214865446090698e-03,-3.511241870000958443e-03,-4.963970743119716644e-03,1.040501904487609863e+01
-8.508571423590183258e-03,-2.662814222276210785e-03,-6.354672834277153015e-03,1.041005516052246094e+01
-8.515936322510242462e-03,-2.666440792381763458e-03,-6.185043603181838989e-03,1.041498398780822754e+01
-8.542533963918685913e-03,-2.674859249964356422e-03,-6.060652900487184525e-03,1.042007899284362793e+01
-8.557375520467758179e-03,-2.686346415430307388e-03,-5.929067730903625488e-03,1.042493820190429688e+01
-8.665872737765312195e-03,-2.717575058341026306e-03,-5.636378657072782516e-03,1.043019318580627441e+01
-8.747444488108158112e-03,-2.747539663687348366e-03,-5.359755828976631165e-03,1.043515205383300781e+01
-8.508419618010520935e-03,-3.053365275263786316e-03,-7.000464014708995819e-03,1.044020915031433105e+01
-8.502773940563201904e-03,-3.102788003161549568e-03,-6.728974636644124985e-03,1.044537305831909180e+01
-8.548103272914886475e-03,-3.164993133395910263e-03,-6.436806172132492065e-03,1.045030617713928223e+01
-8.592783473432064056e-03,-3.231510985642671585e-03,-6.067324895411729813e-03,1.045513820648193359e+01
-8.637692779302597046e-03,-3.305891063064336777e-03,-5.631370935589075089e-03,1.046024107933044434e+01
-8.695278316736221313e-03,-3.379852743819355965e-03,-5.315487738698720932e-03,1.046512699127197266e+01
-8.746731095016002655e-03,-3.459861036390066147e-03,-4.869756288826465607e-03,1.047019100189208984e+01
-8.447760716080665588e-03,-2.888205461204051971e-03,-6.667144130915403366e-03,1.047514915466308594e+01
-8.519621565937995911e-03,-2.899896819144487381e-03,-6.648061797022819519e-03,1.048021006584167480e+01
-8.576456457376480103e-03,-2.927776658907532692e-03,-6.512205582112073898e-03,1.048517107963562012e+01
-8.641232736408710480e-03,-2.958919387310743332e-03,-6.377655547112226486e-03,1.049008512496948242e+01
-8.740334771573543549e-03,-3.000380704179406166e-03,-6.295341532677412033e-03,1.049527621269226074e+01
-8.844484575092792511e-03,-3.040631767362356186e-03,-6.203221157193183899e-03,1.050034213066101074e+01
-8.498774841427803040e-03,-2.869413234293460846e-03,-5.815997719764709473e-03,1.050517416000366211e+01
-8.572029881179332733e-03,-2.875084290280938148e-03,-5.771158728748559952e-03,1.051030707359313965e+01
-8.670926094055175781e-03,-2.887911861762404442e-03,-5.726580973714590073e-03,1.051528501510620117e+01
-8.781440556049346924e-03,-2.900151303038001060e-03,-5.704705603420734406e-03,1.052032899856567383e+01
-8.891936391592025757e-03,-2.914009615778923035e-03,-5.645880475640296936e-03,1.052515006065368652e+01
-9.014859795570373535e-03,-2.929173409938812256e-03,-5.616390146315097809e-03,1.053042507171630859e+01
-9.145808406174182892e-03,-2.943836851045489311e-03,-5.590344313532114029e-03,1.053524708747863770e+01
-8.645555004477500916e-03,-3.018202725797891617e-03,-6.957575678825378418e-03,1.054030108451843262e+01
-8.653786964714527130e-03,-3.075391286984086037e-03,-6.469728890806436539e-03,1.054530310630798340e+01
-8.674255572259426117e-03,-3.105469280853867531e-03,-6.453733891248703003e-03,1.055030322074890137e+01
-8.693700656294822693e-03,-3.140126587823033333e-03,-6.400553975254297256e-03,1.055519413948059082e+01
-8.750622160732746124e-03,-3.177836537361145020e-03,-6.319241598248481750e-03,1.056053209304809570e+01
-8.799827657639980316e-03,-3.220862243324518204e-03,-6.213066168129444122e-03,1.056527614593505859e+01
-8.856529369950294495e-03,-3.266917308792471886e-03,-6.083418615162372589e-03,1.057041311264038086e+01
-8.834894746541976929e-03,-3.164921887218952179e-03,-5.965006537735462189e-03,1.057528519630432129e+01
-8.901217952370643616e-03,-3.200603183358907700e-03,-5.787577480077743530e-03,1.058041501045227051e+01
-8.975676260888576508e-03,-3.239932935684919357e-03,-5.585417151451110840e-03,1.058556699752807617e+01
-8.958662860095500946e-03,-3.263916354626417160e-03,-5.876260343939065933e-03,1.059028816223144531e+01
-9.010843001306056976e-03,-3.299716627225279808e-03,-5.821882747113704681e-03,1.059544801712036133e+01
-9.063665755093097687e-03,-3.333895700052380562e-03,-5.783035885542631149e-03,1.060043311119079590e+01
-8.831559680402278900e-03,-3.169808536767959595e-03,-6.208908744156360626e-03,1.060527801513671875e+01
-8.857419714331626892e-03,-3.198962658643722534e-03,-6.242457311600446701e-03,1.061039400100708008e+01
-8.883687667548656464e-03,-3.231921931728720665e-03,-6.289657205343246460e-03,1.061530804634094238e+01
-8.910370990633964539e-03,-3.268507774919271469e-03,-6.350691430270671844e-03,1.062042021751403809e+01
-9.050454013049602509e-03,-3.266110317781567574e-03,-6.176590453833341599e-03,1.062542319297790527e+01
-9.119193069636821747e-03,-3.297534305602312088e-03,-6.178542040288448334e-03,1.063045001029968262e+01
-9.195826947689056396e-03,-3.329616272822022438e-03,-6.183214951306581497e-03,1.063537311553955078e+01
-9.003398939967155457e-03,-3.095361636951565742e-03,-6.298289634287357330e-03,1.064048409461975098e+01
-9.073130786418914795e-03,-3.110191086307168007e-03,-6.247297395020723343e-03,1.064544606208801270e+01
-9.150360710918903351e-03,-3.127419389784336090e-03,-6.181337404996156693e-03,1.065032315254211426e+01
-9.235722944140434265e-03,-3.162712324410676956e-03,-6.096328143030405045e-03,1.065544915199279785e+01
-9.328403510153293610e-03,-3.193392418324947357e-03,-6.002157460898160934e-03,1.066051721572875977e+01
-9.428780525922775269e-03,-3.228404326364398003e-03,-5.894108209758996964e-03,1.066555118560791016e+01
-9.526715613901615143e-03,-3.261801786720752716e-03,-5.769888404756784439e-03,1.067051601409912109e+01
-9.149175137281417847e-03,-3.238577395677566528e-03,-6.374209187924861908e-03,1.067549705505371094e+01
-9.198089130222797394e-03,-3.264366416260600090e-03,-6.287588737905025482e-03,1.068052601814270020e+01
-9.257224388420581818e-03,-3.289527958258986473e-03,-6.166473031044006348e-03,1.068545699119567871e+01
-9.319298900663852692e-03,-3.317766590043902397e-03,-6.028826348483562469e-03,1.069052815437316895e+01
-9.387179277837276459e-03,-3.347808029502630234e-03,-5.869827233254909515e-03,1.069577503204345703e+01
-9.480135515332221985e-03,-3.388307988643646240e-03,-5.659339949488639832e-03,1.070065808296203613e+01
-9.082210250198841095e-03,-3.092466155067086220e-03,-6.261125206947326660e-03,1.070563316345214844e+01
-9.146371856331825256e-03,-3.111284226179122925e-03,-6.106886547058820724e-03,1.071063303947448730e+01
-9.221294894814491272e-03,-3.134999889880418777e-03,-5.926343612372875214e-03,1.071560716629028320e+01
-9.284408763051033020e-03,-3.164576366543769836e-03,-5.722475238144397736e-03,1.072063708305358887e+01
-9.367831051349639893e-03,-3.198620630428195000e-03,-5.490679293870925903e-03,1.072558712959289551e+01
-9.458422660827636719e-03,-3.235391341149806976e-03,-5.233841016888618469e-03,1.073082017898559570e+01
-9.579163044691085815e-03,-3.260465571656823158e-03,-4.922041203826665878e-03,1.073558211326599121e+01
-9.298698045313358307e-03,-3.046603640541434288e-03,-6.005463656038045883e-03,1.074070811271667480e+01
-9.415492415428161621e-03,-3.074241569265723228e-03,-5.756379105150699615e-03,1.074559521675109863e+01
-9.578728117048740387e-03,-3.117567859590053558e-03,-5.396143533289432526e-03,1.075069904327392578e+01
-9.744636714458465576e-03,-3.158164676278829575e-03,-5.027306731790304184e-03,1.075557017326354980e+01
-9.930585511028766632e-03,-3.203181549906730652e-03,-4.609922412782907486e-03,1.076092004776000977e+01
-1.018767710775136948e-02,-3.245357424020767212e-03,-4.132410511374473572e-03,1.076574921607971191e+01
-1.045736577361822128e-02,-3.294062102213501930e-03,-3.607333172112703323e-03,1.077068901062011719e+01
-1.055477187037467957e-02,-3.028966952115297318e-03,-5.562749691307544708e-03,1.077575016021728516e+01
-1.089398656040430069e-02,-3.076909575611352921e-03,-5.224833730608224869e-03,1.078079104423522949e+01
-1.126489043235778809e-02,-3.124405164271593094e-03,-4.814669489860534668e-03,1.078574299812316895e+01
-1.167144533246755600e-02,-3.185281995683908463e-03,-4.368804860860109329e-03,1.079079914093017578e+01
-1.211442705243825912e-02,-3.251705318689346313e-03,-3.885890124365687370e-03,1.079597401618957520e+01
-1.239303033798933029e-02,-3.265846520662307739e-03,-3.472322598099708557e-03,1.080081605911254883e+01
-1.119252014905214310e-02,-2.988754771649837494e-03,-5.654170643538236618e-03,1.080578207969665527e+01
-1.139758713543415070e-02,-2.984445542097091675e-03,-5.428239237517118454e-03,1.081066918373107910e+01
-1.166646648198366165e-02,-2.965602790936827660e-03,-5.257140379399061203e-03,1.081577420234680176e+01
-1.190555281937122345e-02,-2.946863183751702309e-03,-5.045823287218809128e-03,1.082079601287841797e+01
-1.215166877955198288e-02,-2.923660445958375931e-03,-4.830300807952880859e-03,1.082576107978820801e+01
-1.227808278053998947e-02,-2.905283356085419655e-03,-4.481252282857894897e-03,1.083091616630554199e+01
-1.243024598807096481e-02,-2.878768369555473328e-03,-4.149654414504766464e-03,1.083571314811706543e+01
-1.052627433091402054e-02,-3.138532163575291634e-03,-5.689079873263835907e-03,1.084076905250549316e+01
-1.047536544501781464e-02,-3.128312295302748680e-03,-5.395994521677494049e-03,1.084574198722839355e+01
-1.037812046706676483e-02,-3.103742608800530434e-03,-5.082270596176385880e-03,1.085078501701354980e+01
-1.026046928018331528e-02,-3.070782171562314034e-03,-4.722421988844871521e-03,1.085569119453430176e+01
-1.016115862876176834e-02,-3.092157887294888496e-03,-4.503976553678512573e-03,1.086101222038269043e+01
-1.003530621528625488e-02,-3.104384755715727806e-03,-4.218235146254301071e-03,1.086582517623901367e+01
-9.899755008518695831e-03,-3.129569813609123230e-03,-3.945738077163696289e-03,1.087093710899353027e+01
-1.028720755130052567e-02,-3.423871938139200211e-03,-6.064702756702899933e-03,1.087621521949768066e+01
-1.017545722424983978e-02,-3.495225450024008751e-03,-6.126751657575368881e-03,1.088111519813537598e+01
-1.003410294651985168e-02,-3.559582168236374855e-03,-6.228530779480934143e-03,1.088593316078186035e+01
-9.888308122754096985e-03,-3.637267742305994034e-03,-6.349187809973955154e-03,1.089094018936157227e+01
-1.009809691458940506e-02,-3.676011925563216209e-03,-6.412146147340536118e-03,1.089620900154113770e+01
-1.015739887952804565e-02,-3.703317139297723770e-03,-6.566632073372602463e-03,1.090092611312866211e+01
-1.028051879256963730e-02,-3.732689423486590385e-03,-6.737645715475082397e-03,1.090585112571716309e+01
-9.616192430257797241e-03,-3.278187476098537445e-03,-5.508851725608110428e-03,1.091090321540832520e+01
-9.610999375581741333e-03,-3.299497533589601517e-03,-5.326218437403440475e-03,1.091602110862731934e+01
-9.590546600520610809e-03,-3.322109580039978027e-03,-5.087701603770256042e-03,1.092098307609558105e+01
-9.611370973289012909e-03,-3.328491933643817902e-03,-4.804231692105531693e-03,1.092665004730224609e+01
-9.608582593500614166e-03,-3.338713431730866432e-03,-4.457774572074413300e-03,1.093116617202758789e+01
-9.605607017874717712e-03,-3.342035459354519844e-03,-4.056562669575214386e-03,1.093603420257568359e+01
-9.520541876554489136e-03,-3.348740516230463982e-03,-3.650518367066979408e-03,1.094093108177185059e+01
-9.536170400679111481e-03,-3.317985916510224342e-03,-5.675648339092731476e-03,1.094588303565979004e+01
-9.417364373803138733e-03,-3.310965374112129211e-03,-5.374177824705839157e-03,1.095100903511047363e+01
-9.576483629643917084e-03,-3.389645833522081375e-03,-5.270902533084154129e-03,1.095609211921691895e+01
-9.612967260181903839e-03,-3.460831940174102783e-03,-5.007400643080472946e-03,1.096116304397583008e+01
-9.684446267783641815e-03,-3.569713560864329338e-03,-4.749307408928871155e-03,1.096605920791625977e+01
-9.792173281311988831e-03,-3.682269947603344917e-03,-4.502495285123586655e-03,1.097097802162170410e+01
-9.565150365233421326e-03,-3.086523152887821198e-03,-5.565389059484004974e-03,1.097661113739013672e+01
-9.544020518660545349e-03,-3.096158150583505630e-03,-5.549469031393527985e-03,1.098098206520080566e+01
-9.531199000775814056e-03,-3.114241175353527069e-03,-5.560523364692926407e-03,1.098677301406860352e+01
-9.337301366031169891e-03,-3.175643272697925568e-03,-5.401134956628084183e-03,1.099107313156127930e+01
-9.225141257047653198e-03,-3.214901080355048180e-03,-5.347693338990211487e-03,1.099617600440979004e+01
-9.079609066247940063e-03,-3.262002021074295044e-03,-5.269187502562999725e-03,1.100607109069824219e+01
-9.002773091197013855e-03,-3.227751934900879860e-03,-5.028908140957355499e-03,1.100734114646911621e+01
-9.874880313873291016e-03,-2.834174316376447678e-03,-5.657366942614316940e-03,1.101118111610412598e+01
-9.879169985651969910e-03,-2.726469421759247780e-03,-5.529747810214757919e-03,1.101616501808166504e+01
-1.009689643979072571e-02,-2.738156123086810112e-03,-5.175048019737005234e-03,1.102154612541198730e+01
-1.024538744240999222e-02,-2.682759892195463181e-03,-4.875604063272476196e-03,1.102606010437011719e+01
-1.043534092605113983e-02,-2.634620061144232750e-03,-4.524790216237306595e-03,1.103122711181640625e+01
-1.060014497488737106e-02,-2.607714617624878883e-03,-4.324135836213827133e-03,1.103612613677978516e+01
-1.081654336303472519e-02,-2.578229876235127449e-03,-4.022117238491773605e-03,1.104124617576599121e+01
-1.028653513640165329e-02,-2.763828961178660393e-03,-4.605498164892196655e-03,1.104616022109985352e+01
-1.048633642494678497e-02,-2.741481643170118332e-03,-4.324750043451786041e-03,1.105114603042602539e+01
-1.037587504833936691e-02,-2.777171088382601738e-03,-4.496323876082897186e-03,1.105677604675292969e+01
-1.043673604726791382e-02,-2.796225948259234428e-03,-4.452224355190992355e-03,1.106142711639404297e+01
-1.047265715897083282e-02,-2.828144468367099762e-03,-4.454692360013723373e-03,1.106619620323181152e+01
-1.064191665500402451e-02,-2.830055542290210724e-03,-4.555047489702701569e-03,1.107109308242797852e+01
-1.025460474193096161e-02,-2.955444157123565674e-03,-5.176403559744358063e-03,1.107645702362060547e+01
-1.039339881390333176e-02,-2.989336615428328514e-03,-5.452566780149936676e-03,1.108109116554260254e+01
-1.051482837647199631e-02,-3.112680045887827873e-03,-5.442405585199594498e-03,1.108680510520935059e+01
-1.067468244582414627e-02,-3.175553400069475174e-03,-5.632293876260519028e-03,1.109116601943969727e+01
-1.085234619677066803e-02,-3.244547173380851746e-03,-5.823319777846336365e-03,1.109705400466918945e+01
-1.098127756267786026e-02,-3.217586548998951912e-03,-5.724253132939338684e-03,1.110122919082641602e+01
-1.113531272858381271e-02,-3.231236245483160019e-03,-5.675823427736759186e-03,1.110693907737731934e+01
-9.397713467478752136e-03,-3.155601443722844124e-03,-5.066012497991323471e-03,1.111124920845031738e+01
-9.274107404053211212e-03,-3.273677080869674683e-03,-4.753609653562307358e-03,1.111664700508117676e+01
-9.185499511659145355e-03,-3.328582271933555603e-03,-4.401729907840490341e-03,1.112140417098999023e+01
-9.075863286852836609e-03,-3.430611221119761467e-03,-3.972293343394994736e-03,1.112672901153564453e+01
-9.015461429953575134e-03,-3.593480447307229042e-03,-3.655860433354973793e-03,1.113153505325317383e+01
-8.919983170926570892e-03,-3.749765455722808838e-03,-3.247468499466776848e-03,1.113647699356079102e+01
-9.078596718609333038e-03,-3.794508054852485657e-03,-5.197358783334493637e-03,1.114139699935913086e+01
-9.003838524222373962e-03,-3.980872221291065216e-03,-4.938584286719560623e-03,1.114706015586853027e+01
-9.150478988885879517e-03,-4.047795198857784271e-03,-4.735124297440052032e-03,1.115131616592407227e+01
-9.201270528137683868e-03,-4.206715617328882217e-03,-4.473921377211809158e-03,1.115660119056701660e+01
-9.282687678933143616e-03,-4.384342581033706665e-03,-4.184653516858816147e-03,1.116165399551391602e+01
-9.354716166853904724e-03,-4.578174557536840439e-03,-3.951487597078084946e-03,1.116714215278625488e+01
-9.461985900998115540e-03,-4.766664002090692520e-03,-3.703042166307568550e-03,1.117140102386474609e+01
-8.573647588491439819e-03,-3.220685292035341263e-03,-4.403034690767526627e-03,1.117672419548034668e+01
-8.365472778677940369e-03,-3.148726653307676315e-03,-4.288692958652973175e-03,1.118138313293457031e+01
-8.269082754850387573e-03,-3.094857092946767807e-03,-4.219714552164077759e-03,1.118657016754150391e+01
-8.145350962877273560e-03,-3.034382127225399017e-03,-4.189603962004184723e-03,1.119153213500976562e+01
-8.140988647937774658e-03,-3.041323740035295486e-03,-4.188159946352243423e-03,1.119682216644287109e+01
-8.089593611657619476e-03,-3.027439350262284279e-03,-4.187576938420534134e-03,1.120139813423156738e+01
-8.052896708250045776e-03,-3.033759538084268570e-03,-4.194948822259902954e-03,1.120721220970153809e+01
-9.156621061265468597e-03,-3.346662037074565887e-03,-4.859031178057193756e-03,1.121162319183349609e+01
-9.183024987578392029e-03,-3.374459454789757729e-03,-4.791123326867818832e-03,1.121716499328613281e+01
-9.197698906064033508e-03,-3.428429830819368362e-03,-4.675876349210739136e-03,1.122158908843994141e+01
-9.201220236718654633e-03,-3.512161318212747574e-03,-4.536724649369716644e-03,1.122690606117248535e+01
-9.358832612633705139e-03,-3.573159221559762955e-03,-4.512481857091188431e-03,1.123172521591186523e+01
-9.454209357500076294e-03,-3.659885143861174583e-03,-4.447498358786106110e-03,1.123704814910888672e+01
-9.053695946931838989e-03,-3.846631851047277451e-03,-4.595295526087284088e-03,1.124158310890197754e+01
-8.860544301569461823e-03,-3.904770128428936005e-03,-4.644875414669513702e-03,1.124695706367492676e+01
-8.818890899419784546e-03,-4.004810471087694168e-03,-4.665156360715627670e-03,1.125163507461547852e+01
-8.751714602112770081e-03,-4.094881936907768250e-03,-4.709892440587282181e-03,1.125674414634704590e+01
-8.577647618949413300e-03,-4.054855089634656906e-03,-4.783477168530225754e-03,1.126194119453430176e+01
-8.388623595237731934e-03,-4.051432479172945023e-03,-4.865909926593303680e-03,1.126683211326599121e+01
-8.149168454110622406e-03,-4.035263322293758392e-03,-4.958213306963443756e-03,1.127170205116271973e+01
-8.263314142823219299e-03,-3.165248548611998558e-03,-4.444594494998455048e-03,1.127706599235534668e+01
-8.261966519057750702e-03,-3.115656785666942596e-03,-4.514041822403669357e-03,1.128163218498229980e+01
-8.320481516420841217e-03,-3.075195243582129478e-03,-4.611901473253965378e-03,1.128681802749633789e+01
-8.525740355253219604e-03,-3.041948890313506126e-03,-4.677140153944492340e-03,1.129171109199523926e+01
-8.776556700468063354e-03,-3.011878347024321556e-03,-4.792416002601385117e-03,1.129698514938354492e+01
-9.107769466936588287e-03,-2.981476951390504837e-03,-4.922372289001941681e-03,1.130170416831970215e+01
-9.313573129475116730e-03,-3.021782962605357170e-03,-5.051771644502878189e-03,1.130712318420410156e+01
-9.356088005006313324e-03,-3.686806419864296913e-03,-4.533551633358001709e-03,1.131170916557312012e+01
-9.657698683440685272e-03,-3.793720621615648270e-03,-4.645479377359151840e-03,1.131700015068054199e+01
-9.982431307435035706e-03,-3.927916288375854492e-03,-4.775475244969129562e-03,1.132179307937622070e+01
-1.029167696833610535e-02,-4.012921359390020370e-03,-5.084374453872442245e-03,1.132694101333618164e+01
-1.064262073487043381e-02,-4.151774570345878601e-03,-5.331839434802532196e-03,1.133178019523620605e+01
-1.101105101406574249e-02,-4.303559195250272751e-03,-5.617188755422830582e-03,1.133689117431640625e+01
-1.002676412463188171e-02,-3.542021382600069046e-03,-4.333116114139556885e-03,1.134163117408752441e+01
-1.048563607037067413e-02,-3.585514379665255547e-03,-4.532189574092626572e-03,1.134690999984741211e+01
-1.100313011556863785e-02,-3.633189480751752853e-03,-4.762643948197364807e-03,1.135164308547973633e+01
-1.160145271569490433e-02,-3.733434248715639114e-03,-4.781698342412710190e-03,1.135710906982421875e+01
-1.224912516772747040e-02,-3.787497757002711296e-03,-4.922060295939445496e-03,1.136200618743896484e+01
-1.295883394777774811e-02,-3.847119864076375961e-03,-5.041870754212141037e-03,1.136695218086242676e+01
-1.348459068685770035e-02,-3.877726150676608086e-03,-5.172807257622480392e-03,1.137176799774169922e+01
-9.335806593298912048e-03,-3.337255446240305901e-03,-4.201005678623914719e-03,1.137695717811584473e+01
-9.428405202925205231e-03,-3.353171050548553467e-03,-4.286277573555707932e-03,1.138177919387817383e+01
-9.445171803236007690e-03,-3.390154102817177773e-03,-4.617840051651000977e-03,1.138697314262390137e+01
-9.469986893236637115e-03,-3.427589079365134239e-03,-4.858569707721471786e-03,1.139163804054260254e+01
-9.467158466577529907e-03,-3.463502740487456322e-03,-5.149144679307937622e-03,1.139719605445861816e+01
-9.440078400075435638e-03,-3.499015001580119133e-03,-5.485517904162406921e-03,1.140555214881896973e+01
-9.532292373478412628e-03,-3.532961243763566017e-03,-5.844967439770698547e-03,1.140711903572082520e+01
-1.012321375310420990e-02,-3.151058219373226166e-03,-4.106476437300443649e-03,1.141175413131713867e+01
-1.025221496820449829e-02,-3.136066254228353500e-03,-4.313932731747627258e-03,1.141693520545959473e+01
-1.057928986847400665e-02,-3.087772056460380554e-03,-4.276811610907316208e-03,1.142191600799560547e+01
-1.083719357848167419e-02,-3.066521603614091873e-03,-4.403158091008663177e-03,1.142705106735229492e+01
-1.113176159560680389e-02,-3.046141006052494049e-03,-4.533458035439252853e-03,1.143184113502502441e+01
-1.145175658166408539e-02,-3.031514119356870651e-03,-4.595551639795303345e-03,1.143719720840454102e+01
-9.571027010679244995e-03,-3.269040258601307869e-03,-4.564482253044843674e-03,1.144195103645324707e+01
-9.778382256627082825e-03,-3.267166670411825180e-03,-4.560879897326231003e-03,1.144698905944824219e+01
-9.678130038082599640e-03,-3.291295142844319344e-03,-4.625593312084674835e-03,1.145189714431762695e+01
-9.728183038532733917e-03,-3.299920819699764252e-03,-4.635723307728767395e-03,1.145704412460327148e+01
-9.748667478561401367e-03,-3.308911342173814774e-03,-4.641985986381769180e-03,1.146217608451843262e+01
-9.826357476413249969e-03,-3.374277846887707710e-03,-4.773298744112253189e-03,1.146704411506652832e+01
-9.862096048891544342e-03,-3.432389115914702415e-03,-4.878486972302198410e-03,1.147205400466918945e+01
-9.848827496170997620e-03,-3.515764838084578514e-03,-5.081505514681339264e-03,1.147713017463684082e+01
-9.887427091598510742e-03,-3.632126841694116592e-03,-5.280072800815105438e-03,1.148200416564941406e+01
-1.025639846920967102e-02,-3.695296123623847961e-03,-5.555808544158935547e-03,1.148719120025634766e+01
-1.047138776630163193e-02,-3.803806146606802940e-03,-5.838489625602960587e-03,1.149204921722412109e+01
-1.073110662400722504e-02,-3.920655697584152222e-03,-6.158074829727411270e-03,1.149709415435791016e+01
-1.106648519635200500e-02,-4.024405032396316528e-03,-6.374001502990722656e-03,1.150201511383056641e+01
-1.143942121416330338e-02,-4.135843366384506226e-03,-6.652528420090675354e-03,1.150713205337524414e+01
-1.020600367337465286e-02,-3.365407465025782585e-03,-5.211442708969116211e-03,1.151199603080749512e+01
-1.036418695002794266e-02,-3.374774940311908722e-03,-4.976172465831041336e-03,1.151704001426696777e+01
-1.065313629806041718e-02,-3.388566896319389343e-03,-4.888835828751325607e-03,1.152197813987731934e+01
-1.095849182456731796e-02,-3.407319542020559311e-03,-4.744523670524358749e-03,1.152722406387329102e+01
-1.106402929872274399e-02,-3.403646871447563171e-03,-4.468677565455436707e-03,1.153206300735473633e+01
-1.121609844267368317e-02,-3.393043298274278641e-03,-4.154407419264316559e-03,1.153707313537597656e+01
-9.568903595209121704e-03,-2.964607905596494675e-03,-4.357708152383565903e-03,1.154214119911193848e+01
-9.514075703918933868e-03,-3.055011620745062828e-03,-4.463155753910541534e-03,1.154703211784362793e+01
-9.387236088514328003e-03,-3.073841333389282227e-03,-4.314435645937919617e-03,1.155215001106262207e+01
-9.227827191352844238e-03,-3.118037478998303413e-03,-4.192907828837633133e-03,1.155719900131225586e+01
-9.077182970941066742e-03,-3.128411015495657921e-03,-4.251867067068815231e-03,1.156257009506225586e+01
-8.887140080332756042e-03,-3.161429660394787788e-03,-4.313098266720771790e-03,1.156736707687377930e+01
-8.676250465214252472e-03,-3.197943791747093201e-03,-4.446289967745542526e-03,1.157221317291259766e+01
-9.314832277595996857e-03,-3.176942700520157814e-03,-4.031043499708175659e-03,1.157711601257324219e+01
-9.150031954050064087e-03,-3.236229764297604561e-03,-4.221902228891849518e-03,1.158201122283935547e+01
-8.966471999883651733e-03,-3.276929724961519241e-03,-4.496866371482610703e-03,1.158733415603637695e+01
-8.762727491557598114e-03,-3.323131473734974861e-03,-4.833709914237260818e-03,1.159219503402709961e+01
-8.486451581120491028e-03,-3.336661495268344879e-03,-5.089164245873689651e-03,1.159745812416076660e+01
-8.196668699383735657e-03,-3.363394876942038536e-03,-5.430907011032104492e-03,1.160214018821716309e+01
-7.872699759900569916e-03,-3.391125705093145370e-03,-5.797061603516340256e-03,1.160735011100769043e+01
-9.657764807343482971e-03,-3.295501461252570152e-03,-4.990075714886188507e-03,1.161231803894042969e+01
-9.487642906606197357e-03,-3.321640193462371826e-03,-5.014771595597267151e-03,1.161731505393981934e+01
-9.297830052673816681e-03,-3.359215566888451576e-03,-4.967794287949800491e-03,1.162226104736328125e+01
-9.193569421768188477e-03,-3.428599098697304726e-03,-4.952371120452880859e-03,1.162744116783142090e+01
-9.056543931365013123e-03,-3.492464311420917511e-03,-4.866061266511678696e-03,1.163239121437072754e+01
-8.931932970881462097e-03,-3.553925780579447746e-03,-4.754604771733283997e-03,1.163743805885314941e+01
-1.088300347328186035e-02,-3.143114736303687096e-03,-5.076013505458831787e-03,1.164226603507995605e+01
-1.101274788379669189e-02,-3.164055058732628822e-03,-5.058332812041044235e-03,1.164723014831542969e+01
-1.117248367518186569e-02,-3.179557621479034424e-03,-5.054628942161798477e-03,1.165228700637817383e+01
-1.136150956153869629e-02,-3.186722751706838608e-03,-5.061744712293148041e-03,1.165750598907470703e+01
-1.141710951924324036e-02,-3.223398234695196152e-03,-5.179703235626220703e-03,1.166256499290466309e+01
-1.155218482017517090e-02,-3.249528817832469940e-03,-5.260461010038852692e-03,1.166756010055541992e+01
-1.168353855609893799e-02,-3.283647354692220688e-03,-5.365745164453983307e-03,1.167221522331237793e+01
-1.190676912665367126e-02,-2.914600307121872902e-03,-4.587339702993631363e-03,1.167755103111267090e+01
-1.205537933856248856e-02,-2.890922594815492630e-03,-4.457633011043071747e-03,1.168246507644653320e+01
-1.219917181879281998e-02,-2.864459762349724770e-03,-4.321556072682142258e-03,1.168781113624572754e+01
-1.252578943967819214e-02,-2.918534912168979645e-03,-3.851429559290409088e-03,1.169253611564636230e+01
-1.274557318538427353e-02,-2.925766864791512489e-03,-3.611391643062233925e-03,1.169762516021728516e+01
-1.298555172979831696e-02,-2.924700267612934113e-03,-3.363123163580894470e-03,1.170245718955993652e+01
-1.315664499998092651e-02,-2.916855504736304283e-03,-2.918238984420895576e-03,1.170756506919860840e+01
-1.164578832685947418e-02,-3.060439601540565491e-03,-5.536698270589113235e-03,1.171233916282653809e+01
-1.166009064763784409e-02,-3.096007509157061577e-03,-5.236892495304346085e-03,1.171764016151428223e+01
-1.173827983438968658e-02,-3.160937223583459854e-03,-4.993390291929244995e-03,1.172242903709411621e+01
-1.177936699241399765e-02,-3.217604011297225952e-03,-4.624542314559221268e-03,1.172765612602233887e+01
-1.182311121374368668e-02,-3.286250634118914604e-03,-4.203304648399353027e-03,1.173250412940979004e+01
-1.187217608094215393e-02,-3.358991816639900208e-03,-3.840469056740403175e-03,1.173781299591064453e+01
-1.182641275227069855e-02,-2.993508009240031242e-03,-5.595692899078130722e-03,1.174235010147094727e+01
-1.187813095748424530e-02,-3.032702021300792694e-03,-5.374269559979438782e-03,1.174737715721130371e+01
-1.193534582853317261e-02,-3.078111680224537849e-03,-5.138125736266374588e-03,1.175250720977783203e+01
-1.188257429748773575e-02,-3.071338636800646782e-03,-5.072256084531545639e-03,1.175753307342529297e+01
-1.188185624778270721e-02,-3.094993764534592628e-03,-4.896309692412614822e-03,1.176273322105407715e+01
-1.186719723045825958e-02,-3.113737329840660095e-03,-4.722822457551956177e-03,1.176758813858032227e+01
-1.192151661962270737e-02,-3.135411068797111511e-03,-4.707921762019395828e-03,1.177251100540161133e+01
-1.163390930742025375e-02,-2.731101587414741516e-03,-5.257678218185901642e-03,1.177755999565124512e+01
-1.167947426438331604e-02,-2.727598883211612701e-03,-5.386690609157085419e-03,1.178252100944519043e+01
-1.164881326258182526e-02,-2.806231612339615822e-03,-5.544823128730058670e-03,1.178756213188171387e+01
-1.165934186428785324e-02,-2.851402619853615761e-03,-5.773148033767938614e-03,1.179251813888549805e+01
-1.166450697928667068e-02,-2.908766036853194237e-03,-6.055131554603576660e-03,1.179758715629577637e+01
-1.165436208248138428e-02,-2.937767654657363892e-03,-6.218844559043645859e-03,1.180589604377746582e+01
-1.164097059518098831e-02,-2.990006702020764351e-03,-6.456492934376001358e-03,1.180771017074584961e+01
-1.108261570334434509e-02,-2.850675256922841072e-03,-5.023977253586053848e-03,1.181270217895507812e+01
-1.097222231328487396e-02,-2.842873800545930862e-03,-4.563163034617900848e-03,1.181766009330749512e+01
-1.087571773678064346e-02,-2.872508950531482697e-03,-4.261211957782506943e-03,1.182272720336914062e+01
-1.075922138988971710e-02,-2.904545050114393234e-03,-3.854562528431415558e-03,1.182774400711059570e+01
-1.062382757663726807e-02,-2.945894375443458557e-03,-3.354879096150398254e-03,1.183261203765869141e+01
-1.060960907489061356e-02,-2.933400915935635567e-03,-2.724701771512627602e-03,1.183764410018920898e+01
-1.136220619082450867e-02,-2.811776939779520035e-03,-6.031543482095003128e-03,1.184262514114379883e+01
-1.141886692494153976e-02,-2.830660901963710785e-03,-5.634261760860681534e-03,1.184766316413879395e+01
-1.151788141578435898e-02,-2.927507273852825165e-03,-5.858616903424263000e-03,1.185253405570983887e+01
-1.160967070609331131e-02,-2.991350367665290833e-03,-5.686636082828044891e-03,1.185786008834838867e+01
-1.171439886093139648e-02,-3.065063385292887688e-03,-5.526080261915922165e-03,1.186289501190185547e+01
-1.183522120118141174e-02,-3.101804526522755623e-03,-5.594364367425441742e-03,1.186772108078002930e+01
-1.196846086531877518e-02,-3.162950277328491211e-03,-5.637870170176029205e-03,1.187270021438598633e+01
-9.631232358515262604e-03,-2.439457690343260765e-03,-4.306643735617399216e-03,1.187783598899841309e+01
-9.526126086711883545e-03,-2.497871406376361847e-03,-4.529268015176057816e-03,1.188282799720764160e+01
-9.463590569794178009e-03,-2.535675419494509697e-03,-4.787950310856103897e-03,1.188781714439392090e+01
-9.398759342730045319e-03,-2.584877656772732735e-03,-5.126622505486011505e-03,1.189280200004577637e+01
-9.308112785220146179e-03,-2.651749411597847939e-03,-5.396265536546707153e-03,1.189781904220581055e+01
-9.219719097018241882e-03,-2.728256629779934883e-03,-5.776857025921344757e-03,1.190280199050903320e+01
-8.267039433121681213e-03,-2.600758103653788567e-03,-4.903806839138269424e-03,1.190781307220458984e+01
-8.102457039058208466e-03,-2.671153284609317780e-03,-5.283421836793422699e-03,1.191280007362365723e+01
-8.144228719174861908e-03,-2.604281762614846230e-03,-4.805076401680707932e-03,1.191781616210937500e+01
-8.079090155661106110e-03,-2.628569025546312332e-03,-4.755820613354444504e-03,1.192278003692626953e+01
-8.027505129575729370e-03,-2.632840303704142570e-03,-4.630217328667640686e-03,1.192806911468505859e+01
-7.999978959560394287e-03,-2.650858834385871887e-03,-4.171559587121009827e-03,1.193291711807250977e+01
-7.993771694600582123e-03,-2.676649717614054680e-03,-3.658829955384135246e-03,1.193783211708068848e+01
-7.915304042398929596e-03,-3.518429817631840706e-03,-3.776321187615394592e-03,1.194280219078063965e+01
-7.931422442197799683e-03,-3.630367107689380646e-03,-3.044864395633339882e-03,1.194790506362915039e+01
-7.986458018422126770e-03,-3.814088413491845131e-03,-2.052049618214368820e-03,1.195291805267333984e+01
-8.060093037784099579e-03,-3.994550090283155441e-03,-9.342154953628778458e-04,1.195794105529785156e+01
-8.285132236778736115e-03,-4.154479596763849258e-03,-1.453066652175039053e-04,1.196296715736389160e+01
-8.510532788932323456e-03,-4.315881989896297455e-03,8.370516588911414146e-04,1.196787309646606445e+01
-8.791275322437286377e-03,-4.457657225430011749e-03,1.814267016015946865e-03,1.197292709350585938e+01
-8.452492766082286835e-03,-2.615713747218251228e-03,-3.962329123169183731e-03,1.197789001464843750e+01
-8.594829589128494263e-03,-2.668848959729075432e-03,-3.854640992358326912e-03,1.198291301727294922e+01
-8.712868206202983856e-03,-2.720776712521910667e-03,-3.823647741228342056e-03,1.198790121078491211e+01
-8.878368884325027466e-03,-2.758751856163144112e-03,-3.928757738322019577e-03,1.199313020706176758e+01
-9.017355740070343018e-03,-2.804369432851672173e-03,-4.080589395016431808e-03,1.199795007705688477e+01
-9.157137945294380188e-03,-2.844503149390220642e-03,-4.318767692893743515e-03,1.200290012359619141e+01
-9.297870099544525146e-03,-2.875143662095069885e-03,-4.641609732061624527e-03,1.200801801681518555e+01
-8.199510164558887482e-03,-3.047789447009563446e-03,-4.576936364173889160e-03,1.201290106773376465e+01
-8.256499655544757843e-03,-3.125446382910013199e-03,-5.018461961299180984e-03,1.201805210113525391e+01
-8.313743397593498230e-03,-3.207608358934521675e-03,-5.533616989850997925e-03,1.202303099632263184e+01
-8.480545133352279663e-03,-3.272969042882323265e-03,-3.379609668627381325e-03,1.202824711799621582e+01
-8.590162731707096100e-03,-3.427886869758367538e-03,-2.967293839901685715e-03,1.203315210342407227e+01
-8.713231422007083893e-03,-3.648460842669010162e-03,-2.404673956334590912e-03,1.203803205490112305e+01
-8.290704339742660522e-03,-3.362539457157254219e-03,-3.402595408260822296e-03,1.204302310943603516e+01
-8.393329568207263947e-03,-3.445443231612443924e-03,-2.838698914274573326e-03,1.204806518554687500e+01
-8.501194417476654053e-03,-3.531637135893106461e-03,-2.162337303161621094e-03,1.205304718017578125e+01
-8.573330007493495941e-03,-3.469157731160521507e-03,-2.882343251258134842e-03,1.205803704261779785e+01
-8.677984587848186493e-03,-3.525458276271820068e-03,-2.570343436673283577e-03,1.206326317787170410e+01
-8.784256875514984131e-03,-3.542908933013677597e-03,-2.277322113513946533e-03,1.206804203987121582e+01
-8.889188058674335480e-03,-3.549557877704501152e-03,-2.024351153522729874e-03,1.207303810119628906e+01
-8.013798855245113373e-03,-2.989234169945120811e-03,-1.847787410952150822e-03,1.207810306549072266e+01
-8.004455827176570892e-03,-2.909144852310419083e-03,-1.436313148587942123e-03,1.208304214477539062e+01
-7.992478087544441223e-03,-2.803931478410959244e-03,-1.040473696775734425e-03,1.208836102485656738e+01
-8.022492751479148865e-03,-2.496086061000823975e-03,-7.678859983570873737e-04,1.209315919876098633e+01
-8.058632723987102509e-03,-2.307371934875845909e-03,-4.947223351337015629e-04,1.209818005561828613e+01
-8.100418373942375183e-03,-2.091610338538885117e-03,-2.607648493722081184e-04,1.210318303108215332e+01
-8.268669247627258301e-03,-3.318624570965766907e-03,-3.159794025123119354e-03,1.210822319984436035e+01
-8.453211747109889984e-03,-3.406125586479902267e-03,-3.289693966507911682e-03,1.211315798759460449e+01
-8.664393797516822815e-03,-3.508470952510833740e-03,-3.454591613262891769e-03,1.211818504333496094e+01
-8.713425137102603912e-03,-3.485064255073666573e-03,-3.381902817636728287e-03,1.212316513061523438e+01
-8.860127069056034088e-03,-3.507497720420360565e-03,-3.449195530265569687e-03,1.212846422195434570e+01
-8.999479934573173523e-03,-3.510332899168133736e-03,-3.494374686852097511e-03,1.213329815864562988e+01
-9.170722216367721558e-03,-3.576061921194195747e-03,-3.542607882991433144e-03,1.213818120956420898e+01
-7.937900722026824951e-03,-3.300784388557076454e-03,-2.882813801988959312e-03,1.214318203926086426e+01
-7.998039014637470245e-03,-3.364872653037309647e-03,-2.883716952055692673e-03,1.214823317527770996e+01
-8.163051679730415344e-03,-3.301871474832296371e-03,-2.935958560556173325e-03,1.215329718589782715e+01
-8.301767520606517792e-03,-3.291303990408778191e-03,-2.969466382637619972e-03,1.215827608108520508e+01
-8.464717306196689606e-03,-3.258406417444348335e-03,-3.019139636307954788e-03,1.216336107254028320e+01
-8.651830255985260010e-03,-3.206688212230801582e-03,-3.075405489653348923e-03,1.216835308074951172e+01
-8.823832497000694275e-03,-3.319539362564682961e-03,-3.165782429277896881e-03,1.217329812049865723e+01
-8.463650010526180267e-03,-3.277568612247705460e-03,-2.347975969314575195e-03,1.217832803726196289e+01
-8.656956255435943604e-03,-3.335442859679460526e-03,-2.345785498619079590e-03,1.218329501152038574e+01
-8.897664025425910950e-03,-3.361362963914871216e-03,-2.438038820400834084e-03,1.218838310241699219e+01
-9.138297289609909058e-03,-3.421753412112593651e-03,-2.492614323273301125e-03,1.219339513778686523e+01
-9.399382397532463074e-03,-3.480077022686600685e-03,-2.566463546827435493e-03,1.219842600822448730e+01
-9.584503248333930969e-03,-3.497396828606724739e-03,-2.694995375350117683e-03,1.220531702041625977e+01
-8.851924911141395569e-03,-3.336912952363491058e-03,-1.606241450645029545e-03,1.220857000350952148e+01
-8.962742052972316742e-03,-3.398500615730881691e-03,-1.684734714217483997e-03,1.221315813064575195e+01
-9.079042822122573853e-03,-3.471227595582604408e-03,-1.737424172461032867e-03,1.221839618682861328e+01
-9.185943752527236938e-03,-3.543999977409839630e-03,-1.843332895077764988e-03,1.222337102890014648e+01
-9.287842549383640289e-03,-3.621381707489490509e-03,-1.969873206689953804e-03,1.222850298881530762e+01
-9.415891021490097046e-03,-3.705690382048487663e-03,-2.091374248266220093e-03,1.223335599899291992e+01
-9.534015320241451263e-03,-3.795424709096550941e-03,-2.243784721940755844e-03,1.223836421966552734e+01
-9.089528582990169525e-03,-3.190163057297468185e-03,-2.468485618010163307e-03,1.224335718154907227e+01
-8.998657576739788055e-03,-3.206228604540228844e-03,-2.618100959807634354e-03,1.224840903282165527e+01
-8.969553746283054352e-03,-3.235075622797012329e-03,-2.802164759486913681e-03,1.225338220596313477e+01
-8.907681331038475037e-03,-3.257696982473134995e-03,-3.000291530042886734e-03,1.225835514068603516e+01
-8.814430795609951019e-03,-3.284717677161097527e-03,-3.220780752599239349e-03,1.226348304748535156e+01
-8.657108061015605927e-03,-3.296237206086516380e-03,-3.245672909542918205e-03,1.226842117309570312e+01
-8.639904670417308807e-03,-3.228856017813086510e-03,-3.495143959298729897e-03,1.227321100234985352e+01
-8.461057208478450775e-03,-3.239674726501107216e-03,-3.598147770389914513e-03,1.227835416793823242e+01
-8.565604686737060547e-03,-3.294267458841204643e-03,-3.710248973220586777e-03,1.228336906433105469e+01
-8.504669182002544403e-03,-3.335440764203667641e-03,-3.794035874307155609e-03,1.228866004943847656e+01
-8.458035066723823547e-03,-3.385816235095262527e-03,-3.868056926876306534e-03,1.229359602928161621e+01
-8.411270566284656525e-03,-3.475936595350503922e-03,-3.965865820646286011e-03,1.229859614372253418e+01
-8.380650542676448822e-03,-3.565190825611352921e-03,-4.047814756631851196e-03,1.230342507362365723e+01
-8.006881922483444214e-03,-3.345951903611421585e-03,-3.335033776238560677e-03,1.230861306190490723e+01
-8.016465231776237488e-03,-3.374091116711497307e-03,-3.363615134730935097e-03,1.231355500221252441e+01
-8.027424104511737823e-03,-3.426272887736558914e-03,-3.381730522960424423e-03,1.231859707832336426e+01
-8.055002428591251373e-03,-3.460620762780308723e-03,-3.392325947061181068e-03,1.232357215881347656e+01
-8.247079327702522278e-03,-3.451047930866479874e-03,-3.345876466482877731e-03,1.232879400253295898e+01
-8.429497480392456055e-03,-3.456179052591323853e-03,-3.314330009743571281e-03,1.233341813087463379e+01
-8.669391274452209473e-03,-3.445411333814263344e-03,-3.280721139162778854e-03,1.233848214149475098e+01
-9.264181368052959442e-03,-2.819634974002838135e-03,-3.142615780234336853e-03,1.234347105026245117e+01
-9.650679305195808411e-03,-2.851611468940973282e-03,-3.178906626999378204e-03,1.234850215911865234e+01
-1.010795775800943375e-02,-2.857794519513845444e-03,-3.161523025482892990e-03,1.235381007194519043e+01
-1.062017213553190231e-02,-2.865795046091079712e-03,-3.148345742374658585e-03,1.235878205299377441e+01
-1.106134988367557526e-02,-2.894912613555788994e-03,-3.237516153603792191e-03,1.236378502845764160e+01
-1.157513260841369629e-02,-2.928625326603651047e-03,-3.319004783406853676e-03,1.236860299110412598e+01
-9.942177683115005493e-03,-2.891385229304432869e-03,-2.832178026437759399e-03,1.237366104125976562e+01
-1.016976032406091690e-02,-2.990618348121643066e-03,-2.985811559483408928e-03,1.237862205505371094e+01
-1.045765355229377747e-02,-3.089897334575653076e-03,-3.151428420096635818e-03,1.238358712196350098e+01
-1.075015496462583542e-02,-3.215416334569454193e-03,-3.353883279487490654e-03,1.238855600357055664e+01
-1.093509327620267868e-02,-3.293990390375256538e-03,-3.520520403981208801e-03,1.239372920989990234e+01
-1.113418210297822952e-02,-3.398291999474167824e-03,-3.732730168849229813e-03,1.239855003356933594e+01
-1.130580808967351913e-02,-3.509113332256674767e-03,-3.956963773816823959e-03,1.240360713005065918e+01
-1.004464551806449890e-02,-2.688538981601595879e-03,-3.567167092114686966e-03,1.240858507156372070e+01
-1.002692617475986481e-02,-2.605716930702328682e-03,-3.426113398745656013e-03,1.241359519958496094e+01
-9.977217763662338257e-03,-2.467143116518855095e-03,-3.199558937922120094e-03,1.241875219345092773e+01
-9.895416907966136932e-03,-2.266316441819071770e-03,-3.024526871740818024e-03,1.242385411262512207e+01
-9.792111814022064209e-03,-2.074317308142781258e-03,-2.720748074352741241e-03,1.242886710166931152e+01
-9.667619131505489349e-03,-1.882294309325516224e-03,-2.350557129830121994e-03,1.243375420570373535e+01
-9.522436186671257019e-03,-1.686527277342975140e-03,-1.910794526338577271e-03,1.243876218795776367e+01
-9.222302585840225220e-03,-2.551637357100844383e-03,-3.624505363404750824e-03,1.244356417655944824e+01
-9.145130403339862823e-03,-2.557975007221102715e-03,-3.795395605266094208e-03,1.244871020317077637e+01
-9.072355926036834717e-03,-2.572354860603809357e-03,-4.049133975058794022e-03,1.245373010635375977e+01
-9.097428992390632629e-03,-2.585723297670483589e-03,-4.680610261857509613e-03,1.245908021926879883e+01
-9.090239182114601135e-03,-2.624102635309100151e-03,-5.269357003271579742e-03,1.246391201019287109e+01
-9.102588519454002380e-03,-2.678536809980869293e-03,-5.980936810374259949e-03,1.246873116493225098e+01
-8.876409381628036499e-03,-2.508420962840318680e-03,-2.484166063368320465e-03,1.247356200218200684e+01
-8.844826370477676392e-03,-2.531375037506222725e-03,-2.925401087850332260e-03,1.247874617576599121e+01
-8.812738582491874695e-03,-2.555257873609662056e-03,-3.452823963016271591e-03,1.248356199264526367e+01
-8.973694406449794769e-03,-2.588396891951560974e-03,-3.479250241070985794e-03,1.248880815505981445e+01
-9.069386869668960571e-03,-2.610669005662202835e-03,-3.783357096835970879e-03,1.249406409263610840e+01
-9.205579757690429688e-03,-2.652080263942480087e-03,-4.039767663925886154e-03,1.249890398979187012e+01
-9.296008385717868805e-03,-2.718850970268249512e-03,-3.827324602752923965e-03,1.250378417968750000e+01
-9.378749877214431763e-03,-2.974139992147684097e-03,-5.030066706240177155e-03,1.250896906852722168e+01
-9.550391696393489838e-03,-3.125814255326986313e-03,-4.992749541997909546e-03,1.251391220092773438e+01
-9.713628329336643219e-03,-3.276960691437125206e-03,-4.796401597559452057e-03,1.251912903785705566e+01
-9.847228415310382843e-03,-3.514692420139908791e-03,-4.781668074429035187e-03,1.252401208877563477e+01
-9.999139234423637390e-03,-3.706530900672078133e-03,-4.482254385948181152e-03,1.252905416488647461e+01
-1.015398092567920685e-02,-3.913719672709703445e-03,-4.084784537553787231e-03,1.253388905525207520e+01
-1.032539922744035721e-02,-4.105684347450733185e-03,-3.853097558021545410e-03,1.253893899917602539e+01
-8.785675279796123505e-03,-2.526849508285522461e-03,-4.268046468496322632e-03,1.254384303092956543e+01
-8.794761262834072113e-03,-2.594305900856852531e-03,-4.156487993896007538e-03,1.254891419410705566e+01
-8.755136281251907349e-03,-2.651064889505505562e-03,-4.391900263726711273e-03,1.255388808250427246e+01
-8.745023980736732483e-03,-2.724081743508577347e-03,-4.477858543395996094e-03,1.255905199050903320e+01
-8.733958937227725983e-03,-2.803154755383729935e-03,-4.612991586327552795e-03,1.256407117843627930e+01
-8.674136362969875336e-03,-2.870286814868450165e-03,-4.757272079586982727e-03,1.256908321380615234e+01
-8.588246069848537445e-03,-2.273910446092486382e-03,-3.085091477259993553e-03,1.257405018806457520e+01
-8.517832495272159576e-03,-2.299879677593708038e-03,-3.237662604078650475e-03,1.257908105850219727e+01
-8.535112254321575165e-03,-2.279665786772966385e-03,-3.117598360404372215e-03,1.258410406112670898e+01
-8.501111529767513275e-03,-2.281535184010863304e-03,-3.154752077534794807e-03,1.258908700942993164e+01
-8.470166474580764771e-03,-2.282923553138971329e-03,-3.181128529831767082e-03,1.259415006637573242e+01
-8.443551138043403625e-03,-2.282176399603486061e-03,-3.187789116054773331e-03,1.259905219078063965e+01
-8.500262163579463959e-03,-2.336373087018728256e-03,-2.952069509774446487e-03,1.260589718818664551e+01
-8.954495191574096680e-03,-2.394485753029584885e-03,-2.821837086230516434e-03,1.260933113098144531e+01
-9.063372388482093811e-03,-2.448235638439655304e-03,-2.541929716244339943e-03,1.261391806602478027e+01
-9.208283387124538422e-03,-2.453100401908159256e-03,-2.444631652906537056e-03,1.261927700042724609e+01
-9.366962127387523651e-03,-2.493615262210369110e-03,-2.189745660871267319e-03,1.262429714202880859e+01
-9.547971189022064209e-03,-2.537262160331010818e-03,-1.909767044708132744e-03,1.262928605079650879e+01
-9.725391864776611328e-03,-2.586172427982091904e-03,-1.665311050601303577e-03,1.263396000862121582e+01
-9.927785024046897888e-03,-2.637519733980298042e-03,-1.384898787364363670e-03,1.263912606239318848e+01
-9.564815089106559753e-03,-2.325580921024084091e-03,-2.575260819867253304e-03,1.264415407180786133e+01
-9.812645614147186279e-03,-2.335778903216123581e-03,-2.593897981569170952e-03,1.264921808242797852e+01
-1.005225349217653275e-02,-2.343236701563000679e-03,-2.554734237492084503e-03,1.265417599678039551e+01
-1.032001990824937820e-02,-2.361199585720896721e-03,-2.531878417357802391e-03,1.265918803215026855e+01
-1.057117246091365814e-02,-2.439948264509439468e-03,-2.633359981700778008e-03,1.266424417495727539e+01
-1.085562165826559067e-02,-2.502409741282463074e-03,-2.745164325460791588e-03,1.266918921470642090e+01
-1.081408280879259109e-02,-2.132460009306669235e-03,-2.902256790548563004e-03,1.267418813705444336e+01
-1.105755195021629333e-02,-2.113210270181298256e-03,-3.084680531173944473e-03,1.267932200431823730e+01
-1.132997311651706696e-02,-2.122084842994809151e-03,-3.366156481206417084e-03,1.268423318862915039e+01
-1.160798780620098114e-02,-2.130708424374461174e-03,-3.682489739730954170e-03,1.268918919563293457e+01
-1.189189590513706207e-02,-2.135448623448610306e-03,-4.048806615173816681e-03,1.269437599182128906e+01
-1.201065443456172943e-02,-2.168203238397836685e-03,-4.203316289931535721e-03,1.269916701316833496e+01
-1.219068095088005066e-02,-2.189739607274532318e-03,-4.458520095795392990e-03,1.270401000976562500e+01
-1.081904023885726929e-02,-1.891751773655414581e-03,-3.720215521752834320e-03,1.270950818061828613e+01
-1.095541007816791534e-02,-1.891123829409480095e-03,-3.345337696373462677e-03,1.271431708335876465e+01
-1.100445911288261414e-02,-1.896990113891661167e-03,-3.202738007530570030e-03,1.271932601928710938e+01
-1.105241850018501282e-02,-1.889291219413280487e-03,-2.990196458995342255e-03,1.272433710098266602e+01
-1.111442781984806061e-02,-1.865171594545245171e-03,-2.766721881926059723e-03,1.272942018508911133e+01
-1.117024477571249008e-02,-1.848485553637146950e-03,-2.440978074446320534e-03,1.273430919647216797e+01
-1.122740283608436584e-02,-1.831437810324132442e-03,-2.045316388830542564e-03,1.273924803733825684e+01
-1.114087831228971481e-02,-1.712103374302387238e-03,-3.493746742606163025e-03,1.274435615539550781e+01
-1.118398085236549377e-02,-1.757065881974995136e-03,-3.351016901433467865e-03,1.274923205375671387e+01
-1.122326869517564774e-02,-1.805676845833659172e-03,-3.225786844268441200e-03,1.275427603721618652e+01
-1.127192098647356033e-02,-1.851609442383050919e-03,-3.314525587484240532e-03,1.275935316085815430e+01
-1.131426077336072922e-02,-1.914157299324870110e-03,-3.384927753359079361e-03,1.276442408561706543e+01
-1.135612279176712036e-02,-1.986880321055650711e-03,-3.528297878801822662e-03,1.276949620246887207e+01
-1.045376993715763092e-02,-1.713666482828557491e-03,-3.063523210585117340e-03,1.277447509765625000e+01
-1.049349829554557800e-02,-1.706036273390054703e-03,-3.293695859611034393e-03,1.277937221527099609e+01
-1.050653588026762009e-02,-1.750076073221862316e-03,-3.604239784181118011e-03,1.278443002700805664e+01
-1.052810810506343842e-02,-1.798979355953633785e-03,-3.972570411860942841e-03,1.278933405876159668e+01
-1.057808659970760345e-02,-1.853104215115308762e-03,-4.161105956882238388e-03,1.279453420639038086e+01
-1.063494756817817688e-02,-1.903404947370290756e-03,-4.453992005437612534e-03,1.279940605163574219e+01
-1.070621423423290253e-02,-1.957047265022993088e-03,-4.737565293908119202e-03,1.280443716049194336e+01
-1.119436044245958328e-02,-1.446051988750696182e-03,-3.369905985891819000e-03,1.280946922302246094e+01
-1.142791658639907837e-02,-1.424113172106444836e-03,-3.198046935722231865e-03,1.281443405151367188e+01
-1.170027628540992737e-02,-1.398398657329380512e-03,-2.945547923445701599e-03,1.281938004493713379e+01
-1.183420047163963318e-02,-1.493623130954802036e-03,-2.895896090194582939e-03,1.282456302642822266e+01
-1.206584088504314423e-02,-1.523376326076686382e-03,-2.671042457222938538e-03,1.282971620559692383e+01
-1.230194233357906342e-02,-1.568940817378461361e-03,-2.415360650047659874e-03,1.283447599411010742e+01
-1.253834087401628494e-02,-1.572643639519810677e-03,-2.382155740633606911e-03,1.283958721160888672e+01
-1.208158768713474274e-02,-1.519356970675289631e-03,-3.790749236941337585e-03,1.284470915794372559e+01
-1.226063724607229233e-02,-1.551108551211655140e-03,-3.924590535461902618e-03,1.284943199157714844e+01
-1.239080168306827545e-02,-1.610993058420717716e-03,-4.208917729556560516e-03,1.285483503341674805e+01
-1.254270505160093307e-02,-1.669807708822190762e-03,-4.508166573941707611e-03,1.285958409309387207e+01
-1.268854178488254547e-02,-1.738229650072753429e-03,-4.876426886767148972e-03,1.286460399627685547e+01
-1.282812375575304031e-02,-1.817560754716396332e-03,-5.313642788678407669e-03,1.286958909034729004e+01
-1.150577608495950699e-02,-1.345671364106237888e-03,-3.555154660716652870e-03,1.287455415725708008e+01
-1.150864828377962112e-02,-1.373358420096337795e-03,-3.803805680945515633e-03,1.287958121299743652e+01
-1.150087825953960419e-02,-1.403343630954623222e-03,-4.092118237167596817e-03,1.288450813293457031e+01
-1.158534269779920578e-02,-1.416023587808012962e-03,-4.027530550956726074e-03,1.288958716392517090e+01
-1.161954924464225769e-02,-1.433086348697543144e-03,-4.147901199758052826e-03,1.289472818374633789e+01
-1.166003756225109100e-02,-1.446461654268205166e-03,-4.239426925778388977e-03,1.289976620674133301e+01
-1.163332257419824600e-02,-1.490960712544620037e-03,-4.253209102898836136e-03,1.290458512306213379e+01
-1.065389346331357956e-02,-1.531158690340816975e-03,-4.143310245126485825e-03,1.290972900390625000e+01
-1.052908878773450851e-02,-1.601323951035737991e-03,-4.093222785741090775e-03,1.291460204124450684e+01
-1.047027669847011566e-02,-1.674297964200377464e-03,-4.218899644911289215e-03,1.291975522041320801e+01
-1.037052273750305176e-02,-1.755190663971006870e-03,-4.237053915858268738e-03,1.292468905448913574e+01
-1.027316972613334656e-02,-1.846688217483460903e-03,-4.252288956195116043e-03,1.292985010147094727e+01
-1.021142955869436264e-02,-1.955505693331360817e-03,-4.333148244768381119e-03,1.293460607528686523e+01
-1.014492567628622055e-02,-2.066556364297866821e-03,-4.405927378684282303e-03,1.293972611427307129e+01
-1.090296916663646698e-02,-1.342467963695526123e-03,-3.568950109183788300e-03,1.294460010528564453e+01
-1.094042882323265076e-02,-1.406294177286326885e-03,-3.594807581976056099e-03,1.294970607757568359e+01
-1.104392297565937042e-02,-1.426619477570056915e-03,-3.542123129591345787e-03,1.295468711853027344e+01
-1.113092247396707535e-02,-1.476148841902613640e-03,-3.545755287632346153e-03,1.295971107482910156e+01
-1.123535260558128357e-02,-1.529587898403406143e-03,-3.546691033989191055e-03,1.296474719047546387e+01
-1.135866995900869370e-02,-1.584848738275468349e-03,-3.510685637593269348e-03,1.296986222267150879e+01
-1.116741448640823364e-02,-1.185710192658007145e-03,-3.405512776225805283e-03,1.297469305992126465e+01
-1.129525434225797653e-02,-1.186373876407742500e-03,-3.393605584278702736e-03,1.297986412048339844e+01
-1.140572968870401382e-02,-1.216771779581904411e-03,-3.501843428239226341e-03,1.298473501205444336e+01
-1.154633518308401108e-02,-1.232653507031500340e-03,-3.570030909031629562e-03,1.298986315727233887e+01
-1.169880572706460953e-02,-1.251071924343705177e-03,-3.662540810182690620e-03,1.299506521224975586e+01
-1.179934572428464890e-02,-1.276660943403840065e-03,-3.754118923097848892e-03,1.300121307373046875e+01
-1.192105840891599655e-02,-1.306232530623674393e-03,-3.870325628668069839e-03,1.300497603416442871e+01
-1.146676577627658844e-02,-1.337277586571872234e-03,-3.701359033584594727e-03,1.300989317893981934e+01
-1.156661938875913620e-02,-1.349521800875663757e-03,-3.616708330810070038e-03,1.301481819152832031e+01
-1.164370961487293243e-02,-1.371693680994212627e-03,-3.602505661547183990e-03,1.301985812187194824e+01
-1.172305271029472351e-02,-1.390207093209028244e-03,-3.562575206160545349e-03,1.302481818199157715e+01
-1.180478278547525406e-02,-1.405995571985840797e-03,-3.498531179502606392e-03,1.303012800216674805e+01
-1.187921036034822464e-02,-1.476617879234254360e-03,-3.411600831896066666e-03,1.303492116928100586e+01
-1.195934135466814041e-02,-1.531120273284614086e-03,-3.301024436950683594e-03,1.303983712196350098e+01
-1.139056123793125153e-02,-1.288932631723582745e-03,-3.419110551476478577e-03,1.304474210739135742e+01
-1.141182240098714828e-02,-1.300889998674392700e-03,-3.423925489187240601e-03,1.304994010925292969e+01
-1.144167128950357437e-02,-1.334000146016478539e-03,-3.347167046740651131e-03,1.305494403839111328e+01
-1.146981772035360336e-02,-1.367315999232232571e-03,-3.268312662839889526e-03,1.305999207496643066e+01
-1.154499407857656479e-02,-1.404240494593977928e-03,-3.246240084990859032e-03,1.306484198570251465e+01
-1.161162648350000381e-02,-1.441706670448184013e-03,-3.210681956261396408e-03,1.306995820999145508e+01
-1.171346288174390793e-02,-1.068874145857989788e-03,-3.414524719119071960e-03,1.307492017745971680e+01
-1.187253836542367935e-02,-1.084281015209853649e-03,-3.507446264848113060e-03,1.307998919486999512e+01
-1.202667318284511566e-02,-1.096402527764439583e-03,-3.584968391805887222e-03,1.308484101295471191e+01
-1.220161095261573792e-02,-1.113595790229737759e-03,-3.684469731524586678e-03,1.308995199203491211e+01
-1.235542166978120804e-02,-1.131896395236253738e-03,-3.830302739515900612e-03,1.309498310089111328e+01
-1.253629289567470551e-02,-1.152890152297914028e-03,-3.998302854597568512e-03,1.310015010833740234e+01
-1.272610295563936234e-02,-1.176852616481482983e-03,-4.199085757136344910e-03,1.310493612289428711e+01
-1.203527860343456268e-02,-9.832294890657067299e-04,-3.482723142951726913e-03,1.311027908325195312e+01
-1.216239761561155319e-02,-9.907499188557267189e-04,-3.656647866591811180e-03,1.311482000350952148e+01
-1.229344587773084641e-02,-9.995044674724340439e-04,-3.861161647364497185e-03,1.312004303932189941e+01
-1.242829021066427231e-02,-1.008640509098768234e-03,-4.085561260581016541e-03,1.312487006187438965e+01
-1.253259368240833282e-02,-1.033249194733798504e-03,-4.176381509751081467e-03,1.313018918037414551e+01
-1.265291497111320496e-02,-1.064225449226796627e-03,-4.332972690463066101e-03,1.313500213623046875e+01
-1.245854981243610382e-02,-9.991397382691502571e-04,-3.940684255212545395e-03,1.314006614685058594e+01
-1.248982083052396774e-02,-1.024179393425583839e-03,-3.898729337379336357e-03,1.314500308036804199e+01
-1.253874879330396652e-02,-1.049930113367736340e-03,-3.888919251039624214e-03,1.315007305145263672e+01
-1.257572136819362640e-02,-1.078036846593022346e-03,-3.848793916404247284e-03,1.315499615669250488e+01
-1.262416038662195206e-02,-1.113816280849277973e-03,-3.852601163089275360e-03,1.316017603874206543e+01
-1.265755295753479004e-02,-1.153578632511198521e-03,-3.821836318820714951e-03,1.316505599021911621e+01
-1.268566213548183441e-02,-1.201204606331884861e-03,-3.787092166021466255e-03,1.317001605033874512e+01
-1.231948658823966980e-02,-1.113310689106583595e-03,-3.834461560472846031e-03,1.317500519752502441e+01
-1.232346240431070328e-02,-1.155940117314457893e-03,-3.898550756275653839e-03,1.318008613586425781e+01
-1.232845988124608994e-02,-1.204871339723467827e-03,-3.985943738371133804e-03,1.318509101867675781e+01
-1.231522765010595322e-02,-1.240834360942244530e-03,-4.103855229914188385e-03,1.319018411636352539e+01
-1.230562292039394379e-02,-1.287044957280158997e-03,-4.244651645421981812e-03,1.319530200958251953e+01
-1.229176204651594162e-02,-1.336381188593804836e-03,-4.411550238728523254e-03,1.320022606849670410e+01
-1.227340288460254669e-02,-1.386923366226255894e-03,-4.605607595294713974e-03,1.320513200759887695e+01
-1.242726761847734451e-02,-7.866995874792337418e-04,-3.612460335716605186e-03,1.321018505096435547e+01
-1.246663555502891541e-02,-7.700797868892550468e-04,-3.699982771649956703e-03,1.321505808830261230e+01
-1.251166500151157379e-02,-7.491415599361062050e-04,-3.802981227636337280e-03,1.322020912170410156e+01
-1.250805426388978958e-02,-7.329615182243287563e-04,-3.826458239927887917e-03,1.322514009475708008e+01
-1.253420673310756683e-02,-7.164889248088002205e-04,-3.908074926584959030e-03,1.323051309585571289e+01
-1.255818735808134079e-02,-7.007183739915490150e-04,-3.993024118244647980e-03,1.323506021499633789e+01
-1.218555402010679245e-02,-8.030440658330917358e-04,-3.872404573485255241e-03,1.324009299278259277e+01
-1.217725686728954315e-02,-8.256759610958397388e-04,-3.938721492886543274e-03,1.324501800537109375e+01
-1.216848473995923996e-02,-8.531756466254591942e-04,-4.007202107459306717e-03,1.325017499923706055e+01
-1.219055522233247757e-02,-8.783307275734841824e-04,-4.050567280501127243e-03,1.325527405738830566e+01
-1.220121886581182480e-02,-9.093666449189186096e-04,-4.108999390155076981e-03,1.326053714752197266e+01
-1.221704762428998947e-02,-9.428039775229990482e-04,-4.165108781307935715e-03,1.326518821716308594e+01
-1.227682083845138550e-02,-9.723078110255300999e-04,-4.200646188110113144e-03,1.327037215232849121e+01
-1.227153837680816650e-02,-8.579797577112913132e-04,-3.931888379156589508e-03,1.327518510818481445e+01
-1.235668826848268509e-02,-8.858340443111956120e-04,-3.936420194804668427e-03,1.328023600578308105e+01
-1.245804689824581146e-02,-9.141450282186269760e-04,-3.933831118047237396e-03,1.328529500961303711e+01
-1.265026163309812546e-02,-9.173512225970625877e-04,-4.041653126478195190e-03,1.329036021232604980e+01
-1.282488089054822922e-02,-9.352043271064758301e-04,-4.089854191988706589e-03,1.329546403884887695e+01
-1.302608009427785873e-02,-9.510904783383011818e-04,-4.149191081523895264e-03,1.330053901672363281e+01
-1.319763995707035065e-02,-9.839239064604043961e-04,-4.276783205568790436e-03,1.330518102645874023e+01
-1.207037642598152161e-02,-7.560166995972394943e-04,-3.801289713010191917e-03,1.331036520004272461e+01
-1.216410472989082336e-02,-7.809053058736026287e-04,-3.909259103238582611e-03,1.331518006324768066e+01
-1.218663901090621948e-02,-8.181548328138887882e-04,-4.036511760205030441e-03,1.332049918174743652e+01
-1.225201133638620377e-02,-8.560570422559976578e-04,-4.190751817077398300e-03,1.332517218589782715e+01
-1.231468096375465393e-02,-9.023169986903667450e-04,-4.368808120489120483e-03,1.333063817024230957e+01
-1.234204322099685669e-02,-9.444428724236786366e-04,-4.467391408979892731e-03,1.333539319038391113e+01
-1.109691616147756577e-02,-8.355400059372186661e-04,-3.736588638275861740e-03,1.334049415588378906e+01
-1.098924968391656876e-02,-8.475550566799938679e-04,-3.747687209397554398e-03,1.334540104866027832e+01
-1.087577082216739655e-02,-8.844620315358042717e-04,-3.553306218236684799e-03,1.335041713714599609e+01
-1.074728090316057205e-02,-9.087930084206163883e-04,-3.418930573388934135e-03,1.335541605949401855e+01
-1.060824748128652573e-02,-9.380161063745617867e-04,-3.241962054744362831e-03,1.336087512969970703e+01
-1.045182440429925919e-02,-9.695075568743050098e-04,-3.021202748641371727e-03,1.336558508872985840e+01
-1.028550602495670319e-02,-1.004982274025678635e-03,-2.755652181804180145e-03,1.337051415443420410e+01
-1.054865587502717972e-02,-9.177059982903301716e-04,-4.170371219515800476e-03,1.337542819976806641e+01
-1.041008997708559036e-02,-9.584588115103542805e-04,-3.998970147222280502e-03,1.338056421279907227e+01
-1.038190443068742752e-02,-9.964009514078497887e-04,-3.973091021180152893e-03,1.338558101654052734e+01
-1.028645969927310944e-02,-1.040455419570207596e-03,-3.823152044788002968e-03,1.339061403274536133e+01
-1.019521802663803101e-02,-1.088831340894103050e-03,-3.653768682852387428e-03,1.339569401741027832e+01
-1.011859718710184097e-02,-1.145328627899289131e-03,-3.542082151398062706e-03,1.340171217918395996e+01
-1.004585158079862595e-02,-1.203420804813504219e-03,-3.403491340577602386e-03,1.340556311607360840e+01
-1.053483132272958755e-02,-7.263864972628653049e-04,-3.444801550358533859e-03,1.341062402725219727e+01
-1.055421400815248489e-02,-7.385815260931849480e-04,-3.412131220102310181e-03,1.341547513008117676e+01
-1.057214755564928055e-02,-7.533266907557845116e-04,-3.376958658918738365e-03,1.342081117630004883e+01
-1.060192473232746124e-02,-7.700985297560691833e-04,-3.354260232299566269e-03,1.342559218406677246e+01
-1.068451721221208572e-02,-7.951745064929127693e-04,-3.301579505205154419e-03,1.343088221549987793e+01
-1.077304780483245850e-02,-8.205643389374017715e-04,-3.265395294874906540e-03,1.343559312820434570e+01
-1.096270512789487839e-02,-7.532825693488121033e-04,-3.406430361792445183e-03,1.344062900543212891e+01
-1.107710506767034531e-02,-7.613842608407139778e-04,-3.223540261387825012e-03,1.344553613662719727e+01
-1.122692320495843887e-02,-7.793250842951238155e-04,-3.088255878537893295e-03,1.345071315765380859e+01
-1.139377057552337646e-02,-7.972340681590139866e-04,-2.919286955147981644e-03,1.345568919181823730e+01
-1.157780829817056656e-02,-8.132078219205141068e-04,-2.720034448429942131e-03,1.346092104911804199e+01
-1.168456673622131348e-02,-8.526416495442390442e-04,-2.451550215482711792e-03,1.346560406684875488e+01
-1.183889620006084442e-02,-8.761962526477873325e-04,-2.178629394620656967e-03,1.347077417373657227e+01
-1.114856731146574020e-02,-7.398666930384933949e-04,-3.249145811423659325e-03,1.347561311721801758e+01
-1.102838572114706039e-02,-7.334428373724222183e-04,-3.002993064001202583e-03,1.348074221611022949e+01
-1.098457165062427521e-02,-7.417196175083518028e-04,-2.713272580876946449e-03,1.348568511009216309e+01
-1.091022044420242310e-02,-7.483642548322677612e-04,-2.390564186498522758e-03,1.349077820777893066e+01
-1.087629236280918121e-02,-7.704421877861022949e-04,-2.062515122815966606e-03,1.349580216407775879e+01
-1.080108620226383209e-02,-7.878532633185386658e-04,-1.691343029960989952e-03,1.350078415870666504e+01
-1.071561034768819809e-02,-8.086279267445206642e-04,-1.292138826102018356e-03,1.350558400154113770e+01
-1.035697851330041885e-02,-6.817217799834907055e-04,-3.768356051295995712e-03,1.351079106330871582e+01
-1.029310002923011780e-02,-6.910276715643703938e-04,-3.543321741744875908e-03,1.351558208465576172e+01
-1.023890636861324310e-02,-7.029182743281126022e-04,-3.283268073573708534e-03,1.352080202102661133e+01
-1.012479141354560852e-02,-7.252081995829939842e-04,-3.007927443832159042e-03,1.352570414543151855e+01
-1.002739649266004562e-02,-7.450665580108761787e-04,-2.694421214982867241e-03,1.353085708618164062e+01
-9.918035008013248444e-03,-7.685814634896814823e-04,-2.351462375372648239e-03,1.353572607040405273e+01
-9.602821432054042816e-03,-6.382429273799061775e-04,-3.435574704781174660e-03,1.354097819328308105e+01
-9.520913474261760712e-03,-6.673352327197790146e-04,-3.284477163106203079e-03,1.354571914672851562e+01
-9.450572542846202850e-03,-6.997056188993155956e-04,-3.136745188385248184e-03,1.355081009864807129e+01
-9.391970932483673096e-03,-7.345222984440624714e-04,-2.990403911098837852e-03,1.355582904815673828e+01
-9.359190240502357483e-03,-8.221453172154724598e-04,-2.902120584622025490e-03,1.356102299690246582e+01
-9.333864785730838776e-03,-8.930026669986546040e-04,-2.808140125125646591e-03,1.356594109535217285e+01
-9.323148056864738464e-03,-9.728328441269695759e-04,-2.722607227042317390e-03,1.357080602645874023e+01
-9.839853271842002869e-03,-6.477790302596986294e-04,-2.923291409388184547e-03,1.357579517364501953e+01
-9.831145405769348145e-03,-6.710598827339708805e-04,-2.715130569413304329e-03,1.358085203170776367e+01
-9.819497354328632355e-03,-6.928102811798453331e-04,-2.475359011441469193e-03,1.358570814132690430e+01
-9.936709888279438019e-03,-6.758472882211208344e-04,-1.919229049235582352e-03,1.359084820747375488e+01
-1.000368222594261169e-02,-6.749656167812645435e-04,-1.434896956197917461e-03,1.359599113464355469e+01
-1.009103748947381973e-02,-6.706512649543583393e-04,-8.650437230244278908e-04,1.360102319717407227e+01
-1.016665622591972351e-02,-6.898723659105598927e-04,-3.400429850444197655e-04,1.360583114624023438e+01
-1.023448072373867035e-02,-5.278530297800898552e-04,-3.713996149599552155e-03,1.361087512969970703e+01
-1.033507380634546280e-02,-5.197854479774832726e-04,-3.507123794406652451e-03,1.361588120460510254e+01
-1.038422342389822006e-02,-5.720134940929710865e-04,-3.748170332983136177e-03,1.362090420722961426e+01
-1.046017929911613464e-02,-6.028161151334643364e-04,-3.781651612371206284e-03,1.362585401535034180e+01
-1.053462363779544830e-02,-6.462199962697923183e-04,-3.866804298013448715e-03,1.363081216812133789e+01
-1.060971058905124664e-02,-7.086749537847936153e-04,-4.001681692898273468e-03,1.363588309288024902e+01
-9.280337952077388763e-03,-2.123385056620463729e-04,-1.523755607195198536e-03,1.364093303680419922e+01
-9.095692075788974762e-03,-2.094780502375215292e-04,-1.477881218306720257e-03,1.364593505859375000e+01
-8.881963789463043213e-03,-2.131389337591826916e-04,-1.500834594480693340e-03,1.365093016624450684e+01
-8.885893970727920532e-03,-2.021139516727998853e-04,-1.499514444731175900e-03,1.365580701828002930e+01
-8.762524463236331940e-03,-2.076375967590138316e-04,-1.600067014805972576e-03,1.366119313240051270e+01
-8.651242591440677643e-03,-2.159323485102504492e-04,-1.755873207002878189e-03,1.366606307029724121e+01
-8.598171174526214600e-03,-2.040874969679862261e-04,-1.687418320216238499e-03,1.367105603218078613e+01
-9.274576790630817413e-03,-1.930271682795137167e-04,-2.004077425226569176e-03,1.367610311508178711e+01
-9.331967681646347046e-03,-1.870300184236839414e-04,-1.886928803287446499e-03,1.368105006217956543e+01
-9.290685877203941345e-03,-1.935835753101855516e-04,-1.574374618940055370e-03,1.368612003326416016e+01
-9.318416938185691833e-03,-2.001572429435327649e-04,-1.290818443521857262e-03,1.369105911254882812e+01
-9.348872117698192596e-03,-2.016326325247064233e-04,-9.542558691464364529e-04,1.369612312316894531e+01
-9.428751654922962189e-03,-1.918710622703656554e-04,-7.480412605218589306e-04,1.370105504989624023e+01
-9.503745473921298981e-03,-1.918085326906293631e-04,-4.428676620591431856e-04,1.370610404014587402e+01
-1.005502883344888687e-02,-4.849071265198290348e-04,-3.164186840876936913e-03,1.371106219291687012e+01
-1.020492613315582275e-02,-5.119569832459092140e-04,-3.099924884736537933e-03,1.371612215042114258e+01
-1.021418441087007523e-02,-5.252691335044801235e-04,-3.157367231324315071e-03,1.372107911109924316e+01
-1.030615251511335373e-02,-5.496821831911802292e-04,-3.133080434054136276e-03,1.372606110572814941e+01
-1.039250753819942474e-02,-5.729412077926099300e-04,-3.110931953415274620e-03,1.373120999336242676e+01
-1.048838626593351364e-02,-6.047183996997773647e-04,-3.082706127315759659e-03,1.373611116409301758e+01
-9.700498543679714203e-03,-3.699974913615733385e-04,-2.697372809052467346e-03,1.374119615554809570e+01
-9.709361940622329712e-03,-3.848432970698922873e-04,-2.666002605110406876e-03,1.374607300758361816e+01
-9.743640199303627014e-03,-4.305628244765102863e-04,-2.633778378367424011e-03,1.375118303298950195e+01
-9.766624309122562408e-03,-4.631952615454792976e-04,-2.609116490930318832e-03,1.375683212280273438e+01
-9.791991673409938812e-03,-4.993214970454573631e-04,-2.589066978543996811e-03,1.376118302345275879e+01
-9.797762148082256317e-03,-4.875957092735916376e-04,-2.596742007881402969e-03,1.376612806320190430e+01
-9.810031391680240631e-03,-4.929371643811464310e-04,-2.607070375233888626e-03,1.377097511291503906e+01
-9.241139516234397888e-03,-8.270056423498317599e-05,-2.529955003410577774e-03,1.377627706527709961e+01
-9.088292717933654785e-03,-9.817379759624600410e-05,-2.473033964633941650e-03,1.378118610382080078e+01
-8.969671092927455902e-03,-8.815701585263013840e-05,-2.450347179546952248e-03,1.378608417510986328e+01
-8.825450204312801361e-03,-7.802166510373353958e-05,-2.430933993309736252e-03,1.379103803634643555e+01
-8.911263197660446167e-03,-1.132197721744887531e-04,-2.409747336059808731e-03,1.379684305191040039e+01
-8.936078287661075592e-03,-1.461056963307783008e-04,-2.383827231824398041e-03,1.380522203445434570e+01
-9.008119814097881317e-03,-1.909506972879171371e-04,-2.351172734051942825e-03,1.380616116523742676e+01
-9.674006141722202301e-03,-4.368709051050245762e-04,-2.562621608376502991e-03,1.381129312515258789e+01
-9.571832604706287384e-03,-4.678776895161718130e-04,-2.383372513577342033e-03,1.381667900085449219e+01
-9.662505239248275757e-03,-5.625855410471558571e-04,-2.255705883726477623e-03,1.382130122184753418e+01
-9.751399047672748566e-03,-6.656515179201960564e-04,-2.097456250339746475e-03,1.382658600807189941e+01
-9.860791265964508057e-03,-7.363955955952405930e-04,-1.897407928481698036e-03,1.383130311965942383e+01
-9.965756908059120178e-03,-8.173559326678514481e-04,-1.675246632657945156e-03,1.383666110038757324e+01
-9.087014943361282349e-03,-2.494687505532056093e-04,-2.241367707028985023e-03,1.384131312370300293e+01
-9.142988361418247223e-03,-2.333352604182437062e-04,-2.133536618202924728e-03,1.384622716903686523e+01
-9.192079305648803711e-03,-2.111459907609969378e-04,-1.985345268622040749e-03,1.385125613212585449e+01
-9.252484887838363647e-03,-1.759281149134039879e-04,-1.832171226851642132e-03,1.385679507255554199e+01
-9.324604645371437073e-03,-1.561042299726977944e-04,-1.723033958114683628e-03,1.386150407791137695e+01
-9.405621327459812164e-03,-1.281194272451102734e-04,-1.592642860487103462e-03,1.386674904823303223e+01
-9.497310034930706024e-03,-9.616284660296514630e-05,-1.468059490434825420e-03,1.387122821807861328e+01
-9.309294633567333221e-03,-3.049292354262433946e-05,-1.693458063527941704e-03,1.387680912017822266e+01
-9.404393844306468964e-03,-5.462048648041673005e-05,-1.691985991783440113e-03,1.388142919540405273e+01
-9.509173221886157990e-03,-8.102689753286540508e-05,-1.737087965011596680e-03,1.388659000396728516e+01
-9.623338468372821808e-03,-1.068200290319509804e-04,-1.836534589529037476e-03,1.389143204689025879e+01
-9.596147574484348297e-03,-1.438994513591751456e-04,-1.976694911718368530e-03,1.389696621894836426e+01
-9.624281898140907288e-03,-1.877881441032513976e-04,-2.149028237909078598e-03,1.390148115158081055e+01
-9.667376987636089325e-03,-3.028250102943275124e-05,-1.736973412334918976e-03,1.390689206123352051e+01
-9.851385839283466339e-03,-1.566226274007931352e-04,-1.901513198390603065e-03,1.391145706176757812e+01
-1.000832114368677139e-02,-2.293889992870390415e-04,-2.084328792989253998e-03,1.391666603088378906e+01
-1.016932912170886993e-02,-3.068627556785941124e-04,-2.310421783477067947e-03,1.392137408256530762e+01
-1.031908392906188965e-02,-2.886808943003416061e-04,-2.210637787356972694e-03,1.392673707008361816e+01
-1.049362029880285263e-02,-3.094758721999824047e-04,-2.209155587479472160e-03,1.393157601356506348e+01
-1.068529579788446426e-02,-3.219698555767536163e-04,-2.165220677852630615e-03,1.393686699867248535e+01
-9.296707808971405029e-03,-2.343699088669382036e-05,-2.245290903374552727e-03,1.394157910346984863e+01
-9.319076314568519592e-03,-2.019255589402746409e-06,-2.022552536800503731e-03,1.394702315330505371e+01
-9.332139045000076294e-03,2.791743463603779674e-05,-1.724031404592096806e-03,1.395147418975830078e+01
-9.358200244605541229e-03,2.543102164054289460e-05,-1.645209384150803089e-03,1.395688104629516602e+01
-9.374453686177730560e-03,3.634530730778351426e-05,-1.468668109737336636e-03,1.396175718307495117e+01
-9.391300380229949951e-03,4.152303154114633799e-05,-1.307750935666263103e-03,1.396706604957580566e+01
-9.468639269471168518e-03,1.880677336885128170e-05,-1.316318521276116371e-03,1.397201514244079590e+01
-9.727505967020988464e-03,-2.944086008938029408e-05,-2.122980775311589241e-03,1.397700905799865723e+01
-9.836655110120773315e-03,-8.359119965462014079e-05,-2.319895429536700249e-03,1.398153305053710938e+01
-9.963379241526126862e-03,-1.488226989749819040e-04,-2.582286251708865166e-03,1.398707699775695801e+01
-1.009262911975383759e-02,-1.345211494481191039e-04,-2.873511519283056259e-03,1.399144816398620605e+01
-1.024567615240812302e-02,-1.847939711296930909e-04,-3.237676573917269707e-03,1.399696707725524902e+01
-1.041340827941894531e-02,-2.415288181509822607e-04,-3.654642496258020401e-03,1.400156903266906738e+01
-1.060414314270019531e-02,-3.025984915439039469e-04,-4.053976852446794510e-03,1.400709915161132812e+01
-1.019516959786415100e-02,1.288287166971713305e-04,-1.932570128701627254e-03,1.401153421401977539e+01
-1.037845388054847717e-02,1.431841374142095447e-04,-2.214150968939065933e-03,1.401691412925720215e+01
-1.044100429862737656e-02,1.876664900919422507e-04,-2.365895081311464310e-03,1.402171421051025391e+01
-1.056975126266479492e-02,2.175302797695621848e-04,-2.607555361464619637e-03,1.402691507339477539e+01
-1.069181691855192184e-02,2.464614517521113157e-04,-2.853330690413713455e-03,1.403175306320190430e+01
-1.070745568722486496e-02,2.530725614633411169e-04,-2.961786231026053429e-03,1.403702306747436523e+01
-1.030950434505939484e-02,1.848912506829947233e-04,-2.779527334496378899e-03,1.404174017906188965e+01
-1.023815479129552841e-02,2.066871529677882791e-04,-2.835360122844576836e-03,1.404704308509826660e+01
-1.030514109879732132e-02,1.205598455271683633e-04,-2.911156741902232170e-03,1.405166411399841309e+01
-1.028255186975002289e-02,6.892822420923039317e-05,-2.945602172985672951e-03,1.405675601959228516e+01
-1.025547832250595093e-02,1.545903614896815270e-06,-2.960076089948415756e-03,1.406186103820800781e+01
-1.022435910999774933e-02,-8.069488103501498699e-05,-2.954544965177774429e-03,1.406693005561828613e+01
-1.025152485817670822e-02,-1.467952679377049208e-04,-3.130233846604824066e-03,1.407174611091613770e+01
-9.802837856113910675e-03,6.339790706988424063e-05,-2.805286552757024765e-03,1.407701110839843750e+01
-9.785545058548450470e-03,4.987696684111142531e-06,-2.905472880229353905e-03,1.408175110816955566e+01
-9.769198484718799591e-03,-8.032278856262564659e-05,-3.081148723140358925e-03,1.408690214157104492e+01
-9.765350259840488434e-03,-1.689068303676322103e-04,-3.251751186326146126e-03,1.409179115295410156e+01
-9.769266471266746521e-03,-2.701054909266531467e-04,-3.447536379098892212e-03,1.409692716598510742e+01
-9.785629808902740479e-03,-3.322662087157368660e-04,-3.587486455217003822e-03,1.410195708274841309e+01
-1.035646256059408188e-02,2.799566136673092842e-04,-2.412234200164675713e-03,1.410694599151611328e+01
-1.044384296983480453e-02,2.694021677598357201e-04,-2.468588761985301971e-03,1.411183118820190430e+01
-1.045649312436580658e-02,3.261975944042205811e-04,-2.314113080501556396e-03,1.411696815490722656e+01
-1.050712727010250092e-02,3.631125728134065866e-04,-2.241738839074969292e-03,1.412184119224548340e+01
-1.055151969194412231e-02,4.157832008786499500e-04,-2.138580894097685814e-03,1.412703609466552734e+01
-1.064313668757677078e-02,4.161384131293743849e-04,-2.107696607708930969e-03,1.413182902336120605e+01
-1.072038896381855011e-02,4.388800589367747307e-04,-2.025794703513383865e-03,1.413702607154846191e+01
-1.073372364044189453e-02,2.989101340062916279e-04,-2.331267576664686203e-03,1.414182305335998535e+01
-1.083173509687185287e-02,2.835183986462652683e-04,-2.291803481057286263e-03,1.414695215225219727e+01
-1.089646760374307632e-02,2.550598001107573509e-04,-2.638770034536719322e-03,1.415209412574768066e+01
-1.098996680229902267e-02,2.240689063910394907e-04,-2.805480966344475746e-03,1.415706205368041992e+01
-1.108611468225717545e-02,1.847579551395028830e-04,-3.019032068550586700e-03,1.416208910942077637e+01
-1.111256051808595657e-02,1.527023850940167904e-04,-3.279566299170255661e-03,1.416697907447814941e+01
-1.115239784121513367e-02,1.110934827011078596e-04,-3.589549800381064415e-03,1.417196917533874512e+01
-1.007201615720987320e-02,1.511020091129466891e-04,-2.531818812713027000e-03,1.417718005180358887e+01
-1.000169012695550919e-02,2.033036435022950172e-04,-2.693447750061750412e-03,1.418189215660095215e+01
-9.901724755764007568e-03,2.189010556321591139e-04,-2.969533205032348633e-03,1.418712711334228516e+01
-9.789364412426948547e-03,2.409348526271060109e-04,-3.275670111179351807e-03,1.419188618659973145e+01
-9.717032313346862793e-03,2.279440959682688117e-04,-3.503703046590089798e-03,1.419719004631042480e+01
-9.624558500945568085e-03,2.344798704143613577e-04,-3.775219665840268135e-03,1.420509099960327148e+01
-9.534417651593685150e-03,2.423594414722174406e-04,-4.045377485454082489e-03,1.420705819129943848e+01
-1.038980297744274139e-02,2.536052488721907139e-04,-2.899936866015195847e-03,1.421197509765625000e+01
-1.043015252798795700e-02,2.225415373686701059e-04,-3.041108138859272003e-03,1.421695303916931152e+01
-1.048442907631397247e-02,1.766590721672400832e-04,-3.183967666700482368e-03,1.422206902503967285e+01
-1.059135142713785172e-02,9.971950930776074529e-05,-3.352815518155694008e-03,1.422746515274047852e+01
-1.070438046008348465e-02,2.336607212782837451e-05,-3.519828431308269501e-03,1.423204517364501953e+01
-1.083993166685104370e-02,-6.064864282961934805e-05,-3.694365033879876137e-03,1.423715615272521973e+01
-1.084974315017461777e-02,-5.568177948589436710e-05,-3.247176762670278549e-03,1.424212002754211426e+01
-1.091127470135688782e-02,-1.018148759612813592e-04,-3.308918559923768044e-03,1.424714708328247070e+01
-1.104664802551269531e-02,-1.818816090235486627e-04,-3.416104242205619812e-03,1.425216221809387207e+01
-1.118787843734025955e-02,-2.651552495080977678e-04,-3.518312703818082809e-03,1.425724720954895020e+01
-1.134785450994968414e-02,-3.395397798158228397e-04,-3.519486635923385620e-03,1.426236009597778320e+01
-1.151116751134395599e-02,-4.200461844448000193e-04,-3.531668568029999733e-03,1.426739001274108887e+01
-1.168402843177318573e-02,-5.011392640881240368e-04,-3.511032322421669960e-03,1.427216219902038574e+01
-1.101788040250539780e-02,2.407976426184177399e-04,-2.990904031321406364e-03,1.427704620361328125e+01
-1.104407105594873428e-02,2.344631793675944209e-04,-2.839999739080667496e-03,1.428203105926513672e+01
-1.104777213186025620e-02,2.292345016030594707e-04,-2.651827642694115639e-03,1.428707408905029297e+01
-1.101474650204181671e-02,1.979003718588501215e-04,-2.564869122579693794e-03,1.429221010208129883e+01
-1.096150185912847519e-02,1.746562920743599534e-04,-2.418874762952327728e-03,1.429737305641174316e+01
-1.088161207735538483e-02,1.455770252505317330e-04,-2.276799175888299942e-03,1.430216503143310547e+01
-1.020700205117464066e-02,3.367003228049725294e-04,-2.370587084442377090e-03,1.430730819702148438e+01
-1.009747572243213654e-02,3.479989536572247744e-04,-2.289880532771348953e-03,1.431227707862854004e+01
-9.976475499570369720e-03,3.574027796275913715e-04,-2.235751831904053688e-03,1.431722807884216309e+01
-9.844806045293807983e-03,3.656081098597496748e-04,-2.204371849074959755e-03,1.432224106788635254e+01
-9.779741987586021423e-03,3.550363471731543541e-04,-2.207598648965358734e-03,1.432731699943542480e+01
-9.679809212684631348e-03,3.508161462377756834e-04,-2.241892972961068153e-03,1.433233499526977539e+01
-9.581619873642921448e-03,3.375986707396805286e-04,-2.304189139977097511e-03,1.433718800544738770e+01
-9.593333117663860321e-03,2.629247901495546103e-04,-2.369733527302742004e-03,1.434223198890686035e+01
-9.550306014716625214e-03,2.566713083069771528e-04,-2.377289580181241035e-03,1.434722805023193359e+01
-9.518852457404136658e-03,2.510421618353575468e-04,-2.389139262959361076e-03,1.435233211517333984e+01
-9.581593796610832214e-03,2.415245253359898925e-04,-2.335149096325039864e-03,1.435732817649841309e+01
-9.626687504351139069e-03,2.314087178092449903e-04,-2.313139615580439568e-03,1.436245417594909668e+01
-9.698044508695602417e-03,2.199274313170462847e-04,-2.286164788529276848e-03,1.436739611625671387e+01
-9.724537841975688934e-03,2.011620526900514960e-04,-2.168030245229601860e-03,1.437233710289001465e+01
-9.984640404582023621e-03,2.048158494289964437e-04,-2.811544807627797127e-03,1.437718105316162109e+01
-1.005892083048820496e-02,1.761758030625060201e-04,-2.709252526983618736e-03,1.438217806816101074e+01
-1.017455756664276123e-02,1.235909730894491076e-04,-2.502565504983067513e-03,1.438742518424987793e+01
-1.028396189212799072e-02,7.348136568907648325e-05,-2.285995287820696831e-03,1.439230203628540039e+01
-1.040583010762929916e-02,1.662610884523019195e-05,-2.021020976826548576e-03,1.439738106727600098e+01
-1.054023392498493195e-02,-4.482511940295808017e-05,-1.711105112917721272e-03,1.440232419967651367e+01
-1.000860426574945450e-02,2.592198725324124098e-04,-2.701442455872893333e-03,1.440720105171203613e+01
-1.005094591528177261e-02,2.571791410446166992e-04,-2.501095645129680634e-03,1.441228103637695312e+01
-1.008918136358261108e-02,2.581280132289975882e-04,-2.264967886731028557e-03,1.441745805740356445e+01
-1.013792678713798523e-02,2.657310978975147009e-04,-2.288881922140717506e-03,1.442242002487182617e+01
-1.017683651298284531e-02,2.772438456304371357e-04,-2.162312855944037437e-03,1.442754817008972168e+01
-1.021535322070121765e-02,2.954130177386105061e-04,-2.050828654319047928e-03,1.443251514434814453e+01
-1.025977730751037598e-02,2.991429646499454975e-04,-2.046765992417931557e-03,1.443745613098144531e+01
-9.667333215475082397e-03,6.138973985798656940e-04,-2.380585065111517906e-03,1.444245815277099609e+01
-9.664985351264476776e-03,6.235977052710950375e-04,-2.482990268617868423e-03,1.444746398925781250e+01
-9.672551415860652924e-03,5.992689984850585461e-04,-2.589042298495769501e-03,1.445250201225280762e+01
-9.677843190729618073e-03,5.856809439137578011e-04,-2.750758314505219460e-03,1.445732307434082031e+01
-9.685716591775417328e-03,5.653559928759932518e-04,-2.943968400359153748e-03,1.446253705024719238e+01
-9.674714878201484680e-03,5.559466080740094185e-04,-3.023177152499556541e-03,1.446746921539306641e+01
-9.669443592429161072e-03,5.365448305383324623e-04,-3.160435007885098457e-03,1.447244310379028320e+01
-9.022025391459465027e-03,4.259027773514389992e-04,-2.894801786169409752e-03,1.447745013236999512e+01
-8.991354145109653473e-03,3.755811194423586130e-04,-2.621819730848073959e-03,1.448253011703491211e+01
-8.941550739109516144e-03,3.278166987001895905e-04,-2.451648470014333725e-03,1.448769211769104004e+01
-8.899016305804252625e-03,2.671855036169290543e-04,-2.215191256254911423e-03,1.449251413345336914e+01
-8.862995542585849762e-03,1.948247227119281888e-04,-1.905210898257791996e-03,1.449766516685485840e+01
-8.764505386352539062e-03,1.294650865020230412e-04,-1.449744100682437420e-03,1.450254106521606445e+01
-8.590880781412124634e-03,4.227928293403238058e-04,-3.164453199133276939e-03,1.450760817527770996e+01
-8.482924662530422211e-03,3.570801927708089352e-04,-2.785847987979650497e-03,1.451237010955810547e+01
-8.607920259237289429e-03,3.183284716214984655e-04,-2.640214283019304276e-03,1.451755213737487793e+01
-8.631852455437183380e-03,2.579106658231467009e-04,-2.291407203301787376e-03,1.452250814437866211e+01
-8.688143454492092133e-03,1.868276012828573585e-04,-1.910282997414469719e-03,1.452753806114196777e+01
-8.736317045986652374e-03,6.721929821651428938e-05,-1.633117790333926678e-03,1.453238010406494141e+01
-8.820687420666217804e-03,-4.457669274415820837e-05,-1.299761817790567875e-03,1.453760409355163574e+01
-8.908070623874664307e-03,5.092967767268419266e-04,-2.211282728239893913e-03,1.454250621795654297e+01
-8.875366300344467163e-03,6.019540014676749706e-04,-2.121458062902092934e-03,1.454757809638977051e+01
-8.911885321140289307e-03,6.498475559055805206e-04,-2.001615008339285851e-03,1.455264019966125488e+01
-8.942369371652603149e-03,7.180948159657418728e-04,-1.892296131700277328e-03,1.455758619308471680e+01
-8.905165828764438629e-03,7.629622123204171658e-04,-1.819706871174275875e-03,1.456278610229492188e+01
-8.870239369571208954e-03,8.317795582115650177e-04,-1.768305897712707520e-03,1.456754112243652344e+01
-8.811273612082004547e-03,9.076882270164787769e-04,-1.747518428601324558e-03,1.457266712188720703e+01
-9.007749147713184357e-03,8.732206770218908787e-04,-1.884841010905802250e-03,1.457774019241333008e+01
-8.956848643720149994e-03,8.982783183455467224e-04,-1.849944586865603924e-03,1.458263611793518066e+01
-8.861625567078590393e-03,9.445258765481412411e-04,-1.889871899038553238e-03,1.458766698837280273e+01
-8.750334382057189941e-03,9.883691091090440750e-04,-1.947768963873386383e-03,1.459247207641601562e+01
-8.702181279659271240e-03,9.736613137647509575e-04,-2.025529043748974800e-03,1.459779405593872070e+01
-8.625244721770286560e-03,9.734068298712372780e-04,-2.119888085871934891e-03,1.460514116287231445e+01
-8.665772154927253723e-03,6.253154133446514606e-04,-2.566505456343293190e-03,1.460776519775390625e+01
-8.632134646177291870e-03,5.816871416755020618e-04,-2.500735921785235405e-03,1.461266112327575684e+01
-8.604677394032478333e-03,5.171973025426268578e-04,-2.529653720557689667e-03,1.461810803413391113e+01
-8.583180606365203857e-03,4.429075343068689108e-04,-2.544213552027940750e-03,1.462294316291809082e+01
-8.598858490586280823e-03,3.930856473743915558e-04,-2.375710988417267799e-03,1.462788319587707520e+01
-8.615590631961822510e-03,3.262765822000801563e-04,-2.210551640018820763e-03,1.463279104232788086e+01
-8.646547794342041016e-03,2.535441890358924866e-04,-1.977027859538793564e-03,1.463781809806823730e+01
-7.977466098964214325e-03,3.111383994109928608e-04,-2.306026639416813850e-03,1.464278101921081543e+01
-7.960637100040912628e-03,2.614061231724917889e-04,-1.968701835721731186e-03,1.464783406257629395e+01
-7.950133644044399261e-03,2.040840481640771031e-04,-1.557925250381231308e-03,1.465279817581176758e+01
-7.892731577157974243e-03,1.381325564580038190e-04,-1.372136757709085941e-03,1.465814805030822754e+01
-7.846627384424209595e-03,7.670337799936532974e-05,-1.076500746421515942e-03,1.466295409202575684e+01
-7.790111936628818512e-03,1.467887977923965082e-05,-7.993803010322153568e-04,1.466791605949401855e+01
-7.868595421314239502e-03,6.911741220392286777e-04,-1.605119323357939720e-03,1.467280220985412598e+01
-7.766128517687320709e-03,6.086612120270729065e-04,-1.791413174942135811e-03,1.467815017700195312e+01
-7.667737547308206558e-03,5.591175286099314690e-04,-1.881954842247068882e-03,1.468284606933593750e+01
-7.554201874881982803e-03,4.921703366562724113e-04,-2.032380085438489914e-03,1.468779802322387695e+01
-7.579093333333730698e-03,4.301184380892664194e-04,-2.227386692538857460e-03,1.469276809692382812e+01
-7.567061111330986023e-03,3.536063595674932003e-04,-2.497737761586904526e-03,1.469794607162475586e+01
-7.585235871374607086e-03,2.666634391061961651e-04,-2.827855758368968964e-03,1.470291399955749512e+01
-6.641582585871219635e-03,9.926238271873444319e-05,-2.214024541899561882e-03,1.470801711082458496e+01
-6.391162518411874771e-03,-3.845740138785913587e-05,-2.549725584685802460e-03,1.471293807029724121e+01
-6.123888306319713593e-03,-1.977967040147632360e-04,-2.960553159937262535e-03,1.471785020828247070e+01
-5.620404146611690521e-03,4.290369106456637383e-04,8.978454861789941788e-04,1.472291111946105957e+01
-5.252270959317684174e-03,5.003560218028724194e-04,1.576150651089847088e-03,1.472815918922424316e+01
-4.852181300520896912e-03,5.907977465540170670e-04,2.444971818476915359e-03,1.473299813270568848e+01
-4.484515171498060226e-03,5.113760707899928093e-04,3.028083825483918190e-03,1.473801708221435547e+01
-7.396511267870664597e-03,-3.938671943615190685e-05,-2.973828231915831566e-03,1.474298906326293945e+01
-7.367045618593692780e-03,-2.561124856583774090e-04,-2.976579358801245689e-03,1.474839520454406738e+01
-7.321211975067853928e-03,-5.096708773635327816e-04,-2.974531846120953560e-03,1.475311303138732910e+01
-7.495652418583631516e-03,-5.271589616313576698e-04,-3.229653928428888321e-03,1.475799012184143066e+01
-7.552013266831636429e-03,-6.947488291189074516e-04,-3.352055558934807777e-03,1.476324605941772461e+01
-7.631295360624790192e-03,-8.634107070975005627e-04,-3.505690721794962883e-03,1.476801919937133789e+01
-7.650793064385652542e-03,-1.097190892323851585e-03,-3.706971649080514908e-03,1.477308607101440430e+01
-5.407153163105249405e-03,4.265879979357123375e-04,-8.366306428797543049e-04,1.477832603454589844e+01
-5.190546158701181412e-03,3.294867929071187973e-04,-8.110647904686629772e-04,1.478313803672790527e+01
-4.999469965696334839e-03,3.051998792216181755e-04,-7.569345179945230484e-04,1.478825306892395020e+01
-4.797223024070262909e-03,2.293765428476035595e-04,-7.729857461526989937e-04,1.479313516616821289e+01
-4.598723724484443665e-03,1.475688477512449026e-04,-8.278221939690411091e-04,1.479824900627136230e+01
-4.429732449352741241e-03,1.452466094633564353e-04,-5.971431965008378029e-04,1.480311608314514160e+01
-6.331989075988531113e-03,9.860965656116604805e-04,-9.882042650133371353e-04,1.480810904502868652e+01
-6.361086387187242508e-03,1.099755405448377132e-03,-6.373039796017110348e-04,1.481311321258544922e+01
-6.248313467949628830e-03,1.096505555324256420e-03,-3.891574451699852943e-04,1.481809306144714355e+01
-6.196743343025445938e-03,1.147214556112885475e-03,2.583835157565772533e-05,1.482312512397766113e+01
-6.126679014414548874e-03,1.187633373774588108e-03,4.920731298625469208e-04,1.482832598686218262e+01
-6.038097664713859558e-03,1.215978292748332024e-03,9.902379242703318596e-04,1.483324098587036133e+01
-6.179363932460546494e-03,1.214725896716117859e-03,1.077637891285121441e-03,1.483808708190917969e+01
-6.990014575421810150e-03,5.299448966979980469e-04,-1.251839217729866505e-03,1.484324312210083008e+01
-7.160395383834838867e-03,4.163231642451137304e-04,-1.352605293504893780e-03,1.484860205650329590e+01
-7.303873077034950256e-03,3.906448255293071270e-04,-1.611580839380621910e-03,1.485328006744384766e+01
-7.501190528273582458e-03,3.041557502001523972e-04,-1.859185984358191490e-03,1.485821604728698730e+01
-7.721311412751674652e-03,2.122198784491047263e-04,-2.171003725379705429e-03,1.486333608627319336e+01
-7.748460397124290466e-03,1.174150747829116881e-04,-2.346149180084466934e-03,1.486831903457641602e+01
-7.827132008969783783e-03,1.966776835615746677e-05,-2.616290003061294556e-03,1.487324619293212891e+01
-5.700245033949613571e-03,5.347414989955723286e-04,-8.269217796623706818e-04,1.487822508811950684e+01
-5.911125335842370987e-03,6.033047684468328953e-04,-6.297946092672646046e-04,1.488322901725769043e+01
-5.921870004385709763e-03,6.348164170049130917e-04,-5.237844889052212238e-04,1.488828611373901367e+01
-5.972813349217176437e-03,6.791498744860291481e-04,-3.851353540085256100e-04,1.489331412315368652e+01
-5.777667276561260223e-03,7.532155723311007023e-04,-1.968410651898011565e-04,1.489830303192138672e+01
-5.663064308464527130e-03,8.380960207432508469e-04,2.817804852384142578e-05,1.490314602851867676e+01
-4.669049754738807678e-03,1.201670966111123562e-03,-1.410380471497774124e-03,1.490821909904479980e+01
-4.384992178529500961e-03,1.116924104280769825e-03,-1.523273414932191372e-03,1.491326308250427246e+01
-4.026523325592279434e-03,1.171882962808012962e-03,-1.532871508970856667e-03,1.491851711273193359e+01
-3.642351832240819931e-03,1.195959048345685005e-03,-1.554202870465815067e-03,1.492328000068664551e+01
-3.232782240957021713e-03,1.188266440294682980e-03,-1.577839953824877739e-03,1.492871022224426270e+01
-3.095124149695038795e-03,1.211615977808833122e-03,-1.842956524342298508e-03,1.493326210975646973e+01
-2.836860250681638718e-03,1.193629577755928040e-03,-2.043628366664052010e-03,1.493826603889465332e+01
-5.214198026806116104e-03,3.904858895111829042e-04,-1.149405725300312042e-03,1.494326210021972656e+01
-5.046252626925706863e-03,4.467959806788712740e-04,-1.106342184357345104e-03,1.494825220108032227e+01
-5.003463011234998703e-03,4.193384083919227123e-04,-1.205452601425349712e-03,1.495326209068298340e+01
-4.958262201398611069e-03,4.101299564354121685e-04,-1.303122960962355137e-03,1.495830106735229492e+01
-4.996037576347589493e-03,3.725854912772774696e-04,-1.306606922298669815e-03,1.496351313591003418e+01
-5.017080344259738922e-03,3.523626946844160557e-04,-1.334387576207518578e-03,1.496847605705261230e+01
-5.060012452304363251e-03,3.322193515487015247e-04,-1.339566661044955254e-03,1.497338914871215820e+01
-5.078427959233522415e-03,6.567041273228824139e-04,-1.285705133341252804e-03,1.497827100753784180e+01
-5.085179582238197327e-03,6.575665902346372604e-04,-1.236882642842829227e-03,1.498338913917541504e+01
-5.082726944237947464e-03,6.751979235559701920e-04,-1.162407570518553257e-03,1.498842811584472656e+01
-5.279774777591228485e-03,6.504920311272144318e-04,-1.129041542299091816e-03,1.499353218078613281e+01
-5.435614380985498428e-03,6.333207711577415466e-04,-1.056402223184704781e-03,1.499855399131774902e+01
-5.641134921461343765e-03,6.186077371239662170e-04,-9.854108793660998344e-04,1.500503015518188477e+01
-5.533277988433837891e-03,2.903011627495288849e-04,-1.103981281630694866e-03,1.500863909721374512e+01
-5.469764117151498795e-03,5.731327837565913796e-05,-1.113321981392800808e-03,1.501339316368103027e+01
-5.625255871564149857e-03,-1.484595559304580092e-04,-1.056241919286549091e-03,1.501869702339172363e+01
-5.776097998023033142e-03,-3.929469676222652197e-04,-9.773994097486138344e-04,1.502384018898010254e+01
-5.952104926109313965e-03,-6.107334629632532597e-04,-8.775847381912171841e-04,1.502871799468994141e+01
-6.119751371443271637e-03,-8.568632765673100948e-04,-7.911833235993981361e-04,1.503354620933532715e+01
-6.293344777077436447e-03,-1.100101042538881302e-03,-7.149638840928673744e-04,1.503878402709960938e+01
-4.839451517909765244e-03,4.177220980636775494e-04,-1.514980802312493324e-03,1.504358601570129395e+01
-4.887968767434358597e-03,4.009094845969229937e-04,-1.506517641246318817e-03,1.504857301712036133e+01
-4.938264843076467514e-03,4.072880547028034925e-04,-1.486804336309432983e-03,1.505355715751647949e+01
-4.844440612941980362e-03,5.231883842498064041e-04,-1.193750416859984398e-03,1.505854916572570801e+01
-4.776204470545053482e-03,6.273497128859162331e-04,-9.088729275390505791e-04,1.506366014480590820e+01
-4.668958485126495361e-03,7.656653760932385921e-04,-5.284172366373240948e-04,1.506859207153320312e+01
-3.730456111952662468e-03,1.126584014855325222e-03,-7.265885506058111787e-05,1.507364821434020996e+01
-3.475059056654572487e-03,1.327074132859706879e-03,5.644757766276597977e-04,1.507856512069702148e+01
-3.177868435159325600e-03,1.561496756039559841e-03,1.307112514041364193e-03,1.508354210853576660e+01
-3.654534230008721352e-03,1.334079774096608162e-03,1.904219097923487425e-04,1.508891105651855469e+01
-3.624490229412913322e-03,1.405113376677036285e-03,2.903775312006473541e-04,1.509378600120544434e+01
-3.626324934884905815e-03,1.446438836865127087e-03,3.171754360664635897e-04,1.509866809844970703e+01
-3.660852555185556412e-03,1.466086599975824356e-03,2.764379023574292660e-04,1.510352921485900879e+01
-3.335169516503810883e-03,6.396833341568708420e-04,4.155649512540549040e-04,1.510848021507263184e+01
-3.227630630135536194e-03,5.986170726828277111e-04,2.573145029600709677e-04,1.511363315582275391e+01
-3.109900048002600670e-03,5.513593205250799656e-04,3.085010030190460384e-05,1.511876821517944336e+01
-3.059492446482181549e-03,6.464759353548288345e-04,-6.140819459687918425e-05,1.512350702285766602e+01
-2.965678460896015167e-03,6.717480137012898922e-04,-2.930767659563571215e-04,1.512895202636718750e+01
-2.872708253562450409e-03,7.077110349200665951e-04,-5.591286462731659412e-04,1.513366317749023438e+01
-2.799704438075423241e-03,6.675611948594450951e-04,-6.119103636592626572e-04,1.513868117332458496e+01
-3.588577266782522202e-03,3.814127121586352587e-04,-9.348010644316673279e-04,1.514366722106933594e+01
-3.600845113396644592e-03,3.500864258967339993e-04,-9.418642148375511169e-04,1.514870619773864746e+01
-3.603877499699592590e-03,3.975364670623093843e-04,-8.521841373294591904e-04,1.515365409851074219e+01
-3.623105818405747414e-03,3.816068347077816725e-04,-7.408502278849482536e-04,1.515854310989379883e+01
-3.646992379799485207e-03,3.484734916128218174e-04,-5.860876990482211113e-04,1.516378021240234375e+01
-3.623084863647818565e-03,2.441969118081033230e-04,-4.738803836517035961e-04,1.516886305809020996e+01
-2.495668595656752586e-03,1.016111418721266091e-04,-2.128592692315578461e-03,1.517375516891479492e+01
-2.365647582337260246e-03,4.256957254256121814e-05,-2.201186725869774818e-03,1.517871904373168945e+01
-2.213478786870837212e-03,2.202659743488766253e-07,-2.246205694973468781e-03,1.518367600440979004e+01
-2.049158792942762375e-03,-2.074274379992857575e-04,-2.548227552324533463e-03,1.518888521194458008e+01
-1.871374784968793392e-03,-3.431853838264942169e-04,-2.677707700058817863e-03,1.519397020339965820e+01
-1.683361479081213474e-03,-5.052423221059143543e-04,-2.818409353494644165e-03,1.519891715049743652e+01
-1.557219773530960083e-03,-5.727854440920054913e-04,-2.998525742441415787e-03,1.520385122299194336e+01
-2.777070738375186920e-03,8.089689654298126698e-04,-1.275662798434495926e-04,1.520876121520996094e+01
-2.806700067594647408e-03,9.014904499053955078e-04,-3.017307244590483606e-05,1.521385002136230469e+01
-2.616593381389975548e-03,9.267115383408963680e-04,1.240095298271626234e-04,1.521886301040649414e+01
-2.519128611311316490e-03,9.954075794667005539e-04,2.346949768252670765e-04,1.522380208969116211e+01
-2.390411682426929474e-03,1.064031617715954781e-03,3.428745840210467577e-04,1.522911500930786133e+01
-2.447055652737617493e-03,1.130085322074592113e-03,3.310137544758617878e-04,1.523399019241333008e+01
-2.441383199766278267e-03,1.193914911709725857e-03,3.318164381198585033e-04,1.523887705802917480e+01
-2.387953922152519226e-03,4.083153908140957355e-04,-1.233413931913673878e-04,1.524385714530944824e+01
-2.303977264091372490e-03,3.882437595166265965e-04,-1.943057868629693985e-04,1.524888014793395996e+01
-2.308120252564549446e-03,3.572079294826835394e-04,-3.267299616709351540e-04,1.525399017333984375e+01
-2.305944450199604034e-03,3.023855097126215696e-04,-4.753505927510559559e-04,1.525883316993713379e+01
-2.301137428730726242e-03,2.423588593956083059e-04,-6.562650087289512157e-04,1.526416015625000000e+01
-2.317501930519938469e-03,2.586146874818950891e-04,-7.406353252008557320e-04,1.526903200149536133e+01
-2.106867963448166847e-03,3.772778436541557312e-04,-5.059280083514750004e-04,1.527399206161499023e+01
-2.090722555294632912e-03,3.988493117503821850e-04,-6.091035902500152588e-04,1.527925419807434082e+01
-2.244196133688092232e-03,3.665764234028756618e-04,-5.566134932450950146e-04,1.528410315513610840e+01
-2.328546950593590736e-03,3.649167192634195089e-04,-5.727859097532927990e-04,1.528902101516723633e+01
-2.438567578792572021e-03,3.597922332119196653e-04,-5.678547895513474941e-04,1.529423308372497559e+01
-2.465917030349373817e-03,3.504647174850106239e-04,-5.762213259004056454e-04,1.529917120933532715e+01
-2.534882165491580963e-03,3.350446932017803192e-04,-5.566357867792248726e-04,1.530405712127685547e+01
-2.081774640828371048e-03,8.471697219647467136e-05,-1.206412096507847309e-03,1.530900621414184570e+01
-1.891896594315767288e-03,5.193530523683875799e-05,-1.060634269379079342e-03,1.531400704383850098e+01
-1.763321924954652786e-03,3.928367732441984117e-06,-9.585397201590240002e-04,1.531906199455261230e+01
-1.597319729626178741e-03,-5.141386282048188150e-05,-8.249680395238101482e-04,1.532407808303833008e+01
-1.568296574987471104e-03,-1.694181701168417931e-04,-6.709721055813133717e-04,1.532914209365844727e+01
-1.477746991440653801e-03,-2.834384213201701641e-04,-4.712849622592329979e-04,1.533400321006774902e+01
-1.400270732119679451e-03,-4.171129548922181129e-04,-2.361018123337998986e-04,1.533909916877746582e+01
-8.585921023041009903e-04,-2.269720571348443627e-04,-5.262512713670730591e-04,1.534424901008605957e+01
-5.936176748946309090e-04,-3.204349195584654808e-04,-3.148503310512751341e-04,1.534908819198608398e+01
-2.692294365260750055e-04,-3.967542143072932959e-04,-6.833219231339171529e-05,1.535413408279418945e+01
1.072627856046892703e-04,-4.770981322508305311e-04,1.973473117686808109e-04,1.535913610458374023e+01
-5.776286343461833894e-05,-5.503750871866941452e-04,3.700242959894239902e-04,1.536427998542785645e+01
2.716181188588961959e-05,-5.898759700357913971e-04,6.108800298534333706e-04,1.536905813217163086e+01
-6.832263316027820110e-04,-1.192774070659652352e-04,2.777679474093019962e-04,1.537410020828247070e+01
-5.737371393479406834e-04,-4.426156010595150292e-05,4.033635486848652363e-04,1.537918615341186523e+01
-6.416336400434374809e-04,-2.263369060528930277e-05,5.219770828261971474e-04,1.538427209854125977e+01
-7.245123269967734814e-04,1.078375953511567786e-05,6.287712603807449341e-04,1.538918209075927734e+01
-7.466328679583966732e-04,2.776518340397160500e-05,6.187362014316022396e-04,1.539427900314331055e+01
-7.950829458422958851e-04,6.791805208195000887e-05,6.204735254868865013e-04,1.539915609359741211e+01
-8.372829179279506207e-04,1.150066018453799188e-04,5.854907794855535030e-04,1.540530300140380859e+01
-7.435146253556013107e-04,1.416275335941463709e-04,4.256147949490696192e-04,1.540914511680603027e+01
-6.889868527650833130e-04,8.422793325735256076e-05,2.145841572200879455e-04,1.541413807868957520e+01
-6.092701223678886890e-04,-1.031476494972594082e-05,-5.641085590468719602e-05,1.541928720474243164e+01
-5.154503160156309605e-04,-2.567201045167166740e-05,-3.527749504428356886e-04,1.542419815063476562e+01
-3.956976870540529490e-04,-8.681992039782926440e-05,-7.253850344568490982e-04,1.542955398559570312e+01
-2.544083108659833670e-04,-1.478615013184025884e-04,-1.154667115770280361e-03,1.543421506881713867e+01
-9.013846283778548241e-05,-2.083866420434787869e-04,-1.641654991544783115e-03,1.543920803070068359e+01
-3.747606824617832899e-04,-2.852527541108429432e-04,9.798698592931032181e-04,1.544422912597656250e+01
-3.001894801855087280e-04,-3.512264811433851719e-04,1.009806175716221333e-03,1.544922304153442383e+01
-2.452295739203691483e-04,-4.592244513332843781e-04,1.051552360877394676e-03,1.545430302619934082e+01
-4.264594754204154015e-04,-5.436472129076719284e-04,1.657228334806859493e-03,1.545921015739440918e+01
-5.162258748896420002e-04,-5.901493132114410400e-04,2.016790211200714111e-03,1.546434617042541504e+01
-6.296663777902722359e-04,-5.924056749790906906e-04,2.471940126270055771e-03,1.546931004524230957e+01
-7.190994219854474068e-04,-1.749665534589439631e-04,-8.434525807388126850e-04,1.547433114051818848e+01
-5.401131929829716682e-04,-2.439736417727544904e-04,-7.337997667491436005e-04,1.547933006286621094e+01
-2.951816713903099298e-04,-3.333509957883507013e-04,-5.812747986055910587e-04,1.548435020446777344e+01
-4.436791641637682915e-04,-3.806258901022374630e-04,-8.094978984445333481e-04,1.548933219909667969e+01
-3.682929673232138157e-04,-4.808344820048660040e-04,-8.322151261381804943e-04,1.549459719657897949e+01
-3.125316288787871599e-04,-5.928982864134013653e-04,-8.979997946880757809e-04,1.549947810173034668e+01
-2.261894551338627934e-04,-6.751605542376637459e-04,-9.763494599610567093e-04,1.550434708595275879e+01
-8.925868896767497063e-04,3.905899939127266407e-04,3.324432764202356339e-04,1.550939011573791504e+01
-9.108214871957898140e-04,4.462234501261264086e-04,2.996033872477710247e-04,1.551435112953186035e+01
-9.344670688733458519e-04,5.115347448736429214e-04,2.376521297264844179e-04,1.551947307586669922e+01
-8.328058756887912750e-04,5.769435083493590355e-04,1.152278418885543942e-04,1.552453613281250000e+01
-7.948457496240735054e-04,6.450102082453668118e-04,-6.577140993613284081e-06,1.552960419654846191e+01
-7.443389622494578362e-04,7.128670113161206245e-04,-1.510892179794609547e-04,1.553442811965942383e+01
-7.457768660970032215e-04,6.860357243567705154e-04,-3.420142747927457094e-04,1.553947210311889648e+01
-1.246688305400311947e-03,1.707573392195627093e-04,-2.667005755938589573e-04,1.554447603225708008e+01
-1.284299767576158047e-03,7.416154403472319245e-05,-5.239915335550904274e-04,1.554946613311767578e+01
-9.632943547330796719e-04,6.381252751452848315e-05,-4.344680055510252714e-04,1.555447816848754883e+01
-7.882810314185917377e-04,1.494516436650883406e-05,-5.419843364506959915e-04,1.555935716629028320e+01
-5.588013445958495140e-04,-2.351990406168624759e-05,-6.249186699278652668e-04,1.556461000442504883e+01
-5.359447095543146133e-04,-1.176321820821613073e-04,-5.665857461281120777e-04,1.556940913200378418e+01
-1.699885120615363121e-03,-3.850499051623046398e-04,-1.077161403372883797e-03,1.557445716857910156e+01
-1.854152302257716656e-03,-5.664698546752333641e-04,-1.053669955581426620e-03,1.557945013046264648e+01
-2.309813397005200386e-03,-6.932691903784871101e-04,-8.495249785482883453e-04,1.558455610275268555e+01
-2.692067064344882965e-03,-8.640174637548625469e-04,-6.379182450473308563e-04,1.558942413330078125e+01
-3.145991126075387001e-03,-1.037504873238503933e-03,-3.531786787789314985e-04,1.559467816352844238e+01
-3.558452008292078972e-03,-1.151167321950197220e-03,-6.218814814928919077e-05,1.559959101676940918e+01
-4.063289146870374680e-03,-1.288580126129090786e-03,3.147691022604703903e-04,1.560455799102783203e+01
-1.011296175420284271e-03,1.243003644049167633e-04,-1.906302495626732707e-04,1.560959219932556152e+01
-1.193863921798765659e-03,1.726065529510378838e-04,1.774216361809521914e-04,1.561450099945068359e+01
-3.802198043558746576e-04,4.191490879748016596e-04,2.273380232509225607e-05,1.561952400207519531e+01
-5.249868991086259484e-05,5.808460991829633713e-04,1.852763671195134521e-04,1.562459707260131836e+01
3.799127589445561171e-04,7.784001645632088184e-04,3.285794809926301241e-04,1.562967419624328613e+01
6.304330890998244286e-04,8.125174790620803833e-04,2.804573741741478443e-04,1.563460707664489746e+01
1.029157778248190880e-03,9.046135237440466881e-04,2.235943247796967626e-04,1.563962006568908691e+01
-2.493425738066434860e-03,-4.654716030927374959e-05,2.928577596321702003e-04,1.564459300041198730e+01
-2.664061263203620911e-03,-1.073625753633677959e-06,2.023783163167536259e-04,1.564958000183105469e+01
-2.743841847404837608e-03,-4.407567757880315185e-05,-2.971898175019305199e-05,1.565469503402709961e+01
-2.819200977683067322e-03,-7.846612425055354834e-05,-2.900333493016660213e-04,1.565958619117736816e+01
-2.939173718914389610e-03,-2.949716872535645962e-04,-3.955656720791012049e-04,1.566473507881164551e+01
-3.051489125937223434e-03,-4.734143149107694626e-04,-5.889957537874579430e-04,1.566967201232910156e+01
-3.378622350282967091e-04,-2.675768046174198389e-04,8.866104763001203537e-04,1.567472410202026367e+01
-1.030295825330540538e-04,-2.194556000176817179e-04,1.131173572503030300e-03,1.567968702316284180e+01
7.281950092874467373e-05,-3.155838639941066504e-04,1.253011636435985565e-03,1.568467903137207031e+01
2.648450899869203568e-04,-4.053154261782765388e-04,1.449000556021928787e-03,1.568973422050476074e+01
4.713868256658315659e-04,-4.749573708977550268e-04,1.699623651802539825e-03,1.569482707977294922e+01
6.215376779437065125e-04,-7.052505388855934143e-04,2.067036461085081100e-03,1.569987702369689941e+01
8.118472178466618061e-04,-8.485898142680525780e-04,2.451323671266436577e-03,1.570466613769531250e+01
-7.434976869262754917e-04,-4.888455150648951530e-04,-1.989682059502229095e-04,1.570973920822143555e+01
-6.955404533073306084e-04,-4.127931315451860428e-04,-6.801873678341507912e-05,1.571469116210937500e+01
-6.382095743902027607e-04,-4.382608167361468077e-04,2.159591094823554158e-04,1.571973109245300293e+01
-5.788073176518082619e-04,-4.303321475163102150e-04,5.318237817846238613e-04,1.572468805313110352e+01
-6.314786151051521301e-04,-4.488493141252547503e-04,7.017507450655102730e-04,1.573001098632812500e+01
-6.670887232758104801e-04,-4.419181204866617918e-04,9.433707455173134804e-04,1.573474812507629395e+01
-7.334318361245095730e-04,-4.297581617720425129e-04,1.180482096970081329e-03,1.573984909057617188e+01
-1.242171856574714184e-03,3.717026847880333662e-04,6.705221039737807587e-06,1.574485611915588379e+01
-1.369869452901184559e-03,3.054540138691663742e-04,-6.932055111974477768e-05,1.574984121322631836e+01
-1.511441660113632679e-03,2.014548081206157804e-04,-2.039075334323570132e-04,1.575472402572631836e+01
-1.627878518775105476e-03,2.915874647442251444e-04,-2.733539149630814791e-04,1.575995707511901855e+01
-1.761924708262085915e-03,3.257141215726733208e-04,-4.167467704974114895e-04,1.576489520072937012e+01
-1.898595597594976425e-03,3.930535458493977785e-04,-5.796607001684606075e-04,1.576982021331787109e+01
-1.110437558963894844e-03,1.134975464083254337e-03,7.872584683354943991e-05,1.577512717247009277e+01
-9.171986021101474762e-04,1.196622266434133053e-03,2.344160311622545123e-04,1.577985715866088867e+01
-6.414500530809164047e-04,1.240276382304728031e-03,4.630495386663824320e-04,1.578484106063842773e+01
-2.979304699692875147e-04,1.224139006808400154e-03,7.730282959528267384e-04,1.578986001014709473e+01
-6.494671106338500977e-04,1.332890009507536888e-03,9.190529817715287209e-04,1.579506802558898926e+01
-6.707251304760575294e-04,1.346449018456041813e-03,1.210247399285435677e-03,1.580437016487121582e+01
-7.605001446790993214e-04,1.358651090413331985e-03,1.519117038697004318e-03,1.580526399612426758e+01
-2.020776737481355667e-03,3.125983348581939936e-04,-5.275364674162119627e-05,1.580996704101562500e+01
-2.430321648716926575e-03,1.827263331506401300e-04,1.988700241781771183e-04,1.581495308876037598e+01
-2.907529706135392189e-03,4.520374568528495729e-05,4.898826009593904018e-04,1.582035207748413086e+01
-1.842254190705716610e-03,3.065031778533011675e-04,2.988875785376876593e-04,1.582497406005859375e+01
-1.820456585846841335e-03,3.327184822410345078e-04,4.467096878215670586e-04,1.582997512817382812e+01
-1.744002918712794781e-03,4.034211160615086555e-04,6.018882268108427525e-04,1.583491516113281250e+01
-1.978819957002997398e-03,3.445628099143505096e-04,5.921936826780438423e-04,1.583990716934204102e+01
-2.149109262973070145e-03,4.881240602117031813e-04,5.461026448756456375e-04,1.584494614601135254e+01
-2.497456269338726997e-03,2.822165552061051130e-04,4.329615912865847349e-04,1.584987902641296387e+01
-2.410364337265491486e-03,4.209216858725994825e-04,3.467642527539283037e-04,1.585494899749755859e+01
-2.548480872064828873e-03,3.499792073853313923e-04,2.143469901056960225e-04,1.586012911796569824e+01
-2.620335668325424194e-03,3.315218491479754448e-04,6.755198410246521235e-05,1.586506319046020508e+01
-2.634387463331222534e-03,3.648514975793659687e-04,-1.042937292368151248e-04,1.587005615234375000e+01
-2.414416521787643433e-03,6.023029563948512077e-04,1.355920830974355340e-04,1.587507319450378418e+01
-2.672582166269421577e-03,4.981558304280042648e-04,8.796539623290300369e-05,1.588013219833374023e+01
-2.963339444249868393e-03,3.736416401807218790e-04,4.009404801763594151e-05,1.588505816459655762e+01
-2.770128892734646797e-03,4.873963189311325550e-04,1.441902422811836004e-04,1.589007306098937988e+01
-2.803885145112872124e-03,4.622677515726536512e-04,1.828462991397827864e-04,1.589531517028808594e+01
-2.776451176032423973e-03,4.445374652277678251e-04,2.378602657699957490e-04,1.590015912055969238e+01
-2.966476371511816978e-03,2.313101576874032617e-04,4.034463199786841869e-04,1.590500903129577637e+01
-1.520862337201833725e-03,1.069335034117102623e-03,-5.333808949217200279e-04,1.591012620925903320e+01
-1.561201759614050388e-03,9.879919234663248062e-04,-3.410642384551465511e-04,1.591500020027160645e+01
-1.761802472174167633e-03,1.099505461752414703e-03,7.725645991740748286e-05,1.592017221450805664e+01
-1.932128216139972210e-03,1.127026975154876709e-03,4.973299219273030758e-04,1.592501401901245117e+01
-2.146495040506124496e-03,1.171600888483226299e-03,1.014405977912247181e-03,1.593044400215148926e+01
-2.106361789628863335e-03,1.090118079446256161e-03,1.254700939171016216e-03,1.593501901626586914e+01
-1.140069449320435524e-03,1.173842581920325756e-03,4.112562746740877628e-04,1.594017219543457031e+01
-1.008433173410594463e-03,1.068898709490895271e-03,6.065355846658349037e-04,1.594508600234985352e+01
-8.440568926744163036e-04,9.511533426120877266e-04,7.666458841413259506e-04,1.595026016235351562e+01
-9.703880059532821178e-04,9.397379471920430660e-04,3.336738736834377050e-04,1.595514416694641113e+01
-9.089020895771682262e-04,8.443752885796129704e-04,1.453371805837377906e-04,1.596044206619262695e+01
-8.521815761923789978e-04,7.417197339236736298e-04,-1.275449612876400352e-04,1.596520018577575684e+01
-8.316963212564587593e-04,6.871084915474057198e-04,-4.168712766841053963e-04,1.597014117240905762e+01
-1.862663775682449341e-03,1.900541712529957294e-03,3.529872919898480177e-04,1.597526001930236816e+01
-1.966484356671571732e-03,1.958895707502961159e-03,-3.728780575329437852e-05,1.598035216331481934e+01
-1.828311826102435589e-03,1.940216170623898506e-03,3.532232221914455295e-05,1.598508119583129883e+01
-1.801496138796210289e-03,1.981383888050913811e-03,-1.819887111196294427e-04,1.599005818367004395e+01
-1.748331007547676563e-03,2.023536246269941330e-03,-3.846501640509814024e-04,1.599548912048339844e+01
-1.861420460045337677e-03,2.051650546491146088e-03,-3.137247113045305014e-04,1.600034904479980469e+01
-1.919424044899642467e-03,2.086751395836472511e-03,-2.851722238119691610e-04,1.600531220436096191e+01
-2.159016439691185951e-03,1.706068520434200764e-03,3.261746896896511316e-04,1.601045799255371094e+01
-1.909213606268167496e-03,1.712804310955107212e-03,3.725586284417659044e-04,1.601523518562316895e+01
-1.822325401008129120e-03,1.709311269223690033e-03,5.661628674715757370e-04,1.602047920227050781e+01
-1.683884300291538239e-03,1.722952816635370255e-03,7.820705650374293327e-04,1.602535104751586914e+01
-1.721107983030378819e-03,1.709020230919122696e-03,9.074857225641608238e-04,1.603064203262329102e+01
-1.677547348663210869e-03,1.690476434305310249e-03,1.087808050215244293e-03,1.603528118133544922e+01
-2.014811849221587181e-03,1.802140264771878719e-03,2.074139629257842898e-04,1.604047322273254395e+01
-2.113888971507549286e-03,1.693565631285309792e-03,2.685882500372827053e-04,1.604538607597351074e+01
-2.088935114443302155e-03,1.619385206140577793e-03,1.642316055949777365e-04,1.605044817924499512e+01
-2.138921292498707771e-03,1.532325288280844688e-03,1.425215014023706317e-04,1.605534911155700684e+01
-2.182201715186238289e-03,1.454702811315655708e-03,1.113220569095574319e-04,1.606066799163818359e+01
-2.238587709143757820e-03,1.396221574395895004e-03,1.187759917229413986e-04,1.606556415557861328e+01
-2.282310277223587036e-03,1.320045557804405689e-03,1.058231573551893234e-04,1.607037901878356934e+01
-1.483427244238555431e-03,1.622837851755321026e-03,3.157196915708482265e-04,1.607548499107360840e+01
-1.428990508429706097e-03,1.713066594675183296e-03,4.055787285324186087e-04,1.608056712150573730e+01
-1.386814983561635017e-03,1.701853121630847454e-03,4.499892529565840960e-04,1.608540010452270508e+01
-1.341566327027976513e-03,1.705564092844724655e-03,5.049084429629147053e-04,1.609053921699523926e+01
-1.232625218108296394e-03,1.613425440154969692e-03,6.173505680635571480e-04,1.609559011459350586e+01
-1.136255217716097832e-03,1.560120843350887299e-03,7.273168303072452545e-04,1.610058116912841797e+01
-1.015183748677372932e-03,1.490914379246532917e-03,8.650003001093864441e-04,1.610547900199890137e+01
-1.750055816955864429e-03,2.155719557777047157e-03,4.823788476642221212e-04,1.611059117317199707e+01
-1.969357486814260483e-03,2.169124316424131393e-03,5.036101792939007282e-04,1.611550521850585938e+01
-2.270602388307452202e-03,2.190338913351297379e-03,5.085516604594886303e-04,1.612056422233581543e+01
-2.653907984495162964e-03,2.220911439508199692e-03,5.048460443504154682e-04,1.612548112869262695e+01
-2.385419560596346855e-03,2.187534468248486519e-03,3.838327247649431229e-04,1.613066411018371582e+01
-2.434798749163746834e-03,2.163372235372662544e-03,3.148422401864081621e-04,1.613536810874938965e+01
-9.070660453289747238e-04,2.494517946615815163e-03,8.293835562653839588e-04,1.614056801795959473e+01
-1.183344051241874695e-03,2.586098387837409973e-03,7.132543250918388367e-04,1.614554905891418457e+01
-1.186369801871478558e-03,2.619898878037929535e-03,5.603276658803224564e-04,1.615046119689941406e+01
-1.213576877489686012e-03,2.650651382282376289e-03,3.819520061369985342e-04,1.615555500984191895e+01
-1.158308587037026882e-03,2.532257698476314545e-03,2.557522675488144159e-04,1.616060805320739746e+01
-1.143393572419881821e-03,2.456268528476357460e-03,7.775527046760544181e-05,1.616572213172912598e+01
-1.123429043218493462e-03,2.357633551582694054e-03,-1.166671790997497737e-04,1.617060208320617676e+01
-1.071824575774371624e-03,2.425518119707703590e-03,-2.235797583125531673e-04,1.617553901672363281e+01
-2.114433795213699341e-03,2.626134315505623817e-03,-7.491747965104877949e-04,1.618058204650878906e+01
-2.119356999173760414e-03,2.645962871611118317e-03,-8.467372972518205643e-04,1.618558406829833984e+01
-2.262654248625040054e-03,2.486463403329253197e-03,-1.038537593558430672e-03,1.619058513641357422e+01
-2.343837404623627663e-03,2.408292377367615700e-03,-1.168225542642176151e-03,1.619582915306091309e+01
-2.441893098875880241e-03,2.320791594684123993e-03,-1.317441347055137157e-03,1.620119714736938477e+01
-2.505236770957708359e-03,2.426498103886842728e-03,-1.493203686550259590e-03,1.620669317245483398e+01
-2.484236611053347588e-03,2.394771901890635490e-03,-1.706420443952083588e-03,1.621066403388977051e+01
-2.543300390243530273e-03,2.462277421727776527e-03,-1.877328497357666492e-03,1.621577119827270508e+01
-2.601040294393897057e-03,2.546777250245213509e-03,-2.041638828814029694e-03,1.622077512741088867e+01
-2.196320798248052597e-03,2.147736726328730583e-03,-1.796660129912197590e-03,1.622568321228027344e+01
-1.987954368814826012e-03,2.012055134400725365e-03,-1.740353996865451336e-03,1.623081898689270020e+01
-1.710400567390024662e-03,1.842310302890837193e-03,-1.622385461814701557e-03,1.623560714721679688e+01
-1.799894496798515320e-03,1.954201143234968185e-03,-1.448284368962049484e-03,1.624096798896789551e+01
-3.271007211878895760e-03,2.660102909430861473e-03,-8.097417303360998631e-04,1.624571418762207031e+01
-3.507606219500303268e-03,2.776857698336243629e-03,-5.267835222184658051e-04,1.625075721740722656e+01
-3.426401410251855850e-03,2.441680757328867912e-03,-5.120794521644711494e-04,1.625560808181762695e+01
-3.536823205649852753e-03,2.320576459169387817e-03,-3.369577170815318823e-04,1.626101613044738770e+01
-3.638315945863723755e-03,2.156071364879608154e-03,-1.705626054899767041e-04,1.626576304435729980e+01
-3.771986579522490501e-03,2.125371480360627174e-03,-1.826696388889104128e-04,1.627073407173156738e+01
-3.445433918386697769e-03,2.885094145312905312e-03,-2.429093292448669672e-04,1.627569317817687988e+01
-3.613961860537528992e-03,2.899264683946967125e-03,-3.114964347332715988e-04,1.628074908256530762e+01
-3.856217255815863609e-03,2.983885584399104118e-03,-4.508577985689043999e-04,1.628582811355590820e+01
-4.078888334333896637e-03,3.019076539203524590e-03,-6.468153442256152630e-04,1.629088401794433594e+01
-4.315680824220180511e-03,3.052757820114493370e-03,-9.030149085447192192e-04,1.629588818550109863e+01
-4.574454389512538910e-03,3.067866200581192970e-03,-1.209237263537943363e-03,1.630088615417480469e+01
-4.793089814484119415e-03,3.102145390585064888e-03,-1.282886136323213577e-03,1.630575799942016602e+01
-3.779038554057478905e-03,2.562931273132562637e-03,-5.632519023492932320e-04,1.631088304519653320e+01
-3.899052739143371582e-03,2.440166426822543144e-03,-6.234511965885758400e-04,1.631577610969543457e+01
-4.243539646267890930e-03,2.460656454786658287e-03,-3.134763392154127359e-04,1.632088208198547363e+01
-4.509526770561933517e-03,2.385788131505250931e-03,-1.319315488217398524e-04,1.632574915885925293e+01
-4.820188507437705994e-03,2.315838588401675224e-03,1.075342661351896822e-04,1.633103013038635254e+01
-4.555522929877042770e-03,2.314878161996603012e-03,4.208645259495824575e-04,1.633575606346130371e+01
-3.485783701762557030e-03,3.209720831364393234e-03,-1.019496005028486252e-03,1.634089207649230957e+01
-2.969275927171111107e-03,3.296402515843510628e-03,-6.674201576970517635e-04,1.634575319290161133e+01
-3.080689813941717148e-03,3.201637882739305496e-03,-6.748370942659676075e-04,1.635102510452270508e+01
-2.795862965285778046e-03,3.179011633619666100e-03,-4.610917821992188692e-04,1.635587811470031738e+01
-2.516330918297171593e-03,3.127864096313714981e-03,-2.556081744842231274e-04,1.636118602752685547e+01
-2.458524657413363457e-03,3.075758460909128189e-03,-1.075947729987092316e-04,1.636589002609252930e+01
-2.374015981331467628e-03,3.004790516570210457e-03,3.326611840748228133e-05,1.637095117568969727e+01
-3.946378827095031738e-03,2.826268551871180534e-03,-3.017089620698243380e-04,1.637599921226501465e+01
-4.184626042842864990e-03,2.757636597380042076e-03,-3.190046700183302164e-04,1.638124513626098633e+01
-4.038094077259302139e-03,2.747553167864680290e-03,-4.806379147339612246e-04,1.638661599159240723e+01
-4.153935704380273819e-03,2.671351889148354530e-03,-5.948995240032672882e-04,1.639095902442932129e+01
-4.269165918231010437e-03,2.586113754659891129e-03,-7.482937071472406387e-04,1.639629507064819336e+01
-4.291323013603687286e-03,2.587228082120418549e-03,-9.093289845623075962e-04,1.640094709396362305e+01
-4.330937284976243973e-03,2.575461519882082939e-03,-1.121001085266470909e-03,1.640596604347229004e+01
-3.797116223722696304e-03,3.575864015147089958e-03,-5.021017859689891338e-04,1.641092109680175781e+01
-3.608038416132330894e-03,3.375357715412974358e-03,-7.638157112523913383e-04,1.641590619087219238e+01
-3.429866395890712738e-03,3.340841038152575493e-03,-1.038382877595722675e-03,1.642112016677856445e+01
-3.212280804291367531e-03,3.284843172878026962e-03,-1.382757560350000858e-03,1.642602610588073730e+01
-3.273254027590155602e-03,3.384215058758854866e-03,-1.565480022691190243e-03,1.643109011650085449e+01
-3.249754197895526886e-03,3.420101944357156754e-03,-1.829091692343354225e-03,1.643616104125976562e+01
-4.990060813724994659e-03,3.233886323869228363e-03,-1.450132695026695728e-03,1.644109606742858887e+01
-4.976124037057161331e-03,3.125247079879045486e-03,-1.261923229321837425e-03,1.644602608680725098e+01
-5.111641716212034225e-03,3.068893682211637497e-03,-1.125102862715721130e-03,1.645113515853881836e+01
-5.244033876806497574e-03,2.996401628479361534e-03,-9.180809138342738152e-04,1.645615220069885254e+01
-5.358956288546323776e-03,3.002144629135727882e-03,-6.651292787864804268e-04,1.646142911911010742e+01
-5.471420474350452423e-03,2.982030855491757393e-03,-3.281358804088085890e-04,1.646600008010864258e+01
-5.577831994742155075e-03,2.977968193590641022e-03,5.438369407784193754e-05,1.647108411788940430e+01
-5.085190758109092712e-03,3.386302385479211807e-03,-9.801563574001193047e-04,1.647663712501525879e+01
-5.100178997963666916e-03,3.253445262089371681e-03,-1.092115999199450016e-03,1.648098921775817871e+01
-5.124444141983985901e-03,3.221995662897825241e-03,-9.378829272463917732e-04,1.648621702194213867e+01
-5.142383277416229248e-03,3.188660135492682457e-03,-8.119825506582856178e-04,1.649115300178527832e+01
-5.141941830515861511e-03,3.237504744902253151e-03,-8.623953326605260372e-04,1.649675822257995605e+01
-5.132345017045736313e-03,3.239826997742056847e-03,-8.940901607275009155e-04,1.650134921073913574e+01
-5.105623044073581696e-03,3.233938710764050484e-03,-9.738335502333939075e-04,1.650771999359130859e+01
-4.984614904969930649e-03,3.544223727658390999e-03,-4.360209277365356684e-04,1.651118922233581543e+01
-5.048721097409725189e-03,3.602656302973628044e-03,-5.666509969159960747e-04,1.651625299453735352e+01
-5.131440237164497375e-03,3.681050147861242294e-03,-7.569467998109757900e-04,1.652119708061218262e+01
-5.073606502264738083e-03,3.632324049249291420e-03,-9.594167931936681271e-04,1.652617907524108887e+01
-5.090055521577596664e-03,3.655434120446443558e-03,-1.246610074304044247e-03,1.653133821487426758e+01
-5.097460467368364334e-03,3.665652126073837280e-03,-1.598249888047575951e-03,1.653617811203002930e+01
-5.121177062392234802e-03,3.747417824342846870e-03,-1.665704650804400444e-03,1.654123210906982422e+01
-5.602533929049968719e-03,3.570471890270709991e-03,-1.276995171792805195e-04,1.654603600502014160e+01
-5.680907052010297775e-03,3.613800508901476860e-03,1.190363254863768816e-04,1.655153203010559082e+01
-5.757845472544431686e-03,3.660746850073337555e-03,4.044216766487807035e-04,1.655671620368957520e+01
-5.644090473651885986e-03,3.400085493922233582e-03,7.983454270288348198e-04,1.656152415275573730e+01
-5.608263425529003143e-03,3.320994088426232338e-03,1.219934085384011269e-03,1.656673717498779297e+01
-5.542165134102106094e-03,3.221499035134911537e-03,1.710150740109384060e-03,1.657130503654479980e+01
-5.711721722036600113e-03,3.226065542548894882e-03,2.031141892075538635e-03,1.657675409317016602e+01
-6.505164783447980881e-03,3.721375251188874245e-03,-2.520639449357986450e-03,1.658133816719055176e+01
-6.874625571072101593e-03,3.756857942789793015e-03,-2.728487830609083176e-03,1.658672499656677246e+01
-6.567364092916250229e-03,3.627451369538903236e-03,-3.066827775910496712e-03,1.659133815765380859e+01
-6.572476588189601898e-03,3.579126903787255287e-03,-3.368545090779662132e-03,1.659674310684204102e+01
-6.504835560917854309e-03,3.523460123687982559e-03,-3.703169990330934525e-03,1.660140609741210938e+01
-6.737494841217994690e-03,3.627656726166605949e-03,-4.011768847703933716e-03,1.660660719871520996e+01
-4.901922773569822311e-03,3.724974580109119415e-03,-1.377453911118209362e-03,1.661152315139770508e+01
-4.924895241856575012e-03,3.763963701203465462e-03,-1.481392071582376957e-03,1.661662101745605469e+01
-4.737868905067443848e-03,3.675265470519661903e-03,-1.575464615598320961e-03,1.662128520011901855e+01
-4.662856925278902054e-03,3.641997231170535088e-03,-1.691216370090842247e-03,1.662666320800781250e+01
-4.574427381157875061e-03,3.594536334276199341e-03,-1.824627630412578583e-03,1.663157510757446289e+01
-4.473378881812095642e-03,3.516504541039466858e-03,-1.983265858143568039e-03,1.663675212860107422e+01
-4.492525476962327957e-03,3.656635060906410217e-03,-2.061399631202220917e-03,1.664147305488586426e+01
-4.906302783638238907e-03,3.789140144363045692e-03,-1.400129171088337898e-03,1.664680600166320801e+01
-4.944411572068929672e-03,3.813635790720582008e-03,-1.484907465055584908e-03,1.665131902694702148e+01
-5.195496603846549988e-03,3.542126389220356941e-03,-1.638159970752894878e-03,1.665668606758117676e+01
-5.375249311327934265e-03,3.427531337365508080e-03,-1.756794401444494724e-03,1.666153311729431152e+01
-5.597811192274093628e-03,3.280876670032739639e-03,-1.877874019555747509e-03,1.666683721542358398e+01
-5.611159373074769974e-03,3.321698168292641640e-03,-2.047708258032798767e-03,1.667151999473571777e+01
-5.090356804430484772e-03,3.961775917559862137e-03,-2.208007965236902237e-03,1.667685508728027344e+01
-5.043419543653726578e-03,4.079284146428108215e-03,-2.467147540301084518e-03,1.668151712417602539e+01
-5.057193338871002197e-03,3.824838437139987946e-03,-2.715830225497484207e-03,1.668676805496215820e+01
-5.015914794057607651e-03,3.728813491761684418e-03,-3.006834536790847778e-03,1.669160199165344238e+01
-4.962013103067874908e-03,3.575353883206844330e-03,-3.318532835692167282e-03,1.669683313369750977e+01
-4.876192659139633179e-03,3.562636440619826317e-03,-3.445589914917945862e-03,1.670153903961181641e+01
-4.779011942446231842e-03,3.486439352855086327e-03,-3.627934958785772324e-03,1.670670819282531738e+01
-4.912312142550945282e-03,4.493785556405782700e-03,-2.266831928864121437e-03,1.671146011352539062e+01
-5.208177492022514343e-03,4.455210641026496887e-03,-2.073018113151192665e-03,1.671677708625793457e+01
-5.355379078537225723e-03,4.533969797194004059e-03,-1.900221570394933224e-03,1.672179317474365234e+01
-5.561440251767635345e-03,4.593154881149530411e-03,-1.671778154559433460e-03,1.672692704200744629e+01
-5.824177525937557220e-03,4.632079973816871643e-03,-1.364219002425670624e-03,1.673182415962219238e+01
-5.913284141570329666e-03,4.806550685316324234e-03,-1.180269173346459866e-03,1.673686408996582031e+01
-6.133701186627149582e-03,4.906216636300086975e-03,-8.649098454043269157e-04,1.674164915084838867e+01
-4.120811354368925095e-03,4.296238068491220474e-03,-1.490417518652975559e-03,1.674680709838867188e+01
-3.969079349189996719e-03,4.317206796258687973e-03,-1.778320642188191414e-03,1.675173711776733398e+01
-3.875106573104858398e-03,4.381822422146797180e-03,-1.803228282369673252e-03,1.675686216354370117e+01
-3.772001713514328003e-03,4.436458926647901535e-03,-1.877059577964246273e-03,1.676181411743164062e+01
-3.607953898608684540e-03,4.459090530872344971e-03,-2.121641533449292183e-03,1.676668715476989746e+01
-3.442363580688834190e-03,4.485334269702434540e-03,-2.400062279775738716e-03,1.677167701721191406e+01
-5.437879357486963272e-03,3.934128675609827042e-03,-1.795941847376525402e-03,1.677673316001892090e+01
-5.583563819527626038e-03,3.790908027440309525e-03,-2.137720119208097458e-03,1.678170299530029297e+01
-5.633971188217401505e-03,3.678841283544898033e-03,-2.571666846051812172e-03,1.678671216964721680e+01
-5.700533278286457062e-03,3.551852656528353691e-03,-3.089954145252704620e-03,1.679170608520507812e+01
-5.893740803003311157e-03,3.635633271187543869e-03,-3.294490976259112358e-03,1.679685616493225098e+01
-6.086274981498718262e-03,3.646038239821791649e-03,-3.636506386101245880e-03,1.680155420303344727e+01
-6.326131056994199753e-03,3.676655935123562813e-03,-3.934328444302082062e-03,1.680675005912780762e+01
-6.056380923837423325e-03,4.451576620340347290e-03,-2.354334341362118721e-03,1.681184911727905273e+01
-5.647331010550260544e-03,4.257097840309143066e-03,-1.670293160714209080e-03,1.681683802604675293e+01
-5.599092226475477219e-03,4.299460444599390030e-03,-1.268761930987238884e-03,1.682174420356750488e+01
-5.496359430253505707e-03,4.335889127105474472e-03,-7.460931665264070034e-04,1.682683205604553223e+01
-5.562585778534412384e-03,4.488588776439428329e-03,-4.197871312499046326e-04,1.683191299438476562e+01
-5.543749313801527023e-03,4.602064844220876694e-03,7.824162457836791873e-05,1.683699607849121094e+01
-5.535497330129146576e-03,4.735174123197793961e-03,6.036939448677003384e-04,1.684189701080322266e+01
-6.283730268478393555e-03,3.987488802522420883e-03,-2.324316650629043579e-03,1.684703612327575684e+01
-6.340770050883293152e-03,3.947599325329065323e-03,-2.164229983463883400e-03,1.685189914703369141e+01
-6.387623492628335953e-03,3.895301371812820435e-03,-1.990111079066991806e-03,1.685685610771179199e+01
-6.547594908624887466e-03,3.927133977413177490e-03,-1.973025733605027199e-03,1.686202716827392578e+01
-6.682144477963447571e-03,3.927436657249927521e-03,-1.925418968312442303e-03,1.686707305908203125e+01
-6.843603216111660004e-03,3.935247659683227539e-03,-1.916255103424191475e-03,1.687183117866516113e+01
-5.967120174318552017e-03,4.185664001852273941e-03,-1.251185778528451920e-03,1.687694907188415527e+01
-6.055367644876241684e-03,4.135373979806900024e-03,-1.366723212413489819e-03,1.688191199302673340e+01
-6.148614455014467239e-03,4.072471056133508682e-03,-1.556348055601119995e-03,1.688703703880310059e+01
-6.143523380160331726e-03,4.188070539385080338e-03,-1.728097558952867985e-03,1.689218711853027344e+01
-6.167621817439794540e-03,4.229399841278791428e-03,-1.995522761717438698e-03,1.689705920219421387e+01
-6.174785550683736801e-03,4.287744872272014618e-03,-2.313189674168825150e-03,1.690202116966247559e+01
-6.164370104670524597e-03,4.370380192995071411e-03,-2.684283303096890450e-03,1.690705418586730957e+01
-5.390485282987356186e-03,4.304728005081415176e-03,-1.488209119997918606e-03,1.691184616088867188e+01
-5.301043391227722168e-03,4.331246018409729004e-03,-1.443865825422108173e-03,1.691696810722351074e+01
-5.198030266910791397e-03,4.363713320344686508e-03,-1.358325360342860222e-03,1.692196416854858398e+01
-5.348764825612306595e-03,4.431938286870718002e-03,-1.171258743852376938e-03,1.692704200744628906e+01
-5.380577407777309418e-03,4.468429367989301682e-03,-9.534754790365695953e-04,1.693209600448608398e+01
-5.440550390630960464e-03,4.517669789493083954e-03,-6.849404308013617992e-04,1.693706011772155762e+01
-5.349782761186361313e-03,4.007512237876653671e-03,-1.936554675921797752e-03,1.694202303886413574e+01
-5.267046391963958740e-03,3.935698885470628738e-03,-1.768767717294394970e-03,1.694707202911376953e+01
-5.161095410585403442e-03,3.851537592709064484e-03,-1.572891022078692913e-03,1.695207500457763672e+01
-5.246989894658327103e-03,3.814710536971688271e-03,-1.512440503574907780e-03,1.695707321166992188e+01
-5.236724391579627991e-03,3.735164413228631020e-03,-1.371275517158210278e-03,1.696210718154907227e+01
-5.243032705038785934e-03,3.642082912847399712e-03,-1.237486023455858231e-03,1.696715617179870605e+01
-5.077205132693052292e-03,3.518308280035853386e-03,-1.216985401697456837e-03,1.697187018394470215e+01
-4.481006413698196411e-03,4.406484309583902359e-03,-1.221534563228487968e-03,1.697718214988708496e+01
-4.242805764079093933e-03,4.406215157359838486e-03,-1.268924097530543804e-03,1.698215007781982422e+01
-3.970262128859758377e-03,4.396542441099882126e-03,-1.349808182567358017e-03,1.698716807365417480e+01
-4.326405934989452362e-03,4.352315794676542282e-03,-1.531737507320940495e-03,1.699215221405029297e+01
-4.354750737547874451e-03,4.340838640928268433e-03,-1.714877900667488575e-03,1.699728918075561523e+01
-4.439952317625284195e-03,4.335511010140180588e-03,-1.937199267558753490e-03,1.700210499763488770e+01
-4.339549690485000610e-03,4.303847905248403549e-03,-2.118499018251895905e-03,1.700710511207580566e+01
-3.312352113425731659e-03,3.894951427355408669e-03,-8.325173403136432171e-04,1.701212501525878906e+01
-3.054514992982149124e-03,3.754432545974850655e-03,-8.996559190563857555e-04,1.701724600791931152e+01
-2.994364127516746521e-03,3.893487388268113136e-03,-7.195407524704933167e-04,1.702206707000732422e+01
-2.850777702406048775e-03,3.889630548655986786e-03,-6.504796911031007767e-04,1.702748703956604004e+01
-2.733514644205570221e-03,3.911174833774566650e-03,-5.491547635756433010e-04,1.703227901458740234e+01
-2.190517028793692589e-03,3.804804757237434387e-03,-3.557730233296751976e-04,1.703715419769287109e+01
-3.604078898206353188e-03,4.303785040974617004e-03,-1.055684057064354420e-03,1.704222321510314941e+01
-3.104129107668995857e-03,4.276997875422239304e-03,-8.597909472882747650e-04,1.704722905158996582e+01
-3.435115329921245575e-03,4.374010954052209854e-03,-8.767336839810013771e-04,1.705217003822326660e+01
-3.353680483996868134e-03,4.416426643729209900e-03,-7.477699546143412590e-04,1.705727601051330566e+01
-3.344277385622262955e-03,4.449103958904743195e-03,-6.099162856116890907e-04,1.706238603591918945e+01
-3.410629695281386375e-03,4.502255003899335861e-03,-4.772930114995688200e-04,1.706719017028808594e+01
-3.249234287068247795e-03,4.443725105375051498e-03,-4.397624870762228966e-04,1.707215714454650879e+01
-3.566510975360870361e-03,4.137740004807710648e-03,-1.017464906908571720e-03,1.707731318473815918e+01
-3.548550186678767204e-03,4.108022898435592651e-03,-1.038417918607592583e-03,1.708225917816162109e+01
-3.631297266110777855e-03,4.049073904752731323e-03,-1.173514523543417454e-03,1.708735799789428711e+01
-3.693446284160017967e-03,3.992002923041582108e-03,-1.277696690522134304e-03,1.709229922294616699e+01
-3.782110754400491714e-03,3.926567733287811279e-03,-1.415765727870166302e-03,1.709746003150939941e+01
-3.656364977359771729e-03,3.856021445244550705e-03,-1.563363708555698395e-03,1.710225105285644531e+01
-3.808826673775911331e-03,4.007700365036725998e-03,-1.130198827013373375e-03,1.710744619369506836e+01
-3.653168212622404099e-03,3.915262408554553986e-03,-1.234600320458412170e-03,1.711245417594909668e+01
-3.591564483940601349e-03,3.922347910702228546e-03,-1.134284539148211479e-03,1.711741304397583008e+01
-3.443861845880746841e-03,3.866910468786954880e-03,-1.138310180976986885e-03,1.712235999107360840e+01
-3.281886922195553780e-03,3.791123395785689354e-03,-1.115007558837532997e-03,1.712748599052429199e+01
-3.139907028526067734e-03,3.682669252157211304e-03,-8.863662369549274445e-04,1.713233900070190430e+01
-2.974289469420909882e-03,3.595934016630053520e-03,-6.715200725011527538e-04,1.713743615150451660e+01
-3.553486196324229240e-03,4.359544254839420319e-03,-1.778197824023663998e-03,1.714221119880676270e+01
-3.470115829259157181e-03,4.318651277571916580e-03,-1.675296225585043430e-03,1.714750003814697266e+01
-3.367437049746513367e-03,4.358162172138690948e-03,-1.507053850218653679e-03,1.715237307548522949e+01
-3.263645339757204056e-03,4.393910523504018784e-03,-1.296827918849885464e-03,1.715739703178405762e+01
-3.163846442475914955e-03,4.410394933074712753e-03,-1.054444233886897564e-03,1.716258502006530762e+01
-3.248206805437803268e-03,4.521190188825130463e-03,-1.123297377489507198e-03,1.716748309135437012e+01
-3.266116138547658920e-03,4.616998601704835892e-03,-1.053012674674391747e-03,1.717243313789367676e+01
-2.804111689329147339e-03,4.489251878112554550e-03,-7.583656115457415581e-04,1.717744612693786621e+01
-2.188334940001368523e-03,4.440296441316604614e-03,-9.340158430859446526e-04,1.718246006965637207e+01
-1.886596670374274254e-03,4.434316884726285934e-03,-1.096044783480465412e-03,1.718746519088745117e+01
-1.511632930487394333e-03,4.436096642166376114e-03,-1.333302236162126064e-03,1.719250607490539551e+01
-1.475884811952710152e-03,4.518430214375257492e-03,-1.665016054175794125e-03,1.719764304161071777e+01
-1.302204560488462448e-03,4.562823567539453506e-03,-2.037026220932602882e-03,1.720246601104736328e+01
-1.168838934972882271e-03,4.600867629051208496e-03,-2.465087920427322388e-03,1.720773315429687500e+01
-2.116255229339003563e-03,3.535888390615582466e-03,-1.392873004078865051e-03,1.721252107620239258e+01
-2.147210761904716492e-03,3.465965623036026955e-03,-1.560863223858177662e-03,1.721753907203674316e+01
-2.188244834542274475e-03,3.394183004274964333e-03,-1.706170383840799332e-03,1.722245502471923828e+01
-2.318466315045952797e-03,3.285333048552274704e-03,-1.697724335826933384e-03,1.722760200500488281e+01
-2.447545528411865234e-03,3.164825960993766785e-03,-1.704483875073492527e-03,1.723257803916931152e+01
-2.612153301015496254e-03,3.038149094209074974e-03,-1.673079328611493111e-03,1.723750209808349609e+01
-2.811459591612219810e-03,2.904261462390422821e-03,-1.598390634171664715e-03,1.724257421493530273e+01
-1.985505223274230957e-03,2.782285213470458984e-03,-7.355128182098269463e-04,1.724771809577941895e+01
-2.206895034760236740e-03,2.512392355129122734e-03,-5.400308291427791119e-04,1.725258111953735352e+01
-2.462186152115464211e-03,2.203952288255095482e-03,-2.956994576379656792e-04,1.725785613059997559e+01
-1.990918302908539772e-03,2.330388408154249191e-03,-1.925218966789543629e-04,1.726278400421142578e+01
-2.040611114352941513e-03,2.077313605695962906e-03,8.243179763667285442e-05,1.726769709587097168e+01
-2.076317323371767998e-03,1.799825928173959255e-03,4.003585490863770247e-04,1.727257013320922852e+01
-7.789568626321852207e-04,3.883131779730319977e-03,-6.685332627967000008e-04,1.727772212028503418e+01
-6.924685440026223660e-04,3.915028180927038193e-03,-5.638624425046145916e-04,1.728257417678833008e+01
-6.008055643178522587e-04,3.958828281611204147e-03,-4.669517802540212870e-04,1.728789401054382324e+01
-4.454733279999345541e-04,3.851868445053696632e-03,-6.653580931015312672e-04,1.729264307022094727e+01
-3.052841348107904196e-04,3.814773634076118469e-03,-7.823444320820271969e-04,1.729802513122558594e+01
-1.481667568441480398e-04,3.761952975764870644e-03,-9.699779329821467400e-04,1.730265903472900391e+01
6.178480543894693255e-05,3.754915669560432434e-03,-1.203056075610220432e-03,1.730761408805847168e+01
4.571437602862715721e-04,3.610609564930200577e-03,-4.139720986131578684e-04,1.731257915496826172e+01
7.276688702404499054e-04,3.532264614477753639e-03,-6.345112342387437820e-04,1.731803321838378906e+01
6.987021188251674175e-04,3.564940765500068665e-03,-6.563818897120654583e-04,1.732311916351318359e+01
8.006090065464377403e-04,3.551300847902894020e-03,-8.083074935711920261e-04,1.732809305191040039e+01
8.644302142783999443e-04,3.562189638614654541e-03,-9.805426234379410744e-04,1.733289217948913574e+01
8.893600897863507271e-04,3.619598923251032829e-03,-1.180099672637879848e-03,1.733770513534545898e+01
1.175757031887769699e-03,3.725929884240031242e-03,1.193424905068241060e-04,1.734271621704101562e+01
1.320843352004885674e-03,3.750279312953352928e-03,4.339127335697412491e-04,1.734774708747863770e+01
1.475079800002276897e-03,3.790097776800394058e-03,8.490330656059086323e-04,1.735272216796875000e+01
1.605683704838156700e-03,3.790643298998475075e-03,9.796146769076585770e-04,1.735775518417358398e+01
1.760168699547648430e-03,3.808559849858283997e-03,1.339498558081686497e-03,1.736297416687011719e+01
1.919084344990551472e-03,3.833250142633914948e-03,1.722742686979472637e-03,1.736774015426635742e+01
2.080273581668734550e-03,3.916195128113031387e-03,1.930330996401607990e-03,1.737274122238159180e+01
1.961038447916507721e-03,3.728035371750593185e-03,1.288329483941197395e-03,1.737779808044433594e+01
2.158583840355277061e-03,3.790108021348714828e-03,1.516775111667811871e-03,1.738277316093444824e+01
2.266962546855211258e-03,3.769137896597385406e-03,1.675937091931700706e-03,1.738797616958618164e+01
2.403095131739974022e-03,3.805351676419377327e-03,1.812313217669725418e-03,1.739277505874633789e+01
2.520807087421417236e-03,3.833473660051822662e-03,1.918203197419643402e-03,1.739809012413024902e+01
2.726862905547022820e-03,3.831815905869007111e-03,1.929545192979276180e-03,1.740291619300842285e+01
2.900056075304746628e-03,3.817294957116246223e-03,1.915272907353937626e-03,1.740787220001220703e+01
2.327498281374573708e-03,3.226294415071606636e-03,1.491011818870902061e-03,1.741287899017333984e+01
2.476958325132727623e-03,3.093485487625002861e-03,1.327436650171875954e-03,1.741788005828857422e+01
3.057883586734533310e-03,2.943833591416478157e-03,1.195630291476845741e-03,1.742299604415893555e+01
3.487008158117532730e-03,2.776755951344966888e-03,9.989208774641156197e-04,1.742816710472106934e+01
3.983974922448396683e-03,2.588538685813546181e-03,7.759651634842157364e-04,1.743299508094787598e+01
4.246610682457685471e-03,2.515949774533510208e-03,6.650653085671365261e-04,1.743787813186645508e+01
1.931642415001988411e-03,3.751713084056973457e-03,1.835213857702910900e-03,1.744281721115112305e+01
1.891987281851470470e-03,3.806069260463118553e-03,1.813197159208357334e-03,1.744784402847290039e+01
1.669829944148659706e-03,3.659841371700167656e-03,2.159422961995005608e-03,1.745276498794555664e+01
1.495222910307347775e-03,3.601990174502134323e-03,2.370650181546807289e-03,1.745825815200805664e+01
1.275129499845206738e-03,3.513460513204336166e-03,2.647029468789696693e-03,1.746307015419006348e+01
1.068983227014541626e-03,3.574277972802519798e-03,2.992429072037339211e-03,1.746790909767150879e+01
3.278804942965507507e-03,3.511986462399363518e-03,1.733801211230456829e-03,1.747311401367187500e+01
3.222150029614567757e-03,3.589696716517210007e-03,2.088718349114060402e-03,1.747800803184509277e+01
3.703512717038393021e-03,3.562159137800335884e-03,1.994599355384707451e-03,1.748299407958984375e+01
3.964031580835580826e-03,3.591668326407670975e-03,2.101232996210455894e-03,1.748800516128540039e+01
4.302199464291334152e-03,3.620739094913005829e-03,2.165121724829077721e-03,1.749297618865966797e+01
4.723754245787858963e-03,3.614032175391912460e-03,2.205263357609510422e-03,1.749804115295410156e+01
4.836556036025285721e-03,3.681072266772389412e-03,1.770489267073571682e-03,1.750300002098083496e+01
3.258554730564355850e-03,3.358569229021668434e-03,2.365266205742955208e-03,1.750806999206542969e+01
3.351089311763644218e-03,3.276906674727797508e-03,1.880220486782491207e-03,1.751299214363098145e+01
3.064630553126335144e-03,3.237797878682613373e-03,1.558233518153429031e-03,1.751831221580505371e+01
2.934909192845225334e-03,3.140912391245365143e-03,1.036864821799099445e-03,1.752305817604064941e+01
2.752510830760002136e-03,3.028273582458496094e-03,4.496004257816821337e-04,1.752829599380493164e+01
2.445081947371363640e-03,3.035120200365781784e-03,1.039313574437983334e-04,1.753388214111328125e+01
2.090451307594776154e-03,3.012188011780381203e-03,-3.604951780289411545e-04,1.753960204124450684e+01
3.168087685480713844e-03,3.266016952693462372e-03,3.373894141986966133e-03,1.754313707351684570e+01
3.498628968372941017e-03,3.186739748343825340e-03,3.570867236703634262e-03,1.754817914962768555e+01
3.489204682409763336e-03,3.201634390279650688e-03,3.713307203724980354e-03,1.755311322212219238e+01
3.539338940754532814e-03,3.211992094293236732e-03,3.887049853801727295e-03,1.755811214447021484e+01
3.715311875566840172e-03,3.223677631467580795e-03,3.876713570207357407e-03,1.756324505805969238e+01
3.941897768527269363e-03,3.226755419746041298e-03,3.949783742427825928e-03,1.756818103790283203e+01
4.247065633535385132e-03,3.227249719202518463e-03,3.998166881501674652e-03,1.757313799858093262e+01
2.924035536125302315e-03,2.949385670945048332e-03,1.868954161182045937e-03,1.757837605476379395e+01
2.925080480054020882e-03,2.882630098611116409e-03,1.724348985590040684e-03,1.758311605453491211e+01
2.886128146201372147e-03,2.804387593641877174e-03,1.542283920571208000e-03,1.758828210830688477e+01
2.808796707540750504e-03,2.720017917454242706e-03,1.332749845460057259e-03,1.759324812889099121e+01
2.593233017250895500e-03,2.602266147732734680e-03,1.070236670784652233e-03,1.759825110435485840e+01
2.373043680563569069e-03,2.502928022295236588e-03,7.586411084048449993e-04,1.760323405265808105e+01
2.091810572892427444e-03,2.382661215960979462e-03,4.279155109543353319e-04,1.760829901695251465e+01
3.626217134296894073e-03,2.242683898657560349e-03,2.568237716332077980e-03,1.761323308944702148e+01
3.704461967572569847e-03,2.157293027266860008e-03,2.322969725355505943e-03,1.761824321746826172e+01
3.814964555203914642e-03,2.067605266347527504e-03,2.036143327131867409e-03,1.762323999404907227e+01
4.260491114109754562e-03,1.996080158278346062e-03,1.891815685667097569e-03,1.762856411933898926e+01
4.627816844731569290e-03,1.898443209938704967e-03,1.630028244107961655e-03,1.763336300849914551e+01
5.081221461296081543e-03,1.800013007596135139e-03,1.348011195659637451e-03,1.763827419281005859e+01
5.334815476089715958e-03,1.729144365526735783e-03,1.258684322237968445e-03,1.764324116706848145e+01
3.048016456887125969e-03,2.738119103014469147e-03,1.697494997642934322e-03,1.764846014976501465e+01
3.165940521284937859e-03,2.757370239123702049e-03,1.659288653172552586e-03,1.765341901779174805e+01
2.954979659989476204e-03,2.786793047562241554e-03,1.897279405966401100e-03,1.765839815139770508e+01
2.855600789189338684e-03,2.823957940563559532e-03,2.111322013661265373e-03,1.766350102424621582e+01
2.692731097340583801e-03,2.851008204743266106e-03,2.421052893623709679e-03,1.766849899291992188e+01
2.470860257744789124e-03,2.894422737881541252e-03,2.806485630571842194e-03,1.767338299751281738e+01
4.504732321947813034e-03,2.533440478146076202e-03,2.170467749238014221e-03,1.767841100692749023e+01
4.621968138962984085e-03,2.553608268499374390e-03,2.283471403643488884e-03,1.768336200714111328e+01
4.723946098238229752e-03,2.579016145318746567e-03,2.431324915960431099e-03,1.768842315673828125e+01
5.223083775490522385e-03,2.536713378503918648e-03,1.885967561975121498e-03,1.769350409507751465e+01
5.550534930080175400e-03,2.537427470088005066e-03,1.681488123722374439e-03,1.769854116439819336e+01
5.927899386733770370e-03,2.523079514503479004e-03,1.405200804583728313e-03,1.770336604118347168e+01
6.359749939292669296e-03,2.489413600414991379e-03,9.089907398447394371e-04,1.770842313766479492e+01
3.214752767235040665e-03,2.950486727058887482e-03,2.577885286882519722e-03,1.771336507797241211e+01
3.459993517026305199e-03,3.020951291546225548e-03,1.994922757148742676e-03,1.771852302551269531e+01
3.546077059581875801e-03,2.978700213134288788e-03,1.544933533295989037e-03,1.772347807884216309e+01
3.752836026251316071e-03,2.979842014610767365e-03,8.609947399236261845e-04,1.772861814498901367e+01
3.971187397837638855e-03,2.969013294205069542e-03,1.009911065921187401e-04,1.773345398902893066e+01
4.079206846654415131e-03,2.948650158941745758e-03,-5.693722050637006760e-04,1.773854398727416992e+01
3.818857017904520035e-03,1.937374472618103027e-03,2.463945187628269196e-03,1.774350905418395996e+01
3.873140783980488777e-03,1.766873407177627087e-03,2.035183832049369812e-03,1.774878001213073730e+01
3.905545687302947044e-03,1.566539402119815350e-03,1.580346026457846165e-03,1.775355505943298340e+01
3.815042786300182343e-03,1.416936051100492477e-03,1.972289988771080971e-03,1.775852108001708984e+01
3.742243861779570580e-03,1.218245131894946098e-03,1.935927546583116055e-03,1.776363301277160645e+01
3.634145949035882950e-03,1.014173263683915138e-03,1.989265670999884605e-03,1.776856708526611328e+01
3.769456641748547554e-03,8.540421258658170700e-04,2.379189711064100266e-03,1.777351903915405273e+01
3.848347580060362816e-03,1.721279462799429893e-03,2.012021839618682861e-03,1.777848315238952637e+01
4.032055847346782684e-03,1.619811519049108028e-03,2.680077916011214256e-03,1.778346014022827148e+01
3.934734966605901718e-03,1.574152382090687752e-03,2.888960763812065125e-03,1.778863906860351562e+01
4.004593472927808762e-03,1.503131818026304245e-03,3.486497094854712486e-03,1.779375910758972168e+01
4.061765968799591064e-03,1.434023259207606316e-03,4.141062963753938675e-03,1.779865503311157227e+01
4.264556802809238434e-03,1.293360604904592037e-03,4.475584719330072403e-03,1.780363202095031738e+01
4.434352274984121323e-03,1.172199845314025879e-03,4.932763520628213882e-03,1.780889105796813965e+01
4.356033168733119965e-03,2.551873214542865753e-03,4.084256477653980255e-03,1.781363201141357422e+01
4.397642798721790314e-03,2.587963361293077469e-03,3.920310176908969879e-03,1.781863498687744141e+01
4.555803723633289337e-03,2.589223673567175865e-03,3.840657183900475502e-03,1.782362103462219238e+01
4.698676057159900665e-03,2.580730244517326355e-03,3.646956523880362511e-03,1.782904314994812012e+01
4.937947262078523636e-03,2.591047435998916626e-03,3.391874022781848907e-03,1.783374619483947754e+01
5.151052027940750122e-03,2.601878251880407333e-03,3.015120979398488998e-03,1.783866906166076660e+01
5.382149480283260345e-03,2.618958475068211555e-03,2.541335066780447960e-03,1.784362602233886719e+01
5.066846963018178940e-03,3.167178481817245483e-03,4.229905083775520325e-03,1.784864711761474609e+01
5.204318556934595108e-03,3.217988880351185799e-03,4.193132277578115463e-03,1.785362505912780762e+01
5.403548013418912888e-03,3.290024586021900177e-03,3.853831207379698753e-03,1.785874009132385254e+01
5.607368890196084976e-03,3.351307939738035202e-03,3.490860341116786003e-03,1.786374616622924805e+01
5.799555685371160507e-03,3.352369414642453194e-03,3.507562680169939995e-03,1.786873221397399902e+01
5.998768378049135208e-03,3.380745416507124901e-03,3.422336652874946594e-03,1.787375521659851074e+01
3.938014619052410126e-03,2.750584622845053673e-03,3.171359188854694366e-03,1.787872600555419922e+01
3.862408921122550964e-03,2.781868679448962212e-03,3.133554477244615555e-03,1.788374519348144531e+01
3.823368577286601067e-03,2.786549739539623260e-03,3.232209477573633194e-03,1.788870000839233398e+01
3.758930601179599762e-03,2.790339989587664604e-03,3.356477944180369377e-03,1.789387512207031250e+01
3.692681435495615005e-03,2.759564667940139771e-03,3.397645195946097374e-03,1.789873099327087402e+01
3.601531730964779854e-03,2.732737921178340912e-03,3.504758235067129135e-03,1.790375709533691406e+01
3.495244076475501060e-03,2.688553417101502419e-03,3.630722640082240105e-03,1.790873908996582031e+01
3.377349814400076866e-03,2.641166327521204948e-03,2.835774095728993416e-03,1.791374611854553223e+01
3.355427412316203117e-03,2.597288228571414948e-03,2.852842677384614944e-03,1.791872811317443848e+01
3.361096838489174843e-03,2.541435882449150085e-03,2.891599899157881737e-03,1.792375802993774414e+01
3.391981590539216995e-03,2.471599960699677467e-03,2.946061315014958382e-03,1.792895603179931641e+01
3.523719031363725662e-03,2.425781683996319771e-03,2.939202822744846344e-03,1.793387508392333984e+01
3.652481362223625183e-03,2.354319905862212181e-03,2.971833106130361557e-03,1.793891906738281250e+01
4.079342354089021683e-03,3.069196362048387527e-03,3.514206968247890472e-03,1.794390511512756348e+01
4.220800474286079407e-03,3.101157024502754211e-03,3.509116359055042267e-03,1.794890213012695312e+01
4.439581185579299927e-03,3.111857688054442406e-03,3.504108404740691185e-03,1.795387911796569824e+01
4.680126439779996872e-03,3.131065983325242996e-03,3.484358079731464386e-03,1.795887017250061035e+01
4.852622281759977341e-03,3.097025444731116295e-03,3.445076290518045425e-03,1.796385121345520020e+01
5.059576593339443207e-03,3.076413413509726524e-03,3.394180908799171448e-03,1.796890115737915039e+01
5.262689199298620224e-03,3.043250180780887604e-03,3.329666331410408020e-03,1.797373318672180176e+01
4.425837658345699310e-03,3.060686867684125900e-03,3.506398759782314301e-03,1.797886705398559570e+01
4.520656540989875793e-03,3.013533307239413261e-03,3.488124115392565727e-03,1.798383522033691406e+01
4.612728953361511230e-03,2.960629062727093697e-03,3.482199972495436668e-03,1.798890805244445801e+01
4.627260379493236542e-03,2.900143386796116829e-03,3.560033161193132401e-03,1.799410700798034668e+01
4.649035166949033737e-03,2.827995223924517632e-03,3.631974803283810616e-03,1.799898409843444824e+01
4.646242596209049225e-03,2.747171558439731598e-03,3.734580473974347115e-03,1.800382709503173828e+01
4.675926640629768372e-03,2.718689618632197380e-03,3.974345512688159943e-03,1.800924110412597656e+01
3.966928459703922272e-03,2.498241141438484192e-03,3.619067370891571045e-03,1.801401710510253906e+01
3.834621515125036240e-03,2.374007133767008781e-03,3.775075776502490044e-03,1.801898312568664551e+01
3.675885032862424850e-03,2.235233318060636520e-03,3.955200314521789551e-03,1.802405405044555664e+01
4.096699878573417664e-03,2.510952996090054512e-03,4.096357617527246475e-03,1.802924513816833496e+01
4.104305524379014969e-03,2.484138589352369308e-03,4.310952965170145035e-03,1.803400921821594238e+01
4.127189051359891891e-03,2.472131047397851944e-03,4.552314523607492447e-03,1.803898215293884277e+01
3.545013489201664925e-03,3.610485233366489410e-03,4.435192327946424484e-03,1.804405498504638672e+01
3.551566042006015778e-03,3.720067208632826805e-03,4.710687790066003799e-03,1.804899716377258301e+01
3.572998568415641785e-03,3.841945203021168709e-03,5.011359229683876038e-03,1.805399203300476074e+01
3.609873587265610695e-03,3.792743664234876633e-03,3.911248873919248581e-03,1.805898618698120117e+01
3.660151734948158264e-03,3.857149975374341011e-03,3.690586658194661140e-03,1.806417107582092285e+01
3.725299146026372910e-03,3.921322524547576904e-03,3.380460431799292564e-03,1.806899309158325195e+01
3.772085066884756088e-03,3.961146809160709381e-03,3.074974985793232918e-03,1.807397007942199707e+01
3.125896444544196129e-03,3.132953075692057610e-03,4.563805181533098221e-03,1.807920813560485840e+01
3.082989715039730072e-03,3.068572375923395157e-03,4.269538912922143936e-03,1.808419299125671387e+01
3.100729081779718399e-03,3.082186449319124222e-03,4.291351884603500366e-03,1.808910703659057617e+01
3.105593379586935043e-03,3.048445330932736397e-03,4.140149801969528198e-03,1.809425210952758789e+01
3.126415191218256950e-03,3.000723430886864662e-03,4.017831757664680481e-03,1.809912300109863281e+01
3.162275999784469604e-03,2.933310344815254211e-03,3.911727573722600937e-03,1.810417604446411133e+01
3.165626898407936096e-03,2.875166246667504311e-03,4.150507971644401550e-03,1.810912919044494629e+01
2.382559701800346375e-03,2.694497583433985710e-03,2.887394512072205544e-03,1.811412310600280762e+01
2.290756441652774811e-03,2.540278481319546700e-03,2.978827804327011108e-03,1.811914110183715820e+01
2.254727529361844063e-03,2.389551606029272079e-03,2.934392774477601051e-03,1.812414216995239258e+01
2.208415651693940163e-03,2.219386864453554153e-03,3.066345816478133202e-03,1.812941598892211914e+01
2.175185596570372581e-03,2.033098367974162102e-03,3.249991917982697487e-03,1.813421416282653809e+01
2.102268626913428307e-03,1.840858603827655315e-03,3.390353173017501831e-03,1.813911604881286621e+01
3.084343858063220978e-03,2.946710214018821716e-03,3.604214638471603394e-03,1.814425802230834961e+01
3.094447078183293343e-03,2.866128459572792053e-03,3.750612959265708923e-03,1.814927816390991211e+01
3.111456753686070442e-03,2.759586554020643234e-03,3.796361619606614113e-03,1.815425920486450195e+01
3.123003523796796799e-03,2.663750201463699341e-03,3.899327013641595840e-03,1.815923309326171875e+01
3.134189872071146965e-03,2.566010458394885063e-03,3.997754771262407303e-03,1.816442513465881348e+01
3.182119922712445259e-03,2.556154737249016762e-03,4.089316353201866150e-03,1.816929721832275391e+01
3.076669992879033089e-03,3.407818265259265900e-03,4.138750955462455750e-03,1.817421007156372070e+01
3.127724397927522659e-03,3.466896712779998779e-03,4.192993976175785065e-03,1.817921304702758789e+01
3.188423812389373779e-03,3.541863756254315376e-03,4.233697429299354553e-03,1.818425321578979492e+01
3.178555518388748169e-03,3.576256800442934036e-03,4.415285773575305939e-03,1.818927001953125000e+01
3.212752286344766617e-03,3.645077114924788475e-03,4.521953873336315155e-03,1.819447803497314453e+01
3.245508763939142227e-03,3.723101457580924034e-03,4.639755934476852417e-03,1.819942402839660645e+01
3.367306431755423546e-03,3.782551968470215797e-03,4.794742912054061890e-03,1.820430707931518555e+01
3.474553348496556282e-03,3.850964363664388657e-03,4.957570694386959076e-03,1.820942902565002441e+01
3.429656149819493294e-03,3.379793604835867882e-03,4.049311857670545578e-03,1.821438908576965332e+01
3.363561350852251053e-03,3.296683076769113541e-03,4.001162480562925339e-03,1.821939110755920410e+01
3.412393387407064438e-03,3.245166270062327385e-03,4.040842410176992416e-03,1.822446107864379883e+01
3.445327049121260643e-03,3.182740416377782822e-03,4.067468456923961639e-03,1.822958111763000488e+01
3.426208626478910446e-03,3.146165283396840096e-03,4.096980672329664230e-03,1.823419117927551270e+01
3.396193264052271843e-03,3.084627445787191391e-03,4.114462994039058685e-03,1.823932719230651855e+01
2.726822625845670700e-03,2.962824888527393341e-03,4.090902395546436310e-03,1.824435615539550781e+01
2.807117532938718796e-03,2.853802172467112541e-03,4.309325478971004486e-03,1.824936413764953613e+01
2.784842858090996742e-03,2.754933200776576996e-03,4.444917663931846619e-03,1.825437307357788086e+01
2.777834888547658920e-03,2.635802840813994408e-03,4.622446373105049133e-03,1.825944399833679199e+01
2.590096089988946915e-03,2.524991286918520927e-03,4.924089647829532623e-03,1.826461410522460938e+01
2.446635626256465912e-03,2.401598496362566948e-03,5.245402920991182327e-03,1.826935219764709473e+01
2.264427719637751579e-03,2.283614827319979668e-03,5.625451449304819107e-03,1.827435612678527832e+01
1.638317829929292202e-03,2.441982273012399673e-03,5.100627429783344269e-03,1.827943110466003418e+01
1.391827827319502831e-03,2.126195002347230911e-03,5.480025894939899445e-03,1.828452920913696289e+01
1.082223374396562576e-03,1.889894832856953144e-03,5.944633390754461288e-03,1.828948903083801270e+01
7.405085489153862000e-04,1.618385897018015385e-03,6.462732795625925064e-03,1.829461503028869629e+01
2.404446131549775600e-04,1.261598896235227585e-03,6.914325058460235596e-03,1.829948806762695312e+01
-2.723503857851028442e-04,8.707934757694602013e-04,7.443802896887063980e-03,1.830452513694763184e+01
-8.536518434993922710e-04,4.155357019044458866e-04,8.001506328582763672e-03,1.830950307846069336e+01
-1.970203738892450929e-04,2.921126782894134521e-03,6.241295486688613892e-03,1.831448817253112793e+01
-4.929564311169087887e-04,3.066259669139981270e-03,6.720831617712974548e-03,1.831950306892395020e+01
-7.482766523025929928e-04,3.316847141832113266e-03,7.264359854161739349e-03,1.832447409629821777e+01
-7.721121655777096748e-04,3.198574762791395187e-03,7.885685190558433533e-03,1.832980918884277344e+01
-7.754241814836859703e-04,3.275196300819516182e-03,8.559925481677055359e-03,1.833449411392211914e+01
-6.807172903791069984e-04,3.361412556841969490e-03,9.273455478250980377e-03,1.833946013450622559e+01
-5.861405516043305397e-04,3.989552613347768784e-03,7.057823240756988525e-03,1.834447002410888672e+01
-4.801031900569796562e-04,4.142199177294969559e-03,7.265347521752119064e-03,1.834958100318908691e+01
-3.408107149880379438e-04,4.345791880041360855e-03,7.379483431577682495e-03,1.835457801818847656e+01
-1.666713505983352661e-04,4.600841552019119263e-03,7.414888124912977219e-03,1.835968708992004395e+01
-9.309206507168710232e-05,4.441764205694198608e-03,7.073770742863416672e-03,1.836475300788879395e+01
5.972400322207249701e-05,4.489043261855840683e-03,6.765641737729310989e-03,1.836966705322265625e+01
2.223484771093353629e-04,4.500872921198606491e-03,6.345311645418405533e-03,1.837469601631164551e+01
1.085604308173060417e-03,3.220541169866919518e-03,7.433794904500246048e-03,1.837966799736022949e+01
1.267120009288191795e-03,2.970485482364892960e-03,6.865364965051412582e-03,1.838466620445251465e+01
1.455906429328024387e-03,2.671200549229979515e-03,6.171431858092546463e-03,1.838965201377868652e+01
1.457282574847340584e-03,2.496625296771526337e-03,6.115795113146305084e-03,1.839475011825561523e+01
1.592660788446664810e-03,2.192778047174215317e-03,5.510296672582626343e-03,1.839974713325500488e+01
1.722283894196152687e-03,1.839643926359713078e-03,4.791297484189271927e-03,1.840464019775390625e+01
2.014535479247570038e-03,1.741471816785633564e-03,4.858196713030338287e-03,1.840965700149536133e+01
1.380640082061290741e-03,3.563165199011564255e-03,7.530984934419393539e-03,1.841464018821716309e+01
1.688431133516132832e-03,3.717957995831966400e-03,8.028034120798110962e-03,1.841978406906127930e+01
1.802455750294029713e-03,3.382582217454910278e-03,8.560496382415294647e-03,1.842475008964538574e+01
2.035343553870916367e-03,3.318908158689737320e-03,9.182449430227279663e-03,1.842992901802062988e+01
2.266505733132362366e-03,3.244481515139341354e-03,9.898015297949314117e-03,1.843474316596984863e+01
2.498749876394867897e-03,3.143029985949397087e-03,1.073061861097812653e-02,1.843977904319763184e+01
9.554476710036396980e-04,2.593738958239555359e-03,5.866337567567825317e-03,1.844471120834350586e+01
8.074344368651509285e-04,2.359191188588738441e-03,5.875489674508571625e-03,1.844974303245544434e+01
6.013710517436265945e-04,2.096974523738026619e-03,5.854960065335035324e-03,1.845473718643188477e+01
8.231785031966865063e-04,1.786942477338016033e-03,5.656728055328130722e-03,1.845991206169128418e+01
7.810264942236244678e-04,1.455390476621687412e-03,5.479689687490463257e-03,1.846485900878906250e+01
7.521843654103577137e-04,1.086528878659009933e-03,5.244772415608167648e-03,1.846979999542236328e+01
7.438432658091187477e-04,8.198815048672258854e-04,4.977894481271505356e-03,1.847473001480102539e+01
1.366028678603470325e-03,3.229885827749967575e-03,6.896611768752336502e-03,1.847979211807250977e+01
1.492922310717403889e-03,3.232337534427642822e-03,6.651170086115598679e-03,1.848488211631774902e+01
1.607423881068825722e-03,3.383950330317020416e-03,6.901078857481479645e-03,1.848993515968322754e+01
1.748369191773235798e-03,3.471042495220899582e-03,6.928111426532268524e-03,1.849502301216125488e+01
1.898774295113980770e-03,3.558288561180233955e-03,7.029839791357517242e-03,1.849985718727111816e+01
2.108553890138864517e-03,3.465521614998579025e-03,7.087800186127424240e-03,1.850480413436889648e+01
-3.435761609580367804e-04,3.651452949270606041e-03,5.169197451323270798e-03,1.850983810424804688e+01
-4.543672548606991768e-04,3.660784102976322174e-03,4.825893789529800415e-03,1.851478409767150879e+01
-6.035075639374554157e-04,3.683141199871897697e-03,4.051748197525739670e-03,1.851989817619323730e+01
-6.754374480806291103e-04,3.721490735188126564e-03,3.437343519181013107e-03,1.852482008934020996e+01
-7.198061794042587280e-04,3.791783703491091728e-03,2.736971713602542877e-03,1.852996516227722168e+01
-7.627251907251775265e-04,3.850695444270968437e-03,1.957247732207179070e-03,1.853483104705810547e+01
-8.243134361691772938e-04,3.762959968298673630e-03,1.223532133735716343e-03,1.853979015350341797e+01
7.388732046820223331e-04,3.069484140723943710e-03,7.492003031075000763e-03,1.854491615295410156e+01
8.491054759360849857e-04,2.833236940205097198e-03,7.381028495728969574e-03,1.854983806610107422e+01
9.244924294762313366e-04,2.644523978233337402e-03,7.497602142393589020e-03,1.855493211746215820e+01
1.027604565024375916e-03,2.418281976133584976e-03,7.443040143698453903e-03,1.856000208854675293e+01
1.130799762904644012e-03,2.187309786677360535e-03,7.374527398496866226e-03,1.856507802009582520e+01
1.032717758789658546e-03,1.982910092920064926e-03,7.366724312305450439e-03,1.856996417045593262e+01
9.658462367951869965e-04,1.747935428284108639e-03,7.352315820753574371e-03,1.857494711875915527e+01
-4.590049211401492357e-04,2.710413886234164238e-03,5.934880580753087997e-03,1.858008599281311035e+01
-2.864787529688328505e-04,2.794157015159726143e-03,6.012980360537767410e-03,1.858481001853942871e+01
-3.438743588048964739e-04,2.739586401730775833e-03,6.081788334995508194e-03,1.858995008468627930e+01
-3.677958156913518906e-04,2.704296261072158813e-03,6.205208133906126022e-03,1.859522414207458496e+01
-3.567439271137118340e-04,2.548637567088007927e-03,6.358538288623094559e-03,1.860002517700195312e+01
-3.109385725110769272e-04,2.454293193295598030e-03,6.549087818711996078e-03,1.860497808456420898e+01
1.158532468252815306e-04,3.499828744679689407e-03,5.144671536982059479e-03,1.861027503013610840e+01
2.692316775210201740e-04,3.495135344564914703e-03,5.242192652076482773e-03,1.861502504348754883e+01
1.418555475538596511e-04,3.570173401385545731e-03,5.169472191482782364e-03,1.862012410163879395e+01
1.914618624141439795e-04,3.604914993047714233e-03,5.211416166275739670e-03,1.862515807151794434e+01
2.294855803484097123e-04,3.650546073913574219e-03,5.245644133538007736e-03,1.863025903701782227e+01
3.441461885813623667e-04,3.615241264924407005e-03,5.108008626848459244e-03,1.863507103919982910e+01
4.357529396656900644e-04,3.600848140195012093e-03,4.993018228560686111e-03,1.864013910293579102e+01
4.229268524795770645e-04,3.384662792086601257e-03,4.801918752491474152e-03,1.864503121376037598e+01
3.499045269563794136e-04,3.414731007069349289e-03,4.539881367236375809e-03,1.865009498596191406e+01
3.717481740750372410e-04,3.373339306563138962e-03,4.251029808074235916e-03,1.865503120422363281e+01
3.737289516720920801e-04,3.338137874379754066e-03,3.911945037543773651e-03,1.866040611267089844e+01
5.023898556828498840e-04,3.323552431538701057e-03,3.627849509939551353e-03,1.866520214080810547e+01
5.898119998164474964e-04,3.305899444967508316e-03,3.282542806118726730e-03,1.867010307312011719e+01
9.218582999892532825e-04,3.654861822724342346e-03,4.900768399238586426e-03,1.867506599426269531e+01
8.301623165607452393e-04,3.631581785157322884e-03,4.890697076916694641e-03,1.868038010597229004e+01
8.412755560129880905e-04,3.592402441427111626e-03,4.807175137102603912e-03,1.868528699874877930e+01
8.247158257290720940e-04,3.533881623297929764e-03,4.748005885630846024e-03,1.869025111198425293e+01
8.979812264442443848e-04,3.366988617926836014e-03,4.698351956903934479e-03,1.869572901725769043e+01
9.314934723079204559e-04,3.226746572181582451e-03,4.666556604206562042e-03,1.870030212402343750e+01
9.733090410009026527e-04,3.059128299355506897e-03,4.656170494854450226e-03,1.870515108108520508e+01
3.081189643125981092e-04,3.237857250496745110e-03,4.532311111688613892e-03,1.871035909652709961e+01
3.523050399962812662e-04,3.185345558449625969e-03,4.509997088462114334e-03,1.871514606475830078e+01
3.900915617123246193e-04,3.058155765756964684e-03,4.498514812439680099e-03,1.872031903266906738e+01
4.328108043409883976e-04,2.924753818660974503e-03,4.488167818635702133e-03,1.872522711753845215e+01
5.630985833704471588e-04,2.825440373271703720e-03,4.486922174692153931e-03,1.873043799400329590e+01
6.900958251208066940e-04,2.708900487050414085e-03,4.493050277233123779e-03,1.873540019989013672e+01
8.482157136313617229e-04,2.593199023976922035e-03,4.499556962400674820e-03,1.874031901359558105e+01
6.526220240630209446e-04,3.350098617374897003e-03,4.720020573586225510e-03,1.874522900581359863e+01
7.464668597094714642e-04,3.325103549286723137e-03,4.899800755083560944e-03,1.875026822090148926e+01
8.367962436750531197e-04,3.321975003927946091e-03,5.112505517899990082e-03,1.875532412528991699e+01
1.045695971697568893e-03,3.323300275951623917e-03,5.298178177326917648e-03,1.876054620742797852e+01
1.233667135238647461e-03,3.332152497023344040e-03,5.550967995077371597e-03,1.876537418365478516e+01
1.453622244298458099e-03,3.339227521792054176e-03,5.844933912158012390e-03,1.877041816711425781e+01
1.861514290794730186e-03,3.653310704976320267e-03,5.120081827044487000e-03,1.877527713775634766e+01
1.923922449350357056e-03,3.707171650603413582e-03,5.104659590870141983e-03,1.878049421310424805e+01
1.949483761563897133e-03,3.762585343793034554e-03,5.060178693383932114e-03,1.878531813621520996e+01
1.935687265358865261e-03,3.816397860646247864e-03,4.973142873495817184e-03,1.879041910171508789e+01
2.073441166430711746e-03,3.810201538726687431e-03,4.708697553724050522e-03,1.879544901847839355e+01
2.106556901708245277e-03,3.830323228612542152e-03,4.437414929270744324e-03,1.880042314529418945e+01
2.134147332981228828e-03,3.850700100883841515e-03,4.083558451384305954e-03,1.880524516105651855e+01
1.735000754706561565e-03,3.942155279219150543e-03,6.203974597156047821e-03,1.881037902832031250e+01
1.711099059320986271e-03,3.995015751570463181e-03,5.913601256906986237e-03,1.881525111198425293e+01
1.677472260780632496e-03,4.052563570439815521e-03,5.561952479183673859e-03,1.882058310508728027e+01
1.708216266706585884e-03,4.090571310371160507e-03,5.268739070743322372e-03,1.882545804977416992e+01
1.723888213746249676e-03,4.144596401602029800e-03,4.898471292108297348e-03,1.883047914505004883e+01
1.750534283928573132e-03,4.195128567516803741e-03,4.502830561250448227e-03,1.883543419837951660e+01
1.735533121973276138e-03,4.196717869490385056e-03,4.080074839293956757e-03,1.884056901931762695e+01
8.089980692602694035e-04,3.866248298436403275e-03,6.027205847203731537e-03,1.884547305107116699e+01
7.453405414707958698e-04,3.846402047201991081e-03,5.775763653218746185e-03,1.885058307647705078e+01
6.331391632556915283e-04,3.882755758240818977e-03,5.507061257958412170e-03,1.885547018051147461e+01
5.305196973495185375e-04,3.887759521603584290e-03,5.191688891500234604e-03,1.886062216758728027e+01
4.153237096033990383e-04,3.902427386492490768e-03,4.841703455895185471e-03,1.886559510231018066e+01
2.880948886740952730e-04,3.925938159227371216e-03,4.458111710846424103e-03,1.887049412727355957e+01
2.565608592703938484e-04,3.865342121571302414e-03,4.164490383118391037e-03,1.887544512748718262e+01
7.963536190800368786e-04,3.480588085949420929e-03,5.590145010501146317e-03,1.888050413131713867e+01
7.933505112305283546e-04,3.406765172258019447e-03,5.392550490796566010e-03,1.888562321662902832e+01
9.350623004138469696e-04,3.376512555405497551e-03,5.244943313300609589e-03,1.889061999320983887e+01
1.029791659675538540e-03,3.320287680253386497e-03,5.052309017628431320e-03,1.889556813240051270e+01
1.153698191046714783e-03,3.265273524448275566e-03,4.853457678109407425e-03,1.890064406394958496e+01
1.243734965100884438e-03,3.188641043379902840e-03,4.609785508364439011e-03,1.890559005737304688e+01
1.560991862788796425e-03,3.760733408853411674e-03,5.752066615968942642e-03,1.891065812110900879e+01
1.682395115494728088e-03,3.709083190187811852e-03,5.592836067080497742e-03,1.891559410095214844e+01
1.850942266173660755e-03,3.690317971631884575e-03,5.466879811137914658e-03,1.892059612274169922e+01
2.018073340877890587e-03,3.645822172984480858e-03,5.315477959811687469e-03,1.892552709579467773e+01
2.203385345637798309e-03,3.599770599976181984e-03,5.160836037248373032e-03,1.893055009841918945e+01
2.395896706730127335e-03,3.527404041960835457e-03,5.043924786150455475e-03,1.893544316291809082e+01
2.607854316011071205e-03,3.459464292973279953e-03,4.916802514344453812e-03,1.894058418273925781e+01
1.941738883033394814e-03,3.712420118972659111e-03,5.514665041118860245e-03,1.894544005393981934e+01
2.092980314046144485e-03,3.673835191875696182e-03,5.435360595583915710e-03,1.895084118843078613e+01
2.262169960886240005e-03,3.616468515247106552e-03,5.375840701162815094e-03,1.895553898811340332e+01
2.446321537718176842e-03,3.560861106961965561e-03,5.317777860909700394e-03,1.896083807945251465e+01
2.643854357302188873e-03,3.504053922370076180e-03,5.266505293548107147e-03,1.896572303771972656e+01
2.797904890030622482e-03,3.429414238780736923e-03,5.187083967030048370e-03,1.897065806388854980e+01
2.982904203236103058e-03,3.354603657498955727e-03,5.107673350721597672e-03,1.897566318511962891e+01
1.874754554592072964e-03,3.774667857214808464e-03,5.530332215130329132e-03,1.898083305358886719e+01
1.929459045641124249e-03,3.717570332810282707e-03,5.567441228777170181e-03,1.898575901985168457e+01
1.991793047636747360e-03,3.668506164103746414e-03,5.585980601608753204e-03,1.899063110351562500e+01
2.054924611002206802e-03,3.614665241912007332e-03,5.610291380435228348e-03,1.899590516090393066e+01
2.144243801012635231e-03,3.544190432876348495e-03,5.650093313306570053e-03,1.900059604644775391e+01
2.230355050414800644e-03,3.467915114015340805e-03,5.695238709449768066e-03,1.900564002990722656e+01
2.203626092523336411e-03,3.562815720215439796e-03,5.429790820926427841e-03,1.901115322113037109e+01
2.120936289429664612e-03,3.588769119232892990e-03,5.471818614751100540e-03,1.901583218574523926e+01
2.109339460730552673e-03,3.573287045583128929e-03,5.517174489796161652e-03,1.902100014686584473e+01
2.070174086838960648e-03,3.575040260329842567e-03,5.569371860474348068e-03,1.902584218978881836e+01
2.107553184032440186e-03,3.573332214727997780e-03,5.767345894128084183e-03,1.903096914291381836e+01
2.102952916175127029e-03,3.576898947358131409e-03,5.955984815955162048e-03,1.903587102890014648e+01
2.100496785715222359e-03,3.581838449463248253e-03,6.190911401063203812e-03,1.904095411300659180e+01
2.016436774283647537e-03,3.599529620260000229e-03,5.508729722350835800e-03,1.904586315155029297e+01
2.049307804554700851e-03,3.710114629939198494e-03,5.569124594330787659e-03,1.905085802078247070e+01
2.072236035019159317e-03,3.772779600694775581e-03,5.775345955044031143e-03,1.905578517913818359e+01
2.104174578562378883e-03,3.841194789856672287e-03,6.011089775711297989e-03,1.906106710433959961e+01
2.078762277960777283e-03,3.837526310235261917e-03,5.955636966973543167e-03,1.906672310829162598e+01
2.069895621389150620e-03,3.857852192595601082e-03,5.978196859359741211e-03,1.907092714309692383e+01
2.048111287876963615e-03,3.864949569106101990e-03,5.941672250628471375e-03,1.907586407661437988e+01
9.768580785021185875e-04,3.503319574519991875e-03,5.066615063697099686e-03,1.908095312118530273e+01
8.387024863623082638e-04,3.472085809335112572e-03,4.695814568549394608e-03,1.908663821220397949e+01
6.856251275166869164e-04,3.433856414631009102e-03,4.239683970808982849e-03,1.909107208251953125e+01
5.897448863834142685e-04,3.369239857420325279e-03,3.746293485164642334e-03,1.909685015678405762e+01
4.709745116997510195e-04,3.309863386675715446e-03,3.160039894282817841e-03,1.910106205940246582e+01
3.593700821511447430e-04,3.241847269237041473e-03,2.503926167264580727e-03,1.910664510726928711e+01
1.256466377526521683e-03,3.712440375238656998e-03,5.963066592812538147e-03,1.911107015609741211e+01
1.309619285166263580e-03,3.729135496541857719e-03,5.643621087074279785e-03,1.911670017242431641e+01
1.385283423587679863e-03,3.750215284526348114e-03,5.303790327161550522e-03,1.912097811698913574e+01
1.483530038967728615e-03,3.774078330025076866e-03,4.949153400957584381e-03,1.912599205970764160e+01
1.701282337307929993e-03,3.752262331545352936e-03,4.761177115142345428e-03,1.913103699684143066e+01
1.910198130644857883e-03,3.742982167750597000e-03,4.494732245802879333e-03,1.913596510887145996e+01
2.161172917112708092e-03,3.726813709363341331e-03,4.240188281983137131e-03,1.914103317260742188e+01
1.840076409280300140e-03,3.368274075910449028e-03,4.847570322453975677e-03,1.914591121673583984e+01
2.024423563852906227e-03,3.315221285447478294e-03,4.749853163957595825e-03,1.915098905563354492e+01
2.223994815722107887e-03,3.255199873819947243e-03,4.671460017561912537e-03,1.915599608421325684e+01
2.404255559667944908e-03,3.168524708598852158e-03,4.551031161099672318e-03,1.916116499900817871e+01
2.612904179841279984e-03,3.089448902755975723e-03,4.474021494388580322e-03,1.916606211662292480e+01
2.831216435879468918e-03,3.005678998306393623e-03,4.409553948789834976e-03,1.917108011245727539e+01
2.157839015126228333e-03,3.336576512083411217e-03,4.832590464502573013e-03,1.917664217948913574e+01
2.263303380459547043e-03,3.292545676231384277e-03,4.782501142472028732e-03,1.918109822273254395e+01
2.363647567108273506e-03,3.247272223234176636e-03,4.732253029942512512e-03,1.918665599822998047e+01
2.412710338830947876e-03,3.199929604306817055e-03,4.670537076890468597e-03,1.919175410270690918e+01
2.472352003678679466e-03,3.149716416373848915e-03,4.616827238351106644e-03,1.919614911079406738e+01
2.517988439649343491e-03,3.094538813456892967e-03,4.559255670756101608e-03,1.920115113258361816e+01
2.549844328314065933e-03,3.039832226932048798e-03,4.558590240776538849e-03,1.920604920387268066e+01
1.400010194629430771e-03,3.602667246013879776e-03,4.617202095687389374e-03,1.921113801002502441e+01
1.327573903836309910e-03,3.607592312619090080e-03,4.620338790118694305e-03,1.921607518196105957e+01
1.238978584297001362e-03,3.610475687310099602e-03,4.633974749594926834e-03,1.922112107276916504e+01
1.126900431700050831e-03,3.565330291166901588e-03,4.704233258962631226e-03,1.922601604461669922e+01
1.004944322630763054e-03,3.546838415786623955e-03,4.774275701493024826e-03,1.923130106925964355e+01
8.689920068718492985e-04,3.525123931467533112e-03,4.863864276558160782e-03,1.923638916015625000e+01
7.989495061337947845e-04,3.512172028422355652e-03,4.979951772838830948e-03,1.924129009246826172e+01
1.537450356408953667e-03,3.293844638392329216e-03,4.642746876925230026e-03,1.924622607231140137e+01
1.569758867844939232e-03,3.260524943470954895e-03,4.764151293784379959e-03,1.925129604339599609e+01
1.652718288823962212e-03,3.224787069484591484e-03,4.802877083420753479e-03,1.925662517547607422e+01
1.728525501675903797e-03,3.186657559126615524e-03,4.903701599687337875e-03,1.926150321960449219e+01
1.819726545363664627e-03,3.146674251183867455e-03,5.008873529732227325e-03,1.926677298545837402e+01
1.898034941405057907e-03,3.113697515800595284e-03,5.040599964559078217e-03,1.927105307579040527e+01
1.615918241441249847e-03,3.325787605717778206e-03,4.927329253405332565e-03,1.927614808082580566e+01
1.681445282883942127e-03,3.306999569758772850e-03,4.926298744976520538e-03,1.928114509582519531e+01
1.759066013619303703e-03,3.295575035735964775e-03,4.858430474996566772e-03,1.928632116317749023e+01
1.842237426899373531e-03,3.277661744505167007e-03,4.790203645825386047e-03,1.929136514663696289e+01
1.933600986376404762e-03,3.258991753682494164e-03,4.697830416262149811e-03,1.929718804359436035e+01
2.033101627603173256e-03,3.240522230044007301e-03,4.580076318234205246e-03,1.930136299133300781e+01
2.178442198783159256e-03,3.213655436411499977e-03,4.456304945051670074e-03,1.930672216415405273e+01
2.044059569016098976e-03,3.300779033452272415e-03,5.009822081774473190e-03,1.931141018867492676e+01
2.175730653107166290e-03,3.283630823716521263e-03,4.885440226644277573e-03,1.931671118736267090e+01
2.309356350451707840e-03,3.261314239352941513e-03,4.824289586395025253e-03,1.932128500938415527e+01
2.463956829160451889e-03,3.236377611756324768e-03,4.709227941930294037e-03,1.932672214508056641e+01
2.631896641105413437e-03,3.207595320418477058e-03,4.587557632476091385e-03,1.933134818077087402e+01
2.778753871098160744e-03,3.175025805830955505e-03,4.507562611252069473e-03,1.933671307563781738e+01
2.944061299785971642e-03,3.141106339171528816e-03,4.412595182657241821e-03,1.934141707420349121e+01
2.131757093593478203e-03,3.215565811842679977e-03,4.841082729399204254e-03,1.934683108329772949e+01
2.186069032177329063e-03,3.186467103660106659e-03,4.826202988624572754e-03,1.935142111778259277e+01
2.254951978102326393e-03,3.156141843646764755e-03,4.810709506273269653e-03,1.935670709609985352e+01
2.321344334632158279e-03,3.121773479506373405e-03,4.804668482393026352e-03,1.936158299446105957e+01
2.384118270128965378e-03,3.084022551774978638e-03,4.816906061023473740e-03,1.936699700355529785e+01
2.445066813379526138e-03,3.045929595828056335e-03,4.836491309106349945e-03,1.937147307395935059e+01
1.855461159721016884e-03,3.466279245913028717e-03,4.847476258873939514e-03,1.937718105316162109e+01
1.825478044338524342e-03,3.470668802037835121e-03,4.891823045909404755e-03,1.938167500495910645e+01
1.804185449145734310e-03,3.480088897049427032e-03,4.937418736517429352e-03,1.938703918457031250e+01
1.777496770955622196e-03,3.498920006677508354e-03,4.990088753402233124e-03,1.939156317710876465e+01
1.741786138154566288e-03,3.516870317980647087e-03,5.058163311332464218e-03,1.939677000045776367e+01
1.721804845146834850e-03,3.498604288324713707e-03,5.112385377287864685e-03,1.940156221389770508e+01
1.680180313996970654e-03,3.452606499195098877e-03,5.177755374461412430e-03,1.940700507164001465e+01
1.766105066053569317e-03,3.228008281439542770e-03,5.226598121225833893e-03,1.941155409812927246e+01
1.789049478247761726e-03,3.114337800070643425e-03,5.168260075151920319e-03,1.941710400581359863e+01
1.797549310140311718e-03,3.047867445275187492e-03,5.198040045797824860e-03,1.942151212692260742e+01
1.810152898542582989e-03,2.979266922920942307e-03,5.230875685811042786e-03,1.942700219154357910e+01
1.851081382483243942e-03,2.956823213025927544e-03,5.272520706057548523e-03,1.943168902397155762e+01
1.892118831165134907e-03,2.909597940742969513e-03,5.295339040458202362e-03,1.943705415725708008e+01
1.943687326274812222e-03,2.861573593690991402e-03,5.309325177222490311e-03,1.944164800643920898e+01
2.005885820835828781e-03,3.262798534706234932e-03,4.947954323142766953e-03,1.944695615768432617e+01
2.083528088405728340e-03,3.255638992413878441e-03,4.869602154940366745e-03,1.945156407356262207e+01
2.174100372940301895e-03,3.247105050832033157e-03,4.776714369654655457e-03,1.945676612854003906e+01
2.276531187817454338e-03,3.241559723392128944e-03,4.686319269239902496e-03,1.946177816390991211e+01
2.391641959547996521e-03,3.232829971238970757e-03,4.582340363413095474e-03,1.946693801879882812e+01
2.518799854442477226e-03,3.225784748792648315e-03,4.467273596674203873e-03,1.947162699699401855e+01
2.657757606357336044e-03,3.221553983166813850e-03,4.340221639722585678e-03,1.947714304924011230e+01
2.464605262503027916e-03,3.252111142501235008e-03,4.858479369431734085e-03,1.948167109489440918e+01
2.604011446237564087e-03,3.248618217185139656e-03,4.814222455024719238e-03,1.948679208755493164e+01
2.755924127995967865e-03,3.248160472139716148e-03,4.769596271216869354e-03,1.949166798591613770e+01
2.922044834122061729e-03,3.270980203524231911e-03,4.725199658423662186e-03,1.949694108963012695e+01
3.099843161180615425e-03,3.285449929535388947e-03,4.682682920247316360e-03,1.950164604187011719e+01
3.290374763309955597e-03,3.304626327008008957e-03,4.639996681362390518e-03,1.950703310966491699e+01
3.486843779683113098e-03,3.301428398117423058e-03,4.573914688080549240e-03,1.951154398918151855e+01
2.705703489482402802e-03,3.613261273130774498e-03,4.394432064145803452e-03,1.951694607734680176e+01
2.856792183592915535e-03,3.622399875894188881e-03,4.318857099860906601e-03,1.952188301086425781e+01
2.970325527712702751e-03,3.675250103697180748e-03,4.179281182587146759e-03,1.952697014808654785e+01
3.111553145572543144e-03,3.711943514645099640e-03,4.054061137139797211e-03,1.953176808357238770e+01
3.254743991419672966e-03,3.754927078261971474e-03,3.912177868187427521e-03,1.953692913055419922e+01
3.463643370196223259e-03,3.823313862085342407e-03,3.717837156727910042e-03,1.954173302650451660e+01
3.665406955406069756e-03,3.895361674949526787e-03,3.513006959110498428e-03,1.954693007469177246e+01
3.087204415351152420e-03,4.035866353660821915e-03,3.743996610864996910e-03,1.955172610282897949e+01
3.285093000158667564e-03,4.138811957091093063e-03,3.523072460666298866e-03,1.955688619613647461e+01
3.583827055990695953e-03,4.314877558499574661e-03,3.219365142285823822e-03,1.956203913688659668e+01
3.866607788950204849e-03,4.474241286516189575e-03,2.917349571362137794e-03,1.956696414947509766e+01
4.180707968771457672e-03,4.652736708521842957e-03,2.580057829618453979e-03,1.957191109657287598e+01
4.471439868211746216e-03,4.891728982329368591e-03,2.205148106440901756e-03,1.957688903808593750e+01
3.729466116055846214e-03,4.807429853826761246e-03,2.804392017424106598e-03,1.958185219764709473e+01
3.989281132817268372e-03,5.087535362690687180e-03,2.438087947666645050e-03,1.958701705932617188e+01
4.239136818796396255e-03,5.514965858310461044e-03,2.066850895062088966e-03,1.959182500839233398e+01
4.514507949352264404e-03,5.931267980486154556e-03,1.654895721003413200e-03,1.959702014923095703e+01
4.801394883543252945e-03,6.398409605026245117e-03,1.218399498611688614e-03,1.960188508033752441e+01
5.086133256554603577e-03,6.922939792275428772e-03,7.344633922912180424e-04,1.960689711570739746e+01
5.384240299463272095e-03,7.499207742512226105e-03,2.241545007564127445e-04,1.961191201210021973e+01
3.918788861483335495e-03,5.851909518241882324e-03,-1.560808741487562656e-04,1.961705207824707031e+01
4.138422198593616486e-03,6.347422022372484207e-03,-8.230007370002567768e-04,1.962195920944213867e+01
4.358221776783466339e-03,6.907647941261529922e-03,-1.491848728619515896e-03,1.962709903717041016e+01
4.591371864080429077e-03,7.522972766309976578e-03,-2.208743011578917503e-03,1.963212108612060547e+01
4.909139592200517654e-03,8.174319751560688019e-03,-2.946677617728710175e-03,1.963711500167846680e+01
5.228778813034296036e-03,8.876539766788482666e-03,-3.741666674613952637e-03,1.964191818237304688e+01
3.746491158381104469e-03,6.339079700410366058e-03,-2.528589917346835136e-03,1.964700317382812500e+01
4.017022438347339630e-03,6.853939965367317200e-03,-3.236758988350629807e-03,1.965208220481872559e+01
4.404790233820676804e-03,7.366988342255353928e-03,-3.923004958778619766e-03,1.965713620185852051e+01
4.786712583154439926e-03,7.948168553411960602e-03,-4.686785396188497543e-03,1.966224408149719238e+01
5.214354954659938812e-03,8.572563529014587402e-03,-5.486223381012678146e-03,1.966699099540710449e+01
5.662788171321153641e-03,9.183956310153007507e-03,-6.345361005514860153e-03,1.967212009429931641e+01
6.160877645015716553e-03,9.842425584793090820e-03,-7.233103271573781967e-03,1.967714309692382812e+01
3.889308776706457138e-03,5.606305785477161407e-03,-9.479964151978492737e-03,1.968197607994079590e+01
4.101441707462072372e-03,5.889439489692449570e-03,-1.054510567337274551e-02,1.968699121475219727e+01
4.410094581544399261e-03,6.197309121489524841e-03,-1.165275275707244873e-02,1.969197010993957520e+01
4.729006905108690262e-03,6.527127232402563095e-03,-1.279808674007654190e-02,1.969706010818481445e+01
4.982095677405595779e-03,6.889557931572198868e-03,-1.392328366637229919e-02,1.970198321342468262e+01
5.256097763776779175e-03,7.271741516888141632e-03,-1.509563438594341278e-02,1.970712709426879883e+01
5.518616177141666412e-03,7.680152542889118195e-03,-1.629131473600864410e-02,1.971207499504089355e+01
4.697641823440790176e-03,5.085525568574666977e-03,-1.494839321821928024e-02,1.971710801124572754e+01
4.816873464733362198e-03,5.310442298650741577e-03,-1.595828309655189514e-02,1.972216701507568359e+01
4.914429504424333572e-03,5.561611615121364594e-03,-1.697439700365066528e-02,1.972723317146301270e+01
4.989865235984325409e-03,5.839604884386062622e-03,-1.800061017274856567e-02,1.973220205307006836e+01
4.989342298358678818e-03,6.133381742984056473e-03,-1.900600269436836243e-02,1.973710918426513672e+01
4.983594175428152084e-03,6.455985363572835922e-03,-2.003099024295806885e-02,1.974215817451477051e+01
5.145213101059198380e-03,3.883409779518842697e-03,-1.896487921476364136e-02,1.974708199501037598e+01
5.060530733317136765e-03,3.982707858085632324e-03,-1.984320208430290222e-02,1.975204610824584961e+01
4.954359959810972214e-03,4.123817663639783859e-03,-2.072663232684135437e-02,1.975715017318725586e+01
4.810420330613851547e-03,4.279185552150011063e-03,-2.161127142608165741e-02,1.976238703727722168e+01
4.636154510080814362e-03,4.431848879903554916e-03,-2.248832024633884430e-02,1.976724100112915039e+01
4.423017613589763641e-03,4.602509550750255585e-03,-2.336934767663478851e-02,1.977215814590454102e+01
4.174346569925546646e-03,4.783083684742450714e-03,-2.424991317093372345e-02,1.977719616889953613e+01
3.344628028571605682e-03,3.292526351287961006e-03,-2.273190952837467194e-02,1.978204417228698730e+01
3.058964153751730919e-03,3.356275381520390511e-03,-2.343109622597694397e-02,1.978720402717590332e+01
2.753636334091424942e-03,3.428579075261950493e-03,-2.412375621497631073e-02,1.979229116439819336e+01
2.478804439306259155e-03,3.506544046103954315e-03,-2.482019923627376556e-02,1.979724621772766113e+01
2.176530426368117332e-03,3.592192428186535835e-03,-2.551187202334403992e-02,1.980225515365600586e+01
1.868719700723886490e-03,3.683772170916199684e-03,-2.620026469230651855e-02,1.980725216865539551e+01
2.302926499396562576e-03,2.885419409722089767e-03,-2.444350719451904297e-02,1.981263303756713867e+01
2.035295357927680016e-03,2.943191211670637131e-03,-2.500971034169197083e-02,1.981743502616882324e+01
1.769610797055065632e-03,3.010358195751905441e-03,-2.558453008532524109e-02,1.982233214378356934e+01
1.506150350905954838e-03,3.086712677031755447e-03,-2.616641856729984283e-02,1.982758402824401855e+01
1.240060781128704548e-03,3.169014817103743553e-03,-2.686212025582790375e-02,1.983247613906860352e+01
9.772961493581533432e-04,3.261140314862132072e-03,-2.753219380974769592e-02,1.983736705780029297e+01
7.145353592932224274e-04,3.362347837537527084e-03,-2.823706716299057007e-02,1.984340310096740723e+01
1.958601875230669975e-03,2.684447448700666428e-03,-2.480891160666942596e-02,1.984743213653564453e+01
1.754084019921720028e-03,2.767597325146198273e-03,-2.534943073987960815e-02,1.985246515274047852e+01
1.550709479488432407e-03,2.859473228454589844e-03,-2.593634836375713348e-02,1.985746216773986816e+01
1.333961496129631996e-03,2.933590672910213470e-03,-2.664466761052608490e-02,1.986280012130737305e+01
1.121915294788777828e-03,3.025088226422667503e-03,-2.738070115447044373e-02,1.986755204200744629e+01
9.073895635083317757e-04,3.119580913335084915e-03,-2.818154916167259216e-02,1.987239718437194824e+01
6.799368420615792274e-04,3.207425586879253387e-03,-2.908673882484436035e-02,1.987741017341613770e+01
4.529564757831394672e-04,3.301553661003708839e-03,-3.004410676658153534e-02,1.988235521316528320e+01
3.042279975488781929e-03,2.662237267941236496e-03,-2.698224410414695740e-02,1.988759708404541016e+01
2.933142008259892464e-03,2.684535924345254898e-03,-2.781292237341403961e-02,1.989258408546447754e+01
2.827357966452836990e-03,2.721054479479789734e-03,-2.870467491447925568e-02,1.989752507209777832e+01
2.713542198762297630e-03,2.752284053713083267e-03,-2.966539002954959869e-02,1.990241909027099609e+01
2.591334050521254539e-03,2.779284724965691566e-03,-3.069892525672912598e-02,1.990740108489990234e+01
5.168627016246318817e-03,2.216564957052469254e-03,-2.818625047802925110e-02,1.991246414184570312e+01
5.216822959482669830e-03,2.173366956412792206e-03,-2.913181111216545105e-02,1.991757106781005859e+01
5.265283398330211639e-03,2.120319986715912819e-03,-3.015352599322795868e-02,1.992255616188049316e+01
5.361828953027725220e-03,2.008048584684729576e-03,-3.126331046223640442e-02,1.992765808105468750e+01
5.439996253699064255e-03,1.908543403260409832e-03,-3.244370967149734497e-02,1.993260121345520020e+01
5.526113323867321014e-03,1.794111682102084160e-03,-3.370304778218269348e-02,1.994242405891418457e+01
5.618930794298648834e-03,1.652627252042293549e-03,-3.501389548182487488e-02,1.994340419769287109e+01
7.749987766146659851e-03,1.188244321383535862e-03,-3.088431991636753082e-02,1.994751405715942383e+01
7.977765984833240509e-03,9.638773044571280479e-04,-3.194117173552513123e-02,1.995258212089538574e+01
8.214387111365795135e-03,6.776462541893124580e-04,-3.302114084362983704e-02,1.995754504203796387e+01
8.458802476525306702e-03,3.851274959743022919e-04,-3.418271243572235107e-02,1.996279120445251465e+01
8.711338043212890625e-03,6.427338666981086135e-05,-3.540207445621490479e-02,1.996758818626403809e+01
8.977414108812808990e-03,-3.033329267054796219e-04,-3.666109219193458557e-02,1.997258615493774414e+01
9.249994531273841858e-03,-6.981788319535553455e-04,-3.798466548323631287e-02,1.997751712799072266e+01
1.041473634541034698e-02,-2.527090546209365129e-04,-3.533880412578582764e-02,1.998253417015075684e+01
1.075935829430818558e-02,-6.654411554336547852e-04,-3.648403659462928772e-02,1.998765206336975098e+01
1.109390240162611008e-02,-1.174194971099495888e-03,-3.768677264451980591e-02,1.999263405799865723e+01
1.144622731953859329e-02,-1.687092124484479427e-03,-3.894334286451339722e-02,1.999765920639038086e+01
1.180473715066909790e-02,-2.242314163595438004e-03,-4.025761410593986511e-02,2.000264620780944824e+01
1.215713564306497574e-02,-2.861772431060671806e-03,-4.161167517304420471e-02,2.000766420364379883e+01
1.332936063408851624e-02,-2.242717426270246506e-03,-3.946763649582862854e-02,2.001264619827270508e+01
1.373618002980947495e-02,-2.874810015782713890e-03,-4.066137596964836121e-02,2.001765799522399902e+01
1.415801234543323517e-02,-3.602116834372282028e-03,-4.186994582414627075e-02,2.002264904975891113e+01
1.457781810313463211e-02,-4.358787089586257935e-03,-4.314040392637252808e-02,2.002782106399536133e+01
1.500254124402999878e-02,-5.170325282961130142e-03,-4.445321112871170044e-02,2.003278017044067383e+01
1.544228289276361465e-02,-6.050562486052513123e-03,-4.579180479049682617e-02,2.003794217109680176e+01
1.588523946702480316e-02,-6.986683234572410583e-03,-4.717385023832321167e-02,2.004267621040344238e+01
1.674835197627544403e-02,-3.219238249585032463e-03,-4.266020283102989197e-02,2.004767417907714844e+01
1.723733171820640564e-02,-3.897822927683591843e-03,-4.358990117907524109e-02,2.005280208587646484e+01
1.773343048989772797e-02,-4.629562608897686005e-03,-4.456766322255134583e-02,2.005780506134033203e+01
1.823833025991916656e-02,-5.426819436252117157e-03,-4.557221755385398865e-02,2.006287717819213867e+01
1.875117793679237366e-02,-6.295274477452039719e-03,-4.658854380249977112e-02,2.006799006462097168e+01
1.927255094051361084e-02,-7.228688336908817291e-03,-4.763373360037803650e-02,2.007280302047729492e+01
1.880070194602012634e-02,-4.562421701848506927e-03,-4.549592360854148865e-02,2.007784318923950195e+01
1.929558254778385162e-02,-5.354051012545824051e-03,-4.638120532035827637e-02,2.008280205726623535e+01
1.978757418692111969e-02,-6.193829234689474106e-03,-4.724030569195747375e-02,2.008787512779235840e+01
2.029051259160041809e-02,-7.115328218787908554e-03,-4.814457148313522339e-02,2.009278202056884766e+01
2.079856768250465393e-02,-8.104844018816947937e-03,-4.906756430864334106e-02,2.009785413742065430e+01
2.130649425089359283e-02,-9.143080562353134155e-03,-4.997407644987106323e-02,2.010270404815673828e+01
2.182122692465782166e-02,-1.024733670055866241e-02,-5.090098083019256592e-02,2.010771799087524414e+01
2.151182293891906738e-02,-6.733112037181854248e-03,-4.794270917773246765e-02,2.011270117759704590e+01
2.199218422174453735e-02,-7.549758069217205048e-03,-4.854865372180938721e-02,2.011786913871765137e+01
2.248107641935348511e-02,-8.433138020336627960e-03,-4.917652532458305359e-02,2.012283802032470703e+01
2.297413162887096405e-02,-9.363697841763496399e-03,-4.979716241359710693e-02,2.012812018394470215e+01
2.349455840885639191e-02,-1.031945180147886276e-02,-5.039006099104881287e-02,2.013285613059997559e+01
2.401435747742652893e-02,-1.133348420262336731e-02,-5.097986385226249695e-02,2.013789010047912598e+01
2.454391494393348694e-02,-1.239523477852344513e-02,-5.155760422348976135e-02,2.014291810989379883e+01
2.312956191599369049e-02,-6.992416922003030777e-03,-4.856463894248008728e-02,2.014788413047790527e+01
2.354449778795242310e-02,-7.650540210306644440e-03,-4.886894673109054565e-02,2.015286421775817871e+01
2.397252991795539856e-02,-8.354434743523597717e-03,-4.915829375386238098e-02,2.015786004066467285e+01
2.441272139549255371e-02,-9.102568030357360840e-03,-4.943558946251869202e-02,2.016308522224426270e+01
2.485520765185356140e-02,-9.851921349763870239e-03,-4.971808195114135742e-02,2.016779804229736328e+01
2.531280927360057831e-02,-1.065920293331146240e-02,-4.998911917209625244e-02,2.017282915115356445e+01
2.374552190303802490e-02,-6.580635905265808105e-03,-4.765906184911727905e-02,2.017776799201965332e+01
2.407124266028404236e-02,-7.019598502665758133e-03,-4.769600182771682739e-02,2.018279600143432617e+01
2.439956180751323700e-02,-7.521766703575849533e-03,-4.773491248488426208e-02,2.018778800964355469e+01
2.474155649542808533e-02,-8.050529286265373230e-03,-4.776059091091156006e-02,2.019281315803527832e+01
2.510139532387256622e-02,-8.581592701375484467e-03,-4.776465147733688354e-02,2.019797801971435547e+01
2.547436393797397614e-02,-9.142857976257801056e-03,-4.775527119636535645e-02,2.020293807983398438e+01
2.586236409842967987e-02,-9.724074043333530426e-03,-4.772826284170150757e-02,2.020802021026611328e+01
2.376912161707878113e-02,-5.282041616737842560e-03,-4.508835449814796448e-02,2.021294713020324707e+01
2.398790791630744934e-02,-5.551197100430727005e-03,-4.488732665777206421e-02,2.021831011772155762e+01
2.422321774065494537e-02,-5.834653042256832123e-03,-4.467549920082092285e-02,2.022295618057250977e+01
2.449841797351837158e-02,-6.120195612311363220e-03,-4.447813704609870911e-02,2.022821998596191406e+01
2.478787489235401154e-02,-6.416551303118467331e-03,-4.425837099552154541e-02,2.023296117782592773e+01
2.510156482458114624e-02,-6.715722847729921341e-03,-4.402693733572959900e-02,2.023799014091491699e+01
2.543922886252403259e-02,-7.017362862825393677e-03,-4.378514364361763000e-02,2.024307203292846680e+01
2.174521796405315399e-02,-2.865693299099802971e-03,-4.093649983406066895e-02,2.024805617332458496e+01
2.181210927665233612e-02,-2.903915243223309517e-03,-4.053467139601707458e-02,2.025298905372619629e+01
2.190266363322734833e-02,-2.950179157778620720e-03,-4.012721031904220581e-02,2.025826501846313477e+01
2.192416787147521973e-02,-2.790493890643119812e-03,-4.005649313330650330e-02,2.026321816444396973e+01
2.202816680073738098e-02,-2.782021183520555496e-03,-3.975721448659896851e-02,2.026827120780944824e+01
2.214936353266239166e-02,-2.768842037767171860e-03,-3.947456553578376770e-02,2.027311301231384277e+01
1.998730376362800598e-02,-1.181463827379047871e-03,-3.763689845800399780e-02,2.027818322181701660e+01
1.989964582026004791e-02,-1.033333363011479378e-03,-3.730691969394683838e-02,2.028312516212463379e+01
1.982538029551506042e-02,-8.762872312217950821e-04,-3.699294105172157288e-02,2.028819608688354492e+01
1.975248754024505615e-02,-7.139962981455028057e-04,-3.666472062468528748e-02,2.029323005676269531e+01
1.969718746840953827e-02,-5.371035076677799225e-04,-3.636407852172851562e-02,2.029852199554443359e+01
1.965316198766231537e-02,-3.493074036668986082e-04,-3.607417643070220947e-02,2.030316400527954102e+01
1.737664267420768738e-02,-1.127315626945346594e-04,-3.507222980260848999e-02,2.030828809738159180e+01
1.703523285686969757e-02,5.917075759498402476e-05,-3.476889431476593018e-02,2.031308603286743164e+01
1.668665744364261627e-02,2.365486725466325879e-04,-3.447826951742172241e-02,2.031814408302307129e+01
1.683898083865642548e-02,5.294242291711270809e-04,-3.413813188672065735e-02,2.032331013679504395e+01
1.662502437829971313e-02,7.542347302660346031e-04,-3.385153040289878845e-02,2.032873320579528809e+01
1.642524264752864838e-02,9.913723915815353394e-04,-3.358418121933937073e-02,2.033329510688781738e+01
1.623992249369621277e-02,1.242205034941434860e-03,-3.333423286676406860e-02,2.033826708793640137e+01
1.393654104322195053e-02,4.980012308806180954e-04,-3.317141532897949219e-02,2.034327101707458496e+01
1.353864930570125580e-02,6.526224897243082523e-04,-3.295272961258888245e-02,2.034830403327941895e+01
1.315528154373168945e-02,8.163477177731692791e-04,-3.274640813469886780e-02,2.035323715209960938e+01
1.274502463638782501e-02,9.751162142492830753e-04,-3.254685178399085999e-02,2.035826516151428223e+01
1.236388552933931351e-02,1.141397631727159023e-03,-3.236328437924385071e-02,2.036335611343383789e+01
1.198918651789426804e-02,1.311184489168226719e-03,-3.219231590628623962e-02,2.036833500862121582e+01
1.161947660148143768e-02,1.471366267651319504e-03,-3.204435110092163086e-02,2.037321114540100098e+01
1.103283278644084930e-02,8.980861748568713665e-04,-3.231426700949668884e-02,2.037832212448120117e+01
1.062173489481210709e-02,1.005631173029541969e-03,-3.221593052148818970e-02,2.038328218460083008e+01
1.022996287792921066e-02,1.102370559237897396e-03,-3.209502622485160828e-02,2.038843321800231934e+01
9.842230007052421570e-03,1.203182851895689964e-03,-3.199660032987594604e-02,2.039334511756896973e+01
9.464466944336891174e-03,1.303012017160654068e-03,-3.190235421061515808e-02,2.039840006828308105e+01
9.081535041332244873e-03,1.414516125805675983e-03,-3.174783661961555481e-02,2.040323400497436523e+01
8.709558285772800446e-03,1.523528015241026878e-03,-3.161488473415374756e-02,2.040836310386657715e+01
8.167865686118602753e-03,1.110636047087609768e-03,-3.191673755645751953e-02,2.041338706016540527e+01
7.775546051561832428e-03,1.204375992529094219e-03,-3.178289532661437988e-02,2.041848516464233398e+01
7.396080065518617630e-03,1.305314828641712666e-03,-3.156903013586997986e-02,2.042335700988769531e+01
7.017420604825019836e-03,1.404401380568742752e-03,-3.138152137398719788e-02,2.042861509323120117e+01
6.644599139690399170e-03,1.506614615209400654e-03,-3.117692656815052032e-02,2.043340110778808594e+01
6.258404813706874847e-03,1.570354448631405830e-03,-3.096202388405799866e-02,2.043845319747924805e+01
5.881138611584901810e-03,1.644279342144727707e-03,-3.072859719395637512e-02,2.044337105751037598e+01
5.873704794794321060e-03,-2.607281203381717205e-04,-3.241522982716560364e-02,2.044847702980041504e+01
5.421233829110860825e-03,-3.205886750947684050e-04,-3.223469108343124390e-02,2.045338606834411621e+01
4.986305255442857742e-03,-3.767661692108958960e-04,-3.204954043030738831e-02,2.045848107337951660e+01
4.543387331068515778e-03,-4.477433394640684128e-04,-3.184898197650909424e-02,2.046364521980285645e+01
4.082069732248783112e-03,-5.408808356150984764e-04,-3.160735592246055603e-02,2.046845221519470215e+01
3.615198191255331039e-03,-6.464949692599475384e-04,-3.134977817535400391e-02,2.047347617149353027e+01
4.125174134969711304e-03,-1.405759481713175774e-03,-3.255971521139144897e-02,2.047873520851135254e+01
3.634650493040680885e-03,-1.563167199492454529e-03,-3.227661922574043274e-02,2.048351311683654785e+01
3.137199440971016884e-03,-1.723541645333170891e-03,-3.197707980871200562e-02,2.048854517936706543e+01
2.629229100421071053e-03,-1.904410077258944511e-03,-3.163747861981391907e-02,2.049343705177307129e+01
2.110535977408289909e-03,-2.103457693010568619e-03,-3.126142174005508423e-02,2.049858713150024414e+01
1.599234761670231819e-03,-2.337040845304727554e-03,-3.081759437918663025e-02,2.050343918800354004e+01
1.070837955921888351e-03,-2.579124644398689270e-03,-3.035197779536247253e-02,2.050850510597229004e+01
1.538059790618717670e-03,-2.042950829491019249e-03,-3.150989487767219543e-02,2.051346707344055176e+01
1.044750795699656010e-03,-2.217262284830212593e-03,-3.098661638796329498e-02,2.051839518547058105e+01
5.408689030446112156e-04,-2.432977780699729919e-03,-3.044456243515014648e-02,2.052343320846557617e+01
2.997368574142456055e-05,-2.666491316631436348e-03,-2.984765730798244476e-02,2.052876520156860352e+01
-5.012847250327467918e-04,-2.943914616480469704e-03,-2.918395027518272400e-02,2.053356719017028809e+01
-1.037044916301965714e-03,-3.232695627957582474e-03,-2.846847847104072571e-02,2.053840208053588867e+01
-1.246345927938818932e-03,-1.436308841221034527e-03,-3.015419468283653259e-02,2.054356312751770020e+01
-1.823102938942611217e-03,-1.631765393540263176e-03,-2.955888211727142334e-02,2.054862618446350098e+01
-2.403222257271409035e-03,-1.839782926253974438e-03,-2.889128401875495911e-02,2.055360102653503418e+01
-2.995682880282402039e-03,-2.075800905004143715e-03,-2.817612886428833008e-02,2.055867505073547363e+01
-3.557094605639576912e-03,-2.312110038474202156e-03,-2.741245925426483154e-02,2.056356120109558105e+01
-4.137015435844659805e-03,-2.577220788225531578e-03,-2.659911103546619415e-02,2.056866002082824707e+01
-4.716935567557811737e-03,-2.858105115592479706e-03,-2.573508955538272858e-02,2.057353115081787109e+01
-5.101737100630998611e-03,-1.084667630493640900e-03,-2.695803716778755188e-02,2.057865810394287109e+01
-5.622024647891521454e-03,-1.218937453813850880e-03,-2.614382468163967133e-02,2.058354020118713379e+01
-6.135810166597366333e-03,-1.360431429930031300e-03,-2.528133988380432129e-02,2.058853721618652344e+01
-6.641626823693513870e-03,-1.509838853962719440e-03,-2.436728961765766144e-02,2.059383106231689453e+01
-7.160532753914594650e-03,-1.672015758231282234e-03,-2.341105975210666656e-02,2.059869718551635742e+01
-7.663332391530275345e-03,-1.841103658080101013e-03,-2.239276655018329620e-02,2.060351705551147461e+01
-8.161405101418495178e-03,-2.021881286054849625e-03,-2.132162079215049744e-02,2.060851812362670898e+01
-8.414299227297306061e-03,-1.370447280351072550e-04,-2.342165261507034302e-02,2.061367702484130859e+01
-8.891902863979339600e-03,-1.651279308134689927e-04,-2.248726785182952881e-02,2.061871004104614258e+01
-9.370401501655578613e-03,-1.935670588864013553e-04,-2.150493115186691284e-02,2.062371420860290527e+01
-9.825940243899822235e-03,-1.958150678547099233e-04,-2.046315371990203857e-02,2.062893700599670410e+01
-1.028436422348022461e-02,-1.995341153815388680e-04,-1.937144808471202850e-02,2.063373208045959473e+01
-1.073535531759262085e-02,-1.942326052812859416e-04,-1.822471432387828827e-02,2.063875412940979004e+01
-1.019302662461996078e-02,1.186652807518839836e-03,-2.157037146389484406e-02,2.064374303817749023e+01
-1.053593680262565613e-02,1.292454195208847523e-03,-2.064593322575092316e-02,2.064877009391784668e+01
-1.087022572755813599e-02,1.403627451509237289e-03,-1.967065222561359406e-02,2.065373516082763672e+01
-1.120587717741727829e-02,1.509187393821775913e-03,-1.865214668214321136e-02,2.065875506401062012e+01
-1.153299584984779358e-02,1.617299742065370083e-03,-1.757980510592460632e-02,2.066386699676513672e+01
-1.185393426567316055e-02,1.727650407701730728e-03,-1.645684055984020233e-02,2.067392420768737793e+01
-1.216762419790029526e-02,1.841047895140945911e-03,-1.528233848512172699e-02,2.067497110366821289e+01
-1.255451887845993042e-02,1.709670643322169781e-03,-1.836578175425529480e-02,2.067899703979492188e+01
-1.288258284330368042e-02,1.762381172738969326e-03,-1.740440912544727325e-02,2.068390417098999023e+01
-1.321239769458770752e-02,1.810287940315902233e-03,-1.639432460069656372e-02,2.068893098831176758e+01
-1.353928167372941971e-02,1.798819052055478096e-03,-1.542993355542421341e-02,2.069419503211975098e+01
-1.387050934135913849e-02,1.804826082661747932e-03,-1.438049226999282837e-02,2.069906902313232422e+01
-1.420269161462783813e-02,1.796220894902944565e-03,-1.329646445810794830e-02,2.070390200614929199e+01
-1.453511230647563934e-02,1.751527772285044193e-03,-1.219908986240625381e-02,2.070896911621093750e+01
-1.535402331501245499e-02,1.673222403042018414e-03,-1.589044928550720215e-02,2.071393108367919922e+01
-1.569070108234882355e-02,1.603985088877379894e-03,-1.508379168808460236e-02,2.071893715858459473e+01
-1.600817590951919556e-02,1.574353198520839214e-03,-1.419391948729753494e-02,2.072388410568237305e+01
-1.633275300264358521e-02,1.506993081420660019e-03,-1.329455152153968811e-02,2.072920012474060059e+01
-1.665429770946502686e-02,1.432715915143489838e-03,-1.235920190811157227e-02,2.073385310173034668e+01
-1.697682961821556091e-02,1.340899500064551830e-03,-1.135133579373359680e-02,2.073889708518981934e+01
-1.780324429273605347e-02,2.010012511163949966e-03,-1.513257902115583420e-02,2.074385619163513184e+01
-1.813179813325405121e-02,1.954485429450869560e-03,-1.437153108417987823e-02,2.074888920783996582e+01
-1.851272955536842346e-02,1.892432337626814842e-03,-1.351868174970149994e-02,2.075424504280090332e+01
-1.887475885450839996e-02,1.815405674278736115e-03,-1.263748109340667725e-02,2.075895500183105469e+01
-1.924503408372402191e-02,1.726699410937726498e-03,-1.170116011053323746e-02,2.076417016983032227e+01
-1.962295919656753540e-02,1.628073630854487419e-03,-1.070752553641796112e-02,2.076903200149536133e+01
-2.003532461822032928e-02,1.565358950756490231e-03,-9.701127186417579651e-03,2.077394914627075195e+01
-2.103067375719547272e-02,2.463158452883362770e-03,-1.424321066588163376e-02,2.077900719642639160e+01
-2.147116698324680328e-02,2.474877517670392990e-03,-1.360904145985841751e-02,2.078405499458312988e+01
-2.191280573606491089e-02,2.485511591657996178e-03,-1.301357429474592209e-02,2.078895711898803711e+01
-2.237132750451564789e-02,2.490660408511757851e-03,-1.233818009495735168e-02,2.079423904418945312e+01
-2.284082956612110138e-02,2.490672050043940544e-03,-1.162904966622591019e-02,2.079911518096923828e+01
-2.326836623251438141e-02,2.497728681191802025e-03,-1.090976502746343613e-02,2.080404305458068848e+01
-2.385015971958637238e-02,2.955075120553374290e-03,-1.320681255310773849e-02,2.080897521972656250e+01
-2.426376193761825562e-02,3.005169099196791649e-03,-1.265868637710809708e-02,2.081399106979370117e+01
-2.452503889799118042e-02,3.105760784819722176e-03,-1.204870361834764481e-02,2.081933212280273438e+01
-2.483139745891094208e-02,3.194807795807719231e-03,-1.142441574484109879e-02,2.082417106628417969e+01
-2.510524354875087738e-02,3.296138020232319832e-03,-1.076511573046445847e-02,2.082928419113159180e+01
-2.530181221663951874e-02,3.422588808462023735e-03,-1.003310550004243851e-02,2.083411407470703125e+01
-2.547273226082324982e-02,3.559574251994490623e-03,-9.275815449655056000e-03,2.083916711807250977e+01
-2.640073560178279877e-02,3.396061714738607407e-03,-1.310195028781890869e-02,2.084415602684020996e+01
-2.650348283350467682e-02,3.539121942594647408e-03,-1.256365980952978134e-02,2.084915900230407715e+01
-2.665878832340240479e-02,3.648685757070779800e-03,-1.194872893393039703e-02,2.085412311553955078e+01
-2.672762610018253326e-02,3.798217978328466415e-03,-1.130844093859195709e-02,2.085918998718261719e+01
-2.676569856703281403e-02,3.957560285925865173e-03,-1.062270253896713257e-02,2.086428713798522949e+01
-2.685882896184921265e-02,4.096716176718473434e-03,-9.926029480993747711e-03,2.086919212341308594e+01
-2.781272679567337036e-02,3.175069810822606087e-03,-1.374869979918003082e-02,2.087410020828247070e+01
-2.793238125741481781e-02,3.234273754060268402e-03,-1.329328492283821106e-02,2.087928915023803711e+01
-2.814549393951892853e-02,3.257759148254990578e-03,-1.286107767373323441e-02,2.088428616523742676e+01
-2.831462211906909943e-02,3.293800866231322289e-03,-1.236926298588514328e-02,2.088929200172424316e+01
-2.849434502422809601e-02,3.323254641145467758e-03,-1.185054518282413483e-02,2.089430403709411621e+01
-2.865738049149513245e-02,3.336182795464992523e-03,-1.132325828075408936e-02,2.089941716194152832e+01
-2.883462794125080109e-02,3.344654571264982224e-03,-1.076449081301689148e-02,2.090427899360656738e+01
-2.827910147607326508e-02,2.652054419741034508e-03,-1.523971837013959885e-02,2.090921807289123535e+01
-2.823825366795063019e-02,2.583697205409407616e-03,-1.505933701992034912e-02,2.091420817375183105e+01
-2.823496423661708832e-02,2.511220984160900116e-03,-1.485317014157772064e-02,2.091921615600585938e+01
-2.821411006152629852e-02,2.429466694593429565e-03,-1.461726054549217224e-02,2.092421603202819824e+01
-2.817581221461296082e-02,2.338065998628735542e-03,-1.435229927301406860e-02,2.092950916290283203e+01
-2.814810723066329956e-02,2.249752636998891830e-03,-1.406915951520204544e-02,2.093422317504882812e+01
-2.809390425682067871e-02,2.150332089513540268e-03,-1.375683862715959549e-02,2.093915414810180664e+01
-2.822747826576232910e-02,2.176873618736863136e-03,-1.675743795931339264e-02,2.094428420066833496e+01
-2.820286154747009277e-02,2.155287889763712883e-03,-1.663525588810443878e-02,2.094914913177490234e+01
-2.813722006976604462e-02,2.097864635288715363e-03,-1.647935807704925537e-02,2.095433115959167480e+01
-2.807073667645454407e-02,2.041177824139595032e-03,-1.629783958196640015e-02,2.095934915542602539e+01
-2.802965417504310608e-02,2.001474611461162567e-03,-1.612749882042407990e-02,2.096435999870300293e+01
-2.798368595540523529e-02,1.961922040209174156e-03,-1.592331752181053162e-02,2.096926522254943848e+01
-2.789802290499210358e-02,2.027161419391632080e-03,-1.861385256052017212e-02,2.097438716888427734e+01
-2.777794934809207916e-02,2.031820826232433319e-03,-1.864970475435256958e-02,2.097942209243774414e+01
-2.768467366695404053e-02,2.044089138507843018e-03,-1.865294203162193298e-02,2.098445415496826172e+01
-2.758774533867835999e-02,2.063139807432889938e-03,-1.865000277757644653e-02,2.098943114280700684e+01
-2.748843654990196228e-02,2.117136726155877113e-03,-1.864051260054111481e-02,2.099441719055175781e+01
-2.738471701741218567e-02,2.172654494643211365e-03,-1.862235739827156067e-02,2.099935603141784668e+01
-2.727729082107543945e-02,2.241803798824548721e-03,-1.859642192721366882e-02,2.100436305999755859e+01
-2.703589014708995819e-02,1.798723940737545490e-03,-2.126412838697433472e-02,2.100940299034118652e+01
-2.687951922416687012e-02,1.892260857857763767e-03,-2.138460241258144379e-02,2.101434421539306641e+01
-2.671742998063564301e-02,2.003167290240526199e-03,-2.149262093007564545e-02,2.101946520805358887e+01
-2.654951252043247223e-02,2.130059525370597839e-03,-2.158804424107074738e-02,2.102447819709777832e+01
-2.637835033237934113e-02,2.255313331261277199e-03,-2.166673727333545685e-02,2.102958416938781738e+01
-2.620119601488113403e-02,2.405123785138130188e-03,-2.173321135342121124e-02,2.103441500663757324e+01
-2.601890079677104950e-02,2.568134572356939316e-03,-2.178345434367656708e-02,2.103944420814514160e+01
-2.588012255728244781e-02,9.056878625415265560e-04,-2.586065419018268585e-02,2.104444813728332520e+01
-2.566890418529510498e-02,9.661177755333483219e-04,-2.619322016835212708e-02,2.104937815666198730e+01
-2.545538358390331268e-02,1.043362542986869812e-03,-2.651184424757957458e-02,2.105445909500122070e+01
-2.525612153112888336e-02,1.150097697973251343e-03,-2.683850005269050598e-02,2.105946922302246094e+01
-2.505265176296234131e-02,1.267289160750806332e-03,-2.715297415852546692e-02,2.106453299522399902e+01
-2.485262043774127960e-02,1.400490175001323223e-03,-2.746285870671272278e-02,2.106947207450866699e+01
-2.485403232276439667e-02,3.820508936769329011e-05,-3.023078106343746185e-02,2.107456898689270020e+01
-2.464988082647323608e-02,9.839663835009559989e-05,-3.073314577341079712e-02,2.107953405380249023e+01
-2.444869093596935272e-02,1.759090810082852840e-04,-3.123065643012523651e-02,2.108461904525756836e+01
-2.413149364292621613e-02,2.006393187912181020e-04,-3.173508867621421814e-02,2.108968400955200195e+01
-2.388766594231128693e-02,2.767236437648534775e-04,-3.223261609673500061e-02,2.109469008445739746e+01
-2.363696880638599396e-02,3.605908714234828949e-04,-3.272577747702598572e-02,2.109964609146118164e+01
-2.338025160133838654e-02,4.548297147266566753e-04,-3.321763128042221069e-02,2.110462212562561035e+01
-2.296569198369979858e-02,-1.334198284894227982e-03,-3.612411394715309143e-02,2.110964703559875488e+01
-2.263589017093181610e-02,-1.356057473458349705e-03,-3.678992763161659241e-02,2.111463403701782227e+01
-2.229039184749126434e-02,-1.369743025861680508e-03,-3.745122253894805908e-02,2.111964607238769531e+01
-2.192972227931022644e-02,-1.395498868077993393e-03,-3.811244666576385498e-02,2.112465500831604004e+01
-2.155274339020252228e-02,-1.405998598784208298e-03,-3.876795992255210876e-02,2.112992215156555176e+01
-2.115936949849128723e-02,-1.411330536939203739e-03,-3.941825404763221741e-02,2.113461613655090332e+01
-2.075229771435260773e-02,-1.442046137526631355e-03,-4.006050154566764832e-02,2.113960218429565430e+01
-2.072183042764663696e-02,-3.273731097579002380e-03,-4.313561692833900452e-02,2.114464902877807617e+01
-2.030848525464534760e-02,-3.430559299886226654e-03,-4.395484551787376404e-02,2.114965105056762695e+01
-1.986087486147880554e-02,-3.601669566705822945e-03,-4.476251825690269470e-02,2.115477705001831055e+01
-1.940521039068698883e-02,-3.773398464545607567e-03,-4.557069391012191772e-02,2.115978002548217773e+01
-1.893109455704689026e-02,-3.950382117182016373e-03,-4.637494310736656189e-02,2.116478919982910156e+01
-1.842098310589790344e-02,-4.139048978686332703e-03,-4.716004058718681335e-02,2.116982221603393555e+01
-1.803507469594478607e-02,-5.096295848488807678e-03,-4.930977895855903625e-02,2.117473006248474121e+01
-1.749132759869098663e-02,-5.349765997380018234e-03,-5.021883919835090637e-02,2.117978405952453613e+01
-1.692393235862255096e-02,-5.657829809933900833e-03,-5.109022557735443115e-02,2.118515920639038086e+01
-1.633486337959766388e-02,-5.960817914456129074e-03,-5.196600779891014099e-02,2.118978500366210938e+01
-1.572187617421150208e-02,-6.279860623180866241e-03,-5.282920598983764648e-02,2.119489216804504395e+01
-1.508586294949054718e-02,-6.616440135985612869e-03,-5.367590487003326416e-02,2.119976902008056641e+01
-1.448129024356603622e-02,-6.946452893316745758e-03,-5.450800433754920959e-02,2.120475101470947266e+01
-1.420133467763662338e-02,-7.110957987606525421e-03,-5.613530799746513367e-02,2.120978808403015137e+01
-1.358615048229694366e-02,-7.431914098560810089e-03,-5.701914057135581970e-02,2.121477508544921875e+01
-1.303065661340951920e-02,-7.747036870568990707e-03,-5.786637589335441589e-02,2.121990919113159180e+01
-1.243635825812816620e-02,-8.084157481789588928e-03,-5.871197581291198730e-02,2.122469711303710938e+01
-1.184210553765296936e-02,-8.431035093963146210e-03,-5.954279378056526184e-02,2.123005199432373047e+01
-1.126409042626619339e-02,-8.779074065387248993e-03,-6.033218279480934143e-02,2.123470115661621094e+01
-1.060647796839475632e-02,-8.620898239314556122e-03,-6.137688830494880676e-02,2.123987913131713867e+01
-1.003096904605627060e-02,-8.925621397793292999e-03,-6.213698163628578186e-02,2.124487805366516113e+01
-9.440483525395393372e-03,-9.206028655171394348e-03,-6.284347921609878540e-02,2.124990701675415039e+01
-8.861456997692584991e-03,-9.506176225841045380e-03,-6.352711468935012817e-02,2.125483107566833496e+01
-8.283142931759357452e-03,-9.810079820454120636e-03,-6.417578458786010742e-02,2.126008415222167969e+01
-7.685027550905942917e-03,-1.010971143841743469e-02,-6.480661779642105103e-02,2.126486611366271973e+01
-7.091234438121318817e-03,-1.041193585842847824e-02,-6.540505588054656982e-02,2.126982998847961426e+01
-6.883838213980197906e-03,-1.025249436497688293e-02,-6.640098989009857178e-02,2.127486705780029297e+01
-6.298057269304990768e-03,-1.049878355115652084e-02,-6.699625402688980103e-02,2.127990818023681641e+01
-5.680521018803119659e-03,-1.073092408478260040e-02,-6.757728755474090576e-02,2.128483104705810547e+01
-5.070229526609182358e-03,-1.096813008189201355e-02,-6.812424957752227783e-02,2.128991818428039551e+01
-4.451287444680929184e-03,-1.120337471365928650e-02,-6.864722818136215210e-02,2.129507803916931152e+01
-3.795065917074680328e-03,-1.141788624227046967e-02,-6.911783665418624878e-02,2.130007505416870117e+01
-3.134536556899547577e-03,-1.163396984338760376e-02,-6.956832110881805420e-02,2.130500006675720215e+01
-3.254531417042016983e-03,-1.128376927226781845e-02,-6.953370571136474609e-02,2.131005215644836426e+01
-2.593196695670485497e-03,-1.142425835132598877e-02,-6.987417489290237427e-02,2.131503701210021973e+01
-1.915842411108314991e-03,-1.155888102948665619e-02,-7.018089294433593750e-02,2.132011318206787109e+01
-1.221810700371861458e-03,-1.168610434979200363e-02,-7.045575231313705444e-02,2.132499504089355469e+01
-5.540223210118710995e-04,-1.181875821202993393e-02,-7.073359191417694092e-02,2.133018207550048828e+01
1.365215139230713248e-04,-1.194275822490453720e-02,-7.097121328115463257e-02,2.133500313758850098e+01
-5.715037696063518524e-04,-1.193763501942157745e-02,-7.114872336387634277e-02,2.134006810188293457e+01
2.345850589335896075e-05,-1.200885325670242310e-02,-7.131808996200561523e-02,2.134496307373046875e+01
6.221995572559535503e-04,-1.208595559000968933e-02,-7.147979736328125000e-02,2.134999608993530273e+01
1.223413972184062004e-03,-1.215712912380695343e-02,-7.161704450845718384e-02,2.135493516921997070e+01
1.827787025831639767e-03,-1.222013030201196671e-02,-7.172631472349166870e-02,2.136015105247497559e+01
2.477121539413928986e-03,-1.225941907614469528e-02,-7.176877558231353760e-02,2.136506414413452148e+01
3.116528503596782684e-03,-1.229347847402095795e-02,-7.179789245128631592e-02,2.137011313438415527e+01
2.458706032484769821e-03,-1.231185253709554672e-02,-7.158149778842926025e-02,2.137509512901306152e+01
3.121960675343871117e-03,-1.233816426247358322e-02,-7.152169197797775269e-02,2.138015198707580566e+01
3.752150805667042732e-03,-1.234128978103399277e-02,-7.142861932516098022e-02,2.138509416580200195e+01
4.408449400216341019e-03,-1.233989559113979340e-02,-7.130634039640426636e-02,2.139002013206481934e+01
5.086652468889951706e-03,-1.235479395836591721e-02,-7.120780646800994873e-02,2.139533710479736328e+01
5.792637821286916733e-03,-1.236033719033002853e-02,-7.106801122426986694e-02,2.140015220642089844e+01
6.523886229842901230e-03,-1.236504223197698593e-02,-7.091038674116134644e-02,2.140510106086730957e+01
5.596769042313098907e-03,-1.264784298837184906e-02,-7.091662287712097168e-02,2.141010904312133789e+01
6.227760110050439835e-03,-1.267486810684204102e-02,-7.075881212949752808e-02,2.141509819030761719e+01
6.872411351650953293e-03,-1.270410884171724319e-02,-7.058670371770858765e-02,2.142016100883483887e+01
7.528508547693490982e-03,-1.272001117467880249e-02,-7.034171372652053833e-02,2.142506814002990723e+01
8.199060335755348206e-03,-1.274243555963039398e-02,-7.009485363960266113e-02,2.143020915985107422e+01
8.882271125912666321e-03,-1.276285666972398758e-02,-6.982021778821945190e-02,2.143507003784179688e+01
7.606175728142261505e-03,-1.221332419663667679e-02,-6.813857704401016235e-02,2.144037413597106934e+01
8.166084066033363342e-03,-1.212881971150636673e-02,-6.759323924779891968e-02,2.144515609741210938e+01
8.747059851884841919e-03,-1.203771773725748062e-02,-6.699031591415405273e-02,2.145007300376892090e+01
9.348120540380477905e-03,-1.194174960255622864e-02,-6.633625179529190063e-02,2.145517706871032715e+01
9.916806593537330627e-03,-1.184061542153358459e-02,-6.563368439674377441e-02,2.146026015281677246e+01
1.054458972066640854e-02,-1.177472900599241257e-02,-6.483595073223114014e-02,2.146517205238342285e+01
1.116473227739334106e-02,-1.169956661760807037e-02,-6.401934474706649780e-02,2.147028613090515137e+01
9.766088798642158508e-03,-1.125608198344707489e-02,-6.267245858907699585e-02,2.147520399093627930e+01
9.868347086012363434e-03,-1.106674876064062119e-02,-6.162941083312034607e-02,2.148032212257385254e+01
9.884453378617763519e-03,-1.086838264018297195e-02,-6.050295010209083557e-02,2.148544621467590332e+01
1.040272880345582962e-02,-1.057469286024570465e-02,-5.906327068805694580e-02,2.149032902717590332e+01
1.062743086367845535e-02,-1.026597805321216583e-02,-5.762702599167823792e-02,2.149543499946594238e+01
1.087352726608514786e-02,-9.920204058289527893e-03,-5.605436116456985474e-02,2.150036811828613281e+01
1.112572848796844482e-02,-9.685375727713108063e-03,-5.479148402810096741e-02,2.150533199310302734e+01
1.028101611882448196e-02,-9.046358987689018250e-03,-5.350656434893608093e-02,2.151038217544555664e+01
1.053578965365886688e-02,-8.769775740802288055e-03,-5.224098637700080872e-02,2.151528620719909668e+01
1.095112040638923645e-02,-8.439263328909873962e-03,-5.147774145007133484e-02,2.152024507522583008e+01
1.132933702319860458e-02,-8.162084035575389862e-03,-5.057706311345100403e-02,2.152531909942626953e+01
1.174792088568210602e-02,-7.898850366473197937e-03,-4.977943748235702515e-02,2.153034114837646484e+01
1.220649760216474533e-02,-7.650103885680437088e-03,-4.908715933561325073e-02,2.153522706031799316e+01
1.120365317910909653e-02,-6.097843404859304428e-03,-4.447117447853088379e-02,2.154024600982666016e+01
1.168481539934873581e-02,-5.385495256632566452e-03,-4.397417977452278137e-02,2.154530811309814453e+01
1.221113745123147964e-02,-4.603610839694738388e-03,-4.364283382892608643e-02,2.155019998550415039e+01
1.263258047401905060e-02,-3.768976312130689621e-03,-4.391231760382652283e-02,2.155531311035156250e+01
1.316026039421558380e-02,-2.853016601875424385e-03,-4.417942836880683899e-02,2.156045603752136230e+01
1.371048018336296082e-02,-1.874950830824673176e-03,-4.467594251036643982e-02,2.156543898582458496e+01
1.436004508286714554e-02,-1.184881664812564850e-03,-4.508833959698677063e-02,2.157034206390380859e+01
1.497521996498107910e-02,-5.620248150080442429e-03,-3.984571620821952820e-02,2.157535815238952637e+01
1.571297086775302887e-02,-5.273788701742887497e-03,-4.025200754404067993e-02,2.158034014701843262e+01
1.628888398408889771e-02,-4.405556712299585342e-03,-4.009281843900680542e-02,2.158544111251831055e+01
1.698073185980319977e-02,-3.763031214475631714e-03,-4.033288359642028809e-02,2.159034609794616699e+01
1.767853647470474243e-02,-3.047097241505980492e-03,-4.059125483036041260e-02,2.159560298919677734e+01
1.830675080418586731e-02,-2.389238215982913971e-03,-4.075184091925621033e-02,2.160034704208374023e+01
1.895081624388694763e-02,-1.636341796256601810e-03,-4.095394164323806763e-02,2.160544013977050781e+01
2.135006152093410492e-02,-8.236042223870754242e-03,-4.118179902434349060e-02,2.161035013198852539e+01
2.214923314750194550e-02,-8.066363632678985596e-03,-4.138903692364692688e-02,2.161543822288513184e+01
2.298006601631641388e-02,-8.581525646150112152e-03,-4.187142103910446167e-02,2.162040209770202637e+01
2.377082034945487976e-02,-8.746393956243991852e-03,-4.222270101308822632e-02,2.162542915344238281e+01
2.455032989382743835e-02,-8.978583849966526031e-03,-4.260536283254623413e-02,2.163065409660339355e+01
2.530970424413681030e-02,-9.110416285693645477e-03,-4.290059581398963928e-02,2.163546204566955566e+01
2.497681789100170135e-02,-1.034322287887334824e-02,-4.249181225895881653e-02,2.164043998718261719e+01
2.564236894249916077e-02,-1.049266569316387177e-02,-4.268603771924972534e-02,2.164558815956115723e+01
2.596759423613548279e-02,-1.049568783491849899e-02,-4.262909665703773499e-02,2.165062808990478516e+01
2.640794217586517334e-02,-1.056585554033517838e-02,-4.267476871609687805e-02,2.165560221672058105e+01
2.678185887634754181e-02,-1.061610784381628036e-02,-4.267895966768264771e-02,2.166079115867614746e+01
2.709566429257392883e-02,-1.076916977763175964e-02,-4.270150512456893921e-02,2.166563320159912109e+01
2.734191715717315674e-02,-1.089059095829725266e-02,-4.267676174640655518e-02,2.167066407203674316e+01
2.535132504999637604e-02,-1.190409902483224869e-02,-4.446838423609733582e-02,2.167562913894653320e+01
2.535547874867916107e-02,-1.210582815110683441e-02,-4.460247978568077087e-02,2.168072700500488281e+01
2.527725882828235626e-02,-1.233663037419319153e-02,-4.469683766365051270e-02,2.168560600280761719e+01
2.514411881566047668e-02,-1.258542854338884354e-02,-4.478184506297111511e-02,2.169068002700805664e+01
2.503758482635021210e-02,-1.285544876009225845e-02,-4.491459950804710388e-02,2.169589400291442871e+01
2.486378699541091919e-02,-1.314166933298110962e-02,-4.503120481967926025e-02,2.170073819160461426e+01
2.465794049203395844e-02,-1.344474684447050095e-02,-4.515541717410087585e-02,2.170561909675598145e+01
2.310295775532722473e-02,-1.264993567019701004e-02,-4.515857994556427002e-02,2.171071219444274902e+01
2.266276441514492035e-02,-1.288548670709133148e-02,-4.529817402362823486e-02,2.171575117111206055e+01
2.224270813167095184e-02,-1.312983594834804535e-02,-4.544353485107421875e-02,2.172079920768737793e+01
2.177271246910095215e-02,-1.339408569037914276e-02,-4.559695348143577576e-02,2.172578811645507812e+01
2.124724537134170532e-02,-1.363529171794652939e-02,-4.567780345678329468e-02,2.173087120056152344e+01
2.067208476364612579e-02,-1.390281692147254944e-02,-4.578016698360443115e-02,2.173573398590087891e+01
1.825482957065105438e-02,-1.268437504768371582e-02,-4.548572376370429993e-02,2.174082803726196289e+01
1.752779632806777954e-02,-1.277225743979215622e-02,-4.545477777719497681e-02,2.174576616287231445e+01
1.673182658851146698e-02,-1.288242824375629425e-02,-4.541838914155960083e-02,2.175081801414489746e+01
1.589387282729148865e-02,-1.299234200268983841e-02,-4.535283148288726807e-02,2.175566601753234863e+01
1.501113642007112503e-02,-1.312237326055765152e-02,-4.534961283206939697e-02,2.176106500625610352e+01
1.408493146300315857e-02,-1.325020194053649902e-02,-4.531836137175559998e-02,2.176589798927307129e+01
1.311506144702434540e-02,-1.338656991720199585e-02,-4.529299587011337280e-02,2.177090716361999512e+01
1.068477705121040344e-02,-1.223937980830669403e-02,-4.636195302009582520e-02,2.177577400207519531e+01
9.605165570974349976e-03,-1.224648114293813705e-02,-4.651596024632453918e-02,2.178076720237731934e+01
8.497135713696479797e-03,-1.225986983627080917e-02,-4.669947177171707153e-02,2.178585600852966309e+01
7.360681425780057907e-03,-1.228101830929517746e-02,-4.691191762685775757e-02,2.179076719284057617e+01
6.232042331248521805e-03,-1.228508353233337402e-02,-4.721492528915405273e-02,2.179607510566711426e+01
5.065035540610551834e-03,-1.230406574904918671e-02,-4.753305017948150635e-02,2.180104708671569824e+01
3.281893907114863396e-03,-1.206134818494319916e-02,-4.731214791536331177e-02,2.180579113960266113e+01
2.042510779574513435e-03,-1.199189294129610062e-02,-4.764591529965400696e-02,2.181095504760742188e+01
7.921601063571870327e-04,-1.193534769117832184e-02,-4.802469909191131592e-02,2.181588721275329590e+01
-4.798870359081774950e-04,-1.187549717724323273e-02,-4.843959584832191467e-02,2.182097005844116211e+01
-1.750912400893867016e-03,-1.179267466068267822e-02,-4.882102832198143005e-02,2.182590603828430176e+01
-3.046933794394135475e-03,-1.170772220939397812e-02,-4.925078898668289185e-02,2.183099412918090820e+01
-4.358470905572175980e-03,-1.161179225891828537e-02,-4.969820380210876465e-02,2.183586215972900391e+01
-5.794370081275701523e-03,-1.244075689464807510e-02,-4.989162087440490723e-02,2.184091114997863770e+01
-7.120695430785417557e-03,-1.238072197884321213e-02,-5.032876878976821899e-02,2.184586215019226074e+01
-8.463273756206035614e-03,-1.232310850173234940e-02,-5.078379437327384949e-02,2.185103201866149902e+01
-9.389419108629226685e-03,-1.226953044533729553e-02,-5.122204869985580444e-02,2.185601902008056641e+01
-1.040201541036367416e-02,-1.223370246589183807e-02,-5.166472867131233215e-02,2.186111998558044434e+01
-1.130755897611379623e-02,-1.218563877046108246e-02,-5.211560428142547607e-02,2.186578822135925293e+01
-1.195319183170795441e-02,-1.196928415447473526e-02,-5.208594352006912231e-02,2.187149214744567871e+01
-1.241370290517807007e-02,-1.361683011054992676e-02,-5.113732442259788513e-02,2.187600612640380859e+01
-1.281276997178792953e-02,-1.361546572297811508e-02,-5.074377730488777161e-02,2.188085412979125977e+01
-1.302288006991147995e-02,-1.356563903391361237e-02,-5.017507076263427734e-02,2.188596916198730469e+01
-1.363460812717676163e-02,-1.318211480975151062e-02,-4.959669336676597595e-02,2.189085507392883301e+01
-1.387149840593338013e-02,-1.294982619583606720e-02,-4.881004616618156433e-02,2.189619517326354980e+01
-1.406015735119581223e-02,-1.266932021826505661e-02,-4.791272804141044617e-02,2.190103220939636230e+01
-1.442391611635684967e-02,-1.275640632957220078e-02,-4.754283651709556580e-02,2.190595316886901855e+01
-1.382732018828392029e-02,-1.432594005018472672e-02,-5.080498754978179932e-02,2.191099905967712402e+01
-1.410057954490184784e-02,-1.459426805377006531e-02,-5.080387741327285767e-02,2.191600012779235840e+01
-1.449090335518121719e-02,-1.479954365640878677e-02,-5.112066864967346191e-02,2.192108416557312012e+01
-1.484103407710790634e-02,-1.511288806796073914e-02,-5.140534788370132446e-02,2.192615318298339844e+01
-1.521311607211828232e-02,-1.547556649893522263e-02,-5.179024115204811096e-02,2.193124008178710938e+01
-1.551648415625095367e-02,-1.571235619485378265e-02,-5.227568373084068298e-02,2.193615913391113281e+01
-1.246212236583232880e-02,-1.423639990389347076e-02,-4.845908656716346741e-02,2.194094419479370117e+01
-1.253857184201478958e-02,-1.429892610758543015e-02,-4.886127263307571411e-02,2.194615411758422852e+01
-1.238429732620716095e-02,-1.444211788475513458e-02,-4.883302375674247742e-02,2.195114517211914062e+01
-1.230223011225461960e-02,-1.455319859087467194e-02,-4.908343777060508728e-02,2.195622110366821289e+01
-1.217722240835428238e-02,-1.471504010260105133e-02,-4.931360855698585510e-02,2.196139621734619141e+01
-1.200680341571569443e-02,-1.492584310472011566e-02,-4.952265694737434387e-02,2.196638798713684082e+01
-1.171491201967000961e-02,-1.478230580687522888e-02,-4.915223270654678345e-02,2.197113704681396484e+01
-1.185142993927001953e-02,-1.423402223736047745e-02,-4.771168902516365051e-02,2.197619009017944336e+01
-1.145110279321670532e-02,-1.414461899548768997e-02,-4.708814993500709534e-02,2.198098015785217285e+01
-1.105778198689222336e-02,-1.430613920092582703e-02,-4.688374325633049011e-02,2.198663520812988281e+01
-1.058733928948640823e-02,-1.430093403905630112e-02,-4.634601250290870667e-02,2.199132013320922852e+01
-1.006719749420881271e-02,-1.430626399815082550e-02,-4.575717449188232422e-02,2.199663019180297852e+01
-9.709532372653484344e-03,-1.433853805065155029e-02,-4.542508721351623535e-02,2.200138807296752930e+01
-1.131695695221424103e-02,-1.508989371359348297e-02,-4.929066449403762817e-02,2.200673913955688477e+01
-1.110910531133413315e-02,-1.516049355268478394e-02,-4.943455755710601807e-02,2.201126503944396973e+01
-1.098308339715003967e-02,-1.533258426934480667e-02,-4.975543171167373657e-02,2.201643514633178711e+01
-1.083915773779153824e-02,-1.547047961503267288e-02,-5.007353797554969788e-02,2.202126812934875488e+01
-1.071809977293014526e-02,-1.562904752790927887e-02,-5.046043917536735535e-02,2.202671217918395996e+01
-1.056563016027212143e-02,-1.572998054325580597e-02,-5.075586587190628052e-02,2.203140401840209961e+01
-1.044500153511762619e-02,-1.588029041886329651e-02,-5.115106329321861267e-02,2.203658819198608398e+01
-8.039814420044422150e-03,-1.537957601249217987e-02,-4.734828323125839233e-02,2.204127621650695801e+01
-7.711340207606554031e-03,-1.545309182256460190e-02,-4.735156148672103882e-02,2.204666113853454590e+01
-7.731727790087461472e-03,-1.531110610812902451e-02,-4.682921618223190308e-02,2.205138015747070312e+01
-7.608645595610141754e-03,-1.527469698339700699e-02,-4.658306762576103210e-02,2.205673217773437500e+01
-7.541608065366744995e-03,-1.521354448050260544e-02,-4.628272727131843567e-02,2.206151199340820312e+01
-7.311585359275341034e-03,-1.507805660367012024e-02,-4.590308293700218201e-02,2.206652808189392090e+01
-7.166462950408458710e-03,-1.493031531572341919e-02,-4.547465592622756958e-02,2.207122111320495605e+01
-8.186311461031436920e-03,-1.525047887116670609e-02,-4.767739772796630859e-02,2.207666516304016113e+01
-8.336808532476425171e-03,-1.515177544206380844e-02,-4.776764288544654846e-02,2.208125519752502441e+01
-8.376348763704299927e-03,-1.496682595461606979e-02,-4.764403775334358215e-02,2.208653712272644043e+01
-8.451533503830432892e-03,-1.476462278515100479e-02,-4.752577841281890869e-02,2.209132719039916992e+01
-8.518313057720661163e-03,-1.456326898187398911e-02,-4.752153530716896057e-02,2.209694218635559082e+01
-8.629662916064262390e-03,-1.434612926095724106e-02,-4.751256853342056274e-02,2.210125207901000977e+01
-9.921792894601821899e-03,-1.542170438915491104e-02,-4.687889665365219116e-02,2.210673809051513672e+01
-1.014539878815412521e-02,-1.522475481033325195e-02,-4.693435505032539368e-02,2.211137008666992188e+01
-1.040003169327974319e-02,-1.502538099884986877e-02,-4.703354090452194214e-02,2.211675715446472168e+01
-1.067317277193069458e-02,-1.480582263320684433e-02,-4.716473817825317383e-02,2.212139606475830078e+01
-1.097405795007944107e-02,-1.456061843782663345e-02,-4.722893610596656799e-02,2.212691020965576172e+01
-1.129331346601247787e-02,-1.429826393723487854e-02,-4.735053703188896179e-02,2.213157320022583008e+01
-1.163486018776893616e-02,-1.401301752775907516e-02,-4.748421907424926758e-02,2.213687419891357422e+01
-1.294290926307439804e-02,-1.547672320157289505e-02,-4.722247272729873657e-02,2.214159011840820312e+01
-1.332779973745346069e-02,-1.517958473414182663e-02,-4.707322269678115845e-02,2.214678907394409180e+01
-1.375999301671981812e-02,-1.490047946572303772e-02,-4.704208672046661377e-02,2.215158319473266602e+01
-1.420419570058584213e-02,-1.459492743015289307e-02,-4.697430506348609924e-02,2.215689516067504883e+01
-1.466131955385208130e-02,-1.428151316940784454e-02,-4.692360386252403259e-02,2.216156601905822754e+01
-1.513277087360620499e-02,-1.393147185444831848e-02,-4.684306308627128601e-02,2.216680622100830078e+01
-1.561775803565979004e-02,-1.355632580816745758e-02,-4.674735292792320251e-02,2.217151618003845215e+01
-1.688227802515029907e-02,-1.648210175335407257e-02,-4.897094145417213440e-02,2.217666506767272949e+01
-1.744250953197479248e-02,-1.634119637310504913e-02,-4.918492957949638367e-02,2.218161916732788086e+01
-1.801728270947933197e-02,-1.619962602853775024e-02,-4.943103343248367310e-02,2.218676900863647461e+01
-1.854551956057548523e-02,-1.607768982648849487e-02,-4.975756257772445679e-02,2.219167518615722656e+01
-1.909628324210643768e-02,-1.595253311097621918e-02,-5.010611191391944885e-02,2.219690418243408203e+01
-1.964270882308483124e-02,-1.583009213209152222e-02,-5.049938336014747620e-02,2.220165300369262695e+01
-2.036005817353725433e-02,-1.779091171920299530e-02,-5.152059346437454224e-02,2.220685005187988281e+01
-2.091004326939582825e-02,-1.783645153045654297e-02,-5.201902613043785095e-02,2.221165013313293457e+01
-2.145604044198989868e-02,-1.789074391126632690e-02,-5.254622548818588257e-02,2.221683216094970703e+01
-2.199762687087059021e-02,-1.795244403183460236e-02,-5.310092866420745850e-02,2.222168207168579102e+01
-2.252310514450073242e-02,-1.808521337807178497e-02,-5.356229096651077271e-02,2.222691822052001953e+01
-2.304853685200214386e-02,-1.820373535156250000e-02,-5.409135296940803528e-02,2.223178720474243164e+01
-2.356793917715549469e-02,-1.834341511130332947e-02,-5.462418869137763977e-02,2.223679900169372559e+01
-2.407983690500259399e-02,-1.997982338070869446e-02,-5.615060776472091675e-02,2.224167919158935547e+01
-2.454482950270175934e-02,-2.026500180363655090e-02,-5.673990026116371155e-02,2.224678301811218262e+01
-2.499345131218433380e-02,-2.057567238807678223e-02,-5.733201652765274048e-02,2.225167703628540039e+01
-2.549332566559314728e-02,-2.101958170533180237e-02,-5.804701149463653564e-02,2.225684905052185059e+01
-2.595176734030246735e-02,-2.144457399845123291e-02,-5.871665477752685547e-02,2.226196503639221191e+01
-2.640541270375251770e-02,-2.191132679581642151e-02,-5.940670147538185120e-02,2.226684808731079102e+01
-2.683362364768981934e-02,-2.244158461689949036e-02,-6.011255457997322083e-02,2.227200222015380859e+01
-2.654865756630897522e-02,-2.249522693455219269e-02,-6.337352097034454346e-02,2.227694320678710938e+01
-2.688720636069774628e-02,-2.301262132823467255e-02,-6.433418393135070801e-02,2.228180813789367676e+01
-2.701046876609325409e-02,-2.360733039677143097e-02,-6.515580415725708008e-02,2.228689122200012207e+01
-2.718595415353775024e-02,-2.422729879617691040e-02,-6.603066623210906982e-02,2.229165720939636230e+01
-2.732483483850955963e-02,-2.492518350481987000e-02,-6.682907789945602417e-02,2.229696416854858398e+01
-2.712763100862503052e-02,-2.559373900294303894e-02,-6.689737737178802490e-02,2.230217409133911133e+01
-2.687491849064826965e-02,-2.449594810605049133e-02,-6.758555769920349121e-02,2.230688214302062988e+01
-2.646228298544883728e-02,-2.495490573346614838e-02,-6.753568351268768311e-02,2.231183719635009766e+01
-2.590999379754066467e-02,-2.542568556964397430e-02,-6.726379692554473877e-02,2.231717014312744141e+01
-2.545173279941082001e-02,-2.538620680570602417e-02,-6.622558087110519409e-02,2.232196307182312012e+01
-2.476832643151283264e-02,-2.560504339635372162e-02,-6.530162692070007324e-02,2.232710719108581543e+01
-2.398672699928283691e-02,-2.577906660735607147e-02,-6.413905322551727295e-02,2.233187007904052734e+01
-2.349281497299671173e-02,-2.630104310810565948e-02,-6.345222890377044678e-02,2.233698201179504395e+01
-2.307213097810745239e-02,-2.503953315317630768e-02,-6.826207041740417480e-02,2.234186601638793945e+01
-2.258034609258174896e-02,-2.535222843289375305e-02,-6.777684390544891357e-02,2.234698915481567383e+01
-2.215730398893356323e-02,-2.588722296059131622e-02,-6.784623116254806519e-02,2.235187101364135742e+01
-2.172821946442127228e-02,-2.641127258539199829e-02,-6.761527806520462036e-02,2.235691213607788086e+01
-2.132090367376804352e-02,-2.701057121157646179e-02,-6.741642951965332031e-02,2.236214208602905273e+01
-2.092986740171909332e-02,-2.751089632511138916e-02,-6.724372506141662598e-02,2.236701011657714844e+01
-2.056012302637100220e-02,-2.811831422150135040e-02,-6.710255146026611328e-02,2.237196111679077148e+01
-1.614174805581569672e-02,-2.337567880749702454e-02,-6.010463461279869080e-02,2.237700104713439941e+01
-1.552818343043327332e-02,-2.363322116434574127e-02,-5.944570153951644897e-02,2.238192605972290039e+01
-1.493883598595857620e-02,-2.390419878065586090e-02,-5.886283889412879944e-02,2.238724803924560547e+01
-1.436451263725757599e-02,-2.421793900430202484e-02,-5.829497054219245911e-02,2.239201998710632324e+01
-1.380403712391853333e-02,-2.457436174154281616e-02,-5.772526562213897705e-02,2.239721322059631348e+01
-1.328468229621648788e-02,-2.492006868124008179e-02,-5.671510472893714905e-02,2.240206503868103027e+01
-1.312466617673635483e-02,-2.217541635036468506e-02,-5.323767662048339844e-02,2.240714812278747559e+01
-1.265886053442955017e-02,-2.236351929605007172e-02,-5.196114256978034973e-02,2.241212821006774902e+01
-1.160215772688388824e-02,-2.221759222447872162e-02,-5.048302933573722839e-02,2.241710519790649414e+01
-1.081779692322015762e-02,-2.222253009676933289e-02,-4.899633675813674927e-02,2.242204403877258301e+01
-9.959074668586254120e-03,-2.219696901738643646e-02,-4.740381613373756409e-02,2.242716312408447266e+01
-9.157521650195121765e-03,-2.219939418137073517e-02,-4.588388279080390930e-02,2.243211221694946289e+01
-8.261821232736110687e-03,-2.216437086462974548e-02,-4.424680024385452271e-02,2.243714618682861328e+01
-1.025105826556682587e-02,-1.937470398843288422e-02,-4.554014652967453003e-02,2.244208002090454102e+01
-9.733567945659160614e-03,-1.915834657847881317e-02,-4.437092691659927368e-02,2.244710016250610352e+01
-9.092884138226509094e-03,-1.888295635581016541e-02,-4.307887330651283264e-02,2.245212721824645996e+01
-8.454277180135250092e-03,-1.860639080405235291e-02,-4.178881645202636719e-02,2.245706915855407715e+01
-7.930787280201911926e-03,-1.830632612109184265e-02,-4.059843346476554871e-02,2.246233201026916504e+01
-7.397104054689407349e-03,-1.802180707454681396e-02,-3.938834369182586670e-02,2.246713209152221680e+01
-6.900832522660493851e-03,-1.774094067513942719e-02,-3.820497170090675354e-02,2.247220706939697266e+01
-8.455011993646621704e-03,-1.786781847476959229e-02,-3.520783036947250366e-02,2.247712707519531250e+01
-8.179235272109508514e-03,-1.783007755875587463e-02,-3.411758318543434143e-02,2.248215818405151367e+01
-7.950130850076675415e-03,-1.768583431839942932e-02,-3.298131376504898071e-02,2.248723816871643066e+01
-7.753428071737289429e-03,-1.756620593369007111e-02,-3.189652040600776672e-02,2.249227309226989746e+01
-7.431145757436752319e-03,-1.733575202524662018e-02,-3.076402097940444946e-02,2.249744200706481934e+01
-7.163677830249071121e-03,-1.715606823563575745e-02,-2.969144284725189209e-02,2.250222921371459961e+01
-8.442831225693225861e-03,-1.692669466137886047e-02,-2.812801301479339600e-02,2.250723910331726074e+01
-8.145614527165889740e-03,-1.653149724006652832e-02,-2.658739872276782990e-02,2.251226806640625000e+01
-7.864347659051418304e-03,-1.618572138249874115e-02,-2.525630034506320953e-02,2.251731109619140625e+01
-7.559768855571746826e-03,-1.581837609410285950e-02,-2.387910708785057068e-02,2.252221512794494629e+01
-7.325617596507072449e-03,-1.550649572163820267e-02,-2.247267775237560272e-02,2.252741003036499023e+01
-7.055131252855062485e-03,-1.514421124011278152e-02,-2.101174183189868927e-02,2.253261613845825195e+01
-6.788775790482759476e-03,-1.476618368178606033e-02,-1.950876228511333466e-02,2.253734421730041504e+01
-9.212855249643325806e-03,-1.578138209879398346e-02,-1.953097619116306305e-02,2.254233407974243164e+01
-9.217932820320129395e-03,-1.546415034681558609e-02,-1.826041564345359802e-02,2.254738402366638184e+01
-9.249804541468620300e-03,-1.513229403644800186e-02,-1.702657900750637054e-02,2.255234122276306152e+01
-9.297829121351242065e-03,-1.483928598463535309e-02,-1.602901890873908997e-02,2.255754804611206055e+01
-9.370553307235240936e-03,-1.452475413680076599e-02,-1.502684224396944046e-02,2.256251716613769531e+01
-9.463589638471603394e-03,-1.421348750591278076e-02,-1.410767715424299240e-02,2.256731510162353516e+01
-1.156279351562261581e-02,-1.572332158684730530e-02,-1.194093748927116394e-02,2.257231116294860840e+01
-1.160375308245420456e-02,-1.555343065410852432e-02,-1.142867468297481537e-02,2.257728219032287598e+01
-1.189718861132860184e-02,-1.542162336409091949e-02,-1.056684460490942001e-02,2.258228015899658203e+01
-1.220306567847728729e-02,-1.530121918767690659e-02,-9.799865074455738068e-03,2.258727622032165527e+01
-1.251878682523965836e-02,-1.510882563889026642e-02,-8.863272145390510559e-03,2.259242200851440430e+01
-1.285410393029451370e-02,-1.494416780769824982e-02,-8.046562783420085907e-03,2.259747099876403809e+01
-1.320264581590890884e-02,-1.476576924324035645e-02,-7.239130325615406036e-03,2.260241198539733887e+01
-1.356382574886083603e-02,-1.521205902099609375e-02,-6.482736673206090927e-03,2.260745215415954590e+01
-1.391461677849292755e-02,-1.500237453728914261e-02,-5.633184686303138733e-03,2.261240410804748535e+01
-1.427595131099224091e-02,-1.478046271950006485e-02,-4.787806421518325806e-03,2.261742520332336426e+01
-1.427999883890151978e-02,-1.453613303601741791e-02,-4.180358257144689560e-03,2.262240505218505859e+01
-1.451438944786787033e-02,-1.427388377487659454e-02,-3.438647370785474777e-03,2.262748003005981445e+01
-1.472667325288057327e-02,-1.401924155652523041e-02,-2.709890948608517647e-03,2.263255620002746582e+01
-1.476435828953981400e-02,-1.349159888923168182e-02,-2.222359180450439453e-03,2.263745403289794922e+01
-1.342845801264047623e-02,-1.404196862131357193e-02,-1.745996996760368347e-03,2.264239716529846191e+01
-1.324253622442483902e-02,-1.340944226831197739e-02,-1.355678774416446686e-03,2.264758110046386719e+01
-1.299336273223161697e-02,-1.268855761736631393e-02,-1.058663823641836643e-03,2.265255022048950195e+01
-1.322369556874036789e-02,-1.268175058066844940e-02,-1.421632245182991028e-03,2.265738916397094727e+01
-1.316008809953927994e-02,-1.222851313650608063e-02,-1.622796407900750637e-03,2.266265106201171875e+01
-1.311186794191598892e-02,-1.179829332977533340e-02,-1.995996106415987015e-03,2.266742420196533203e+01
-1.307872775942087173e-02,-1.118830498307943344e-02,-2.405458828434348106e-03,2.267252922058105469e+01
-1.130055729299783707e-02,-1.487305108457803726e-02,-1.373287057504057884e-03,2.267756509780883789e+01
-1.118851173669099808e-02,-1.452325284481048584e-02,-1.956206513568758965e-03,2.268256306648254395e+01
-1.126636844128370285e-02,-1.411795243620872498e-02,-2.165012061595916748e-03,2.268755316734313965e+01
-1.129244733601808548e-02,-1.368484366685152054e-02,-2.703668083995580673e-03,2.269254422187805176e+01
-1.136454008519649506e-02,-1.321448292583227158e-02,-3.291568253189325333e-03,2.269759702682495117e+01
-1.120414957404136658e-02,-1.286145299673080444e-02,-3.611080115661025047e-03,2.270250320434570312e+01
-1.045176852494478226e-02,-1.709047518670558929e-02,-4.608764778822660446e-03,2.270762920379638672e+01
-1.018297392874956131e-02,-1.715687848627567291e-02,-4.983330611139535904e-03,2.271238207817077637e+01
-9.894665330648422241e-03,-1.710597239434719086e-02,-5.182082299143075943e-03,2.271759605407714844e+01
-9.557385928928852081e-03,-1.708414591848850250e-02,-5.398415494710206985e-03,2.272249317169189453e+01
-9.186330251395702362e-03,-1.702815666794776917e-02,-5.554149392992258072e-03,2.272776508331298828e+01
-8.786461316049098969e-03,-1.694591157138347626e-02,-5.649887491017580032e-03,2.273250102996826172e+01
-8.618167601525783539e-03,-1.697565056383609772e-02,-6.039710715413093567e-03,2.273754215240478516e+01
-1.136061456054449081e-02,-1.825985871255397797e-02,-9.354763664305210114e-03,2.274265813827514648e+01
-1.139686815440654755e-02,-1.831613667309284210e-02,-9.922197088599205017e-03,2.274775719642639160e+01
-1.154658105224370956e-02,-1.841353997588157654e-02,-1.077683176845312119e-02,2.275265407562255859e+01
-1.168087869882583618e-02,-1.848789490759372711e-02,-1.153200026601552963e-02,2.275790309906005859e+01
-1.184771023690700531e-02,-1.856244541704654694e-02,-1.233822945505380630e-02,2.276283812522888184e+01
-1.202854048460721970e-02,-1.863198913633823395e-02,-1.319467555731534958e-02,2.276764607429504395e+01
-1.175439730286598206e-02,-1.908095926046371460e-02,-1.141205616295337677e-02,2.277265214920043945e+01
-1.193878706544637680e-02,-1.915134117007255554e-02,-1.214886270463466644e-02,2.277770614624023438e+01
-1.217228546738624573e-02,-1.917452551424503326e-02,-1.267235819250345230e-02,2.278267502784729004e+01
-1.242785342037677765e-02,-1.922740973532199860e-02,-1.334905438125133514e-02,2.278769707679748535e+01
-1.271652337163686752e-02,-1.927941851317882538e-02,-1.403617300093173981e-02,2.279266905784606934e+01
-1.297357864677906036e-02,-1.928685419261455536e-02,-1.447885762900114059e-02,2.279804205894470215e+01
-1.327255275100469589e-02,-1.929461769759654999e-02,-1.496669650077819824e-02,2.280265808105468750e+01
-1.413277816027402878e-02,-1.986140012741088867e-02,-1.500174589455127716e-02,2.280782008171081543e+01
-1.442317571491003036e-02,-1.988312415778636932e-02,-1.531814970076084137e-02,2.281280112266540527e+01
-1.474346593022346497e-02,-1.986284554004669189e-02,-1.554172299802303314e-02,2.281781506538391113e+01
-1.506637595593929291e-02,-1.983631402254104614e-02,-1.570993289351463318e-02,2.282284712791442871e+01
-1.539168413728475571e-02,-1.980535686016082764e-02,-1.582260988652706146e-02,2.282786417007446289e+01
-1.577701605856418610e-02,-1.985378563404083252e-02,-1.611421070992946625e-02,2.283281803131103516e+01
-1.614655740559101105e-02,-1.986738853156566620e-02,-1.626589521765708923e-02,2.283771920204162598e+01
-1.704361103475093842e-02,-2.112153731286525726e-02,-1.820560917258262634e-02,2.284279799461364746e+01
-1.739407889544963837e-02,-2.128279767930507660e-02,-1.862076856195926666e-02,2.284782910346984863e+01
-1.778908818960189819e-02,-2.143604308366775513e-02,-1.898331940174102783e-02,2.285279607772827148e+01
-1.818533055484294891e-02,-2.160670049488544464e-02,-1.935585029423236847e-02,2.285783910751342773e+01
-1.852289028465747833e-02,-2.183804661035537720e-02,-1.970825344324111938e-02,2.286303520202636719e+01
-1.887032575905323029e-02,-2.208241634070873260e-02,-2.007243409752845764e-02,2.286784720420837402e+01
-1.853466778993606567e-02,-2.221029624342918396e-02,-2.027467451989650726e-02,2.287292003631591797e+01
-1.866720989346504211e-02,-2.247286215424537659e-02,-2.047316171228885651e-02,2.287793302536010742e+01
-1.881789602339267731e-02,-2.276613377034664154e-02,-2.071797847747802734e-02,2.288289999961853027e+01
-1.893310621380805969e-02,-2.308835275471210480e-02,-2.093618549406528473e-02,2.288790702819824219e+01
-1.896877214312553406e-02,-2.343322150409221649e-02,-2.107124775648117065e-02,2.289303421974182129e+01
-1.897537149488925934e-02,-2.380989864468574524e-02,-2.118661440908908844e-02,2.289793014526367188e+01
-1.893413066864013672e-02,-2.421544305980205536e-02,-2.125771902501583099e-02,2.290291309356689453e+01
-1.879342272877693176e-02,-2.350750192999839783e-02,-2.142877876758575439e-02,2.290798211097717285e+01
-1.870628446340560913e-02,-2.386463060975074768e-02,-2.145879156887531281e-02,2.291291904449462891e+01
-1.854144968092441559e-02,-2.424265444278717041e-02,-2.142826281487941742e-02,2.291800498962402344e+01
-1.833998598158359528e-02,-2.465409412980079651e-02,-2.136184275150299072e-02,2.292292308807373047e+01
-1.811098866164684296e-02,-2.510476671159267426e-02,-2.131354622542858124e-02,2.292821216583251953e+01
-1.784257590770721436e-02,-2.558908052742481232e-02,-2.122022211551666260e-02,2.293303012847900391e+01
-1.753883622586727142e-02,-2.610949054360389709e-02,-2.110593207180500031e-02,2.293798017501831055e+01
-1.698119007050991058e-02,-2.436710149049758911e-02,-2.017929404973983765e-02,2.294296312332153320e+01
-1.662517897784709930e-02,-2.474527060985565186e-02,-2.000789903104305267e-02,2.294806098937988281e+01
-1.624452881515026093e-02,-2.515683136880397797e-02,-1.982046291232109070e-02,2.295303702354431152e+01
-1.586610451340675354e-02,-2.557921223342418671e-02,-1.958487369120121002e-02,2.295805501937866211e+01
-1.545924134552478790e-02,-2.604057453572750092e-02,-1.933894306421279907e-02,2.296317815780639648e+01
-1.503515616059303284e-02,-2.653061784803867340e-02,-1.906743645668029785e-02,2.296816611289978027e+01
-1.427255105227231979e-02,-2.308241836726665497e-02,-1.658188179135322571e-02,2.297302818298339844e+01
-1.381739042699337006e-02,-2.313078381121158600e-02,-1.602074503898620605e-02,2.297819709777832031e+01
-1.335485186427831650e-02,-2.319943718612194061e-02,-1.542741153389215469e-02,2.298300004005432129e+01
-1.294300798326730728e-02,-2.326384373009204865e-02,-1.482540648430585861e-02,2.298845815658569336e+01
-1.251622755080461502e-02,-2.335022948682308197e-02,-1.418787240982055664e-02,2.299317812919616699e+01
-1.209968794137239456e-02,-2.344861440360546112e-02,-1.352616120129823685e-02,2.299848318099975586e+01
-1.169354841113090515e-02,-2.355909161269664764e-02,-1.283870637416839600e-02,2.300312209129333496e+01
-1.155859418213367462e-02,-2.281107567250728607e-02,-1.139005739241838455e-02,2.300844502449035645e+01
-1.121901255100965500e-02,-2.278574928641319275e-02,-1.064774766564369202e-02,2.301323103904724121e+01
-1.089739799499511719e-02,-2.276705950498580933e-02,-9.896885603666305542e-03,2.301816105842590332e+01
-1.062556263059377670e-02,-2.268951572477817535e-02,-9.252256713807582855e-03,2.302303719520568848e+01
-1.035906374454498291e-02,-2.264335937798023224e-02,-8.555036969482898712e-03,2.302829504013061523e+01
-1.011482533067464828e-02,-2.259430475533008575e-02,-7.869027554988861084e-03,2.303319311141967773e+01
-9.839246980845928192e-03,-2.249805442988872528e-02,-7.240195292979478836e-03,2.303822422027587891e+01
-9.929193183779716492e-03,-2.210210449993610382e-02,-5.033062770962715149e-03,2.304322004318237305e+01
-9.692790918052196503e-03,-2.189790271222591400e-02,-4.329188261181116104e-03,2.304826116561889648e+01
-8.982211351394653320e-03,-2.120611257851123810e-02,-3.820107551291584969e-03,2.305330204963684082e+01
-8.438664488494396210e-03,-2.066441066563129425e-02,-3.269582288339734077e-03,2.305824804306030273e+01
-7.813391275703907013e-03,-2.001620642840862274e-02,-2.772023901343345642e-03,2.306345415115356445e+01
-7.387754507362842560e-03,-1.959655433893203735e-02,-2.639906946569681168e-03,2.306829714775085449e+01
-8.439855650067329407e-03,-2.142159081995487213e-02,-1.947494922205805779e-03,2.307329821586608887e+01
-8.028836920857429504e-03,-2.105162106454372406e-02,-2.004740526899695396e-03,2.307861399650573730e+01
-7.622451055794954300e-03,-2.066565304994583130e-02,-2.215081593021750450e-03,2.308351111412048340e+01
-7.335514761507511139e-03,-2.018994279205799103e-02,-2.490305807441473007e-03,2.308874106407165527e+01
-6.990426219999790192e-03,-1.973033323884010315e-02,-2.942153718322515488e-03,2.309351205825805664e+01
-6.659724749624729156e-03,-1.924020610749721527e-02,-3.526973305270075798e-03,2.309832000732421875e+01
-6.349287461489439011e-03,-1.867278665304183960e-02,-3.988374490290880203e-03,2.310333013534545898e+01
-7.127992343157529831e-03,-2.224486321210861206e-02,-5.061469506472349167e-03,2.310835099220275879e+01
-6.927755195647478104e-03,-2.194602228701114655e-02,-5.699545610696077347e-03,2.311331915855407715e+01
-6.477150134742259979e-03,-2.185105346143245697e-02,-5.962599534541368484e-03,2.311864399909973145e+01
-6.143833044916391373e-03,-2.163977175951004028e-02,-6.450143177062273026e-03,2.312337517738342285e+01
-5.781696178019046783e-03,-2.144124545156955719e-02,-6.919773295521736145e-03,2.312861418724060059e+01
-5.316041875630617142e-03,-2.121949568390846252e-02,-7.131578866392374039e-03,2.313329100608825684e+01
-4.829570651054382324e-03,-2.101477049291133881e-02,-7.367001380771398544e-03,2.313830614089965820e+01
-6.652853451669216156e-03,-2.468637935817241669e-02,-1.037090923637151718e-02,2.314330220222473145e+01
-6.805329117923974991e-03,-2.483208104968070984e-02,-1.081319712102413177e-02,2.314852619171142578e+01
-6.725200451910495758e-03,-2.491776458919048309e-02,-1.115684397518634796e-02,2.315340304374694824e+01
-6.711531896144151688e-03,-2.502829581499099731e-02,-1.145510748028755188e-02,2.315860819816589355e+01
-6.759188603609800339e-03,-2.515687793493270874e-02,-1.170881278812885284e-02,2.316360402107238770e+01
-6.632475648075342178e-03,-2.527125924825668335e-02,-1.205855607986450195e-02,2.316849517822265625e+01
-5.963676143437623978e-03,-2.564395032823085785e-02,-1.118983328342437744e-02,2.317346715927124023e+01
-5.867596250027418137e-03,-2.573928236961364746e-02,-1.130294613540172577e-02,2.317860913276672363e+01
-5.806114990264177322e-03,-2.592360414564609528e-02,-1.164737623184919357e-02,2.318350410461425781e+01
-5.745618604123592377e-03,-2.607707865536212921e-02,-1.186518836766481400e-02,2.318850708007812500e+01
-5.698661785572767258e-03,-2.625366114079952240e-02,-1.209456287324428558e-02,2.319358515739440918e+01
-5.492278840392827988e-03,-2.649060823023319244e-02,-1.231647562235593796e-02,2.319847822189331055e+01
-5.330923013389110565e-03,-2.674085088074207306e-02,-1.256628427654504776e-02,2.320341300964355469e+01
-7.077752612531185150e-03,-2.666351199150085449e-02,-1.259428076446056366e-02,2.320842719078063965e+01
-7.005589548498392105e-03,-2.677303738892078400e-02,-1.257096044719219208e-02,2.321341109275817871e+01
-6.882708054035902023e-03,-2.695410698652267456e-02,-1.269075833261013031e-02,2.321853399276733398e+01
-6.738153751939535141e-03,-2.714035101234912872e-02,-1.277934573590755463e-02,2.322330999374389648e+01
-6.720122881233692169e-03,-2.731799334287643433e-02,-1.278963591903448105e-02,2.322867202758789062e+01
-6.658869795501232147e-03,-2.750406786799430847e-02,-1.276784297078847885e-02,2.323353314399719238e+01
-6.618263665586709976e-03,-2.769134752452373505e-02,-1.270110160112380981e-02,2.323881411552429199e+01
-8.251256309449672699e-03,-2.702165395021438599e-02,-1.219824980944395065e-02,2.324378418922424316e+01
-8.383385837078094482e-03,-2.713137865066528320e-02,-1.207144092768430710e-02,2.324855399131774902e+01
-8.539685048162937164e-03,-2.724680304527282715e-02,-1.194147206842899323e-02,2.325357699394226074e+01
-8.719494566321372986e-03,-2.736435830593109131e-02,-1.180373504757881165e-02,2.325855207443237305e+01
-8.903754875063896179e-03,-2.749117650091648102e-02,-1.178281288594007492e-02,2.326374602317810059e+01
-9.117972105741500854e-03,-2.761791832745075226e-02,-1.171085517853498459e-02,2.326857805252075195e+01
-8.118760772049427032e-03,-2.713280171155929565e-02,-1.132447924464941025e-02,2.327358102798461914e+01
-8.213378489017486572e-03,-2.719399146735668182e-02,-1.127238292247056961e-02,2.327869319915771484e+01
-8.346063084900379181e-03,-2.725942246615886688e-02,-1.123359519988298416e-02,2.328364109992980957e+01
-8.491538465023040771e-03,-2.733230590820312500e-02,-1.120749488472938538e-02,2.328871703147888184e+01
-8.641839027404785156e-03,-2.741375192999839783e-02,-1.112938951700925827e-02,2.329385709762573242e+01
-8.806548081338405609e-03,-2.749901078641414642e-02,-1.107672229409217834e-02,2.329870414733886719e+01
-8.982111699879169464e-03,-2.758936397731304169e-02,-1.102128159254789352e-02,2.330354213714599609e+01
-8.185570128262042999e-03,-2.730877324938774109e-02,-9.722248651087284088e-03,2.330871820449829102e+01
-8.312015794217586517e-03,-2.733334898948669434e-02,-9.499905630946159363e-03,2.331371212005615234e+01
-8.455798961222171783e-03,-2.735667861998081207e-02,-9.259399026632308960e-03,2.331871104240417480e+01
-8.581772446632385254e-03,-2.737995795905590057e-02,-8.974137715995311737e-03,2.332371616363525391e+01
-8.730440400540828705e-03,-2.740717679262161255e-02,-8.670632727444171906e-03,2.332902312278747559e+01
-8.886740542948246002e-03,-2.743701264262199402e-02,-8.340105414390563965e-03,2.333370304107666016e+01
-7.875501178205013275e-03,-2.760969474911689758e-02,-8.383975364267826080e-03,2.333888101577758789e+01
-7.983888499438762665e-03,-2.766839042305946350e-02,-8.105414919555187225e-03,2.334370613098144531e+01
-8.079322986304759979e-03,-2.771381475031375885e-02,-7.755020167678594589e-03,2.334872508049011230e+01
-8.190704509615898132e-03,-2.776967734098434448e-02,-7.393262349069118500e-03,2.335368299484252930e+01
-8.312781341373920441e-03,-2.784340456128120422e-02,-7.070949766784906387e-03,2.335873103141784668e+01
-8.450918830931186676e-03,-2.792454138398170471e-02,-6.724925711750984192e-03,2.336402702331542969e+01
-8.602963760495185852e-03,-2.801533043384552002e-02,-6.378480698913335800e-03,2.336888909339904785e+01
-7.317333947867155075e-03,-2.769647166132926941e-02,-6.395515520125627518e-03,2.337366414070129395e+01
-7.294624112546443939e-03,-2.757000923156738281e-02,-6.099705584347248077e-03,2.337880420684814453e+01
-7.265273947268724442e-03,-2.740865014493465424e-02,-5.808847490698099136e-03,2.338379120826721191e+01
-7.067217491567134857e-03,-2.728620357811450958e-02,-5.661230068653821945e-03,2.338883209228515625e+01
-6.918991915881633759e-03,-2.709994092583656311e-02,-5.474244710057973862e-03,2.339403009414672852e+01
-6.734692491590976715e-03,-2.688678167760372162e-02,-5.321925971657037735e-03,2.339894008636474609e+01
-6.529752165079116821e-03,-2.672990225255489349e-02,-5.227742251008749008e-03,2.340378904342651367e+01
-7.003569044172763824e-03,-2.797168865799903870e-02,-5.605053622275590897e-03,2.340897107124328613e+01
-6.823543924838304520e-03,-2.795522473752498627e-02,-5.589187610894441605e-03,2.341379308700561523e+01
-6.611598189920186996e-03,-2.794416062533855438e-02,-5.600266624242067337e-03,2.341893410682678223e+01
-6.326917093247175217e-03,-2.772964537143707275e-02,-5.507725290954113007e-03,2.342361521720886230e+01
-6.026512477546930313e-03,-2.761672250926494598e-02,-5.518315825611352921e-03,2.342908310890197754e+01
-5.690169520676136017e-03,-2.748612873256206512e-02,-5.547284614294767380e-03,2.343391108512878418e+01
-5.425558891147375107e-03,-2.752800658345222473e-02,-5.590451881289482117e-03,2.343897318840026855e+01
-8.019798435270786285e-03,-2.934152074158191681e-02,-8.461448363959789276e-03,2.344401502609252930e+01
-8.006815798580646515e-03,-2.955354377627372742e-02,-8.758384734392166138e-03,2.344896006584167480e+01
-7.995646446943283081e-03,-2.968160808086395264e-02,-8.762313984334468842e-03,2.345382118225097656e+01
-7.976079359650611877e-03,-2.988476492464542389e-02,-8.902120403945446014e-03,2.345896410942077637e+01
-7.951918058097362518e-03,-3.009858168661594391e-02,-9.009365923702716827e-03,2.346413516998291016e+01
-7.922398857772350311e-03,-3.032093867659568787e-02,-8.999962359666824341e-03,2.346892809867858887e+01
-7.572199217975139618e-03,-2.998529560863971710e-02,-8.879903703927993774e-03,2.347403907775878906e+01
-7.485114037990570068e-03,-3.014258109033107758e-02,-8.687206543982028961e-03,2.347911119461059570e+01
-7.343931589275598526e-03,-3.029543720185756683e-02,-8.608510717749595642e-03,2.348444318771362305e+01
-7.214006502181291580e-03,-3.046324290335178375e-02,-8.404417894780635834e-03,2.348905205726623535e+01
-7.069887127727270126e-03,-3.063872829079627991e-02,-8.167319931089878082e-03,2.349417114257812500e+01
-6.931759417057037354e-03,-3.078523650765419006e-02,-8.056565187871456146e-03,2.349908900260925293e+01
-6.776310503482818604e-03,-3.094484470784664154e-02,-7.889662869274616241e-03,2.350408816337585449e+01
-7.963413372635841370e-03,-2.990016713738441467e-02,-8.392834104597568512e-03,2.350909709930419922e+01
-7.875504903495311737e-03,-2.991861850023269653e-02,-8.337940089404582977e-03,2.351408219337463379e+01
-7.980505004525184631e-03,-2.992741949856281281e-02,-8.462820202112197876e-03,2.351904511451721191e+01
-7.990461774170398712e-03,-2.993742749094963074e-02,-8.531574159860610962e-03,2.352397513389587402e+01
-8.021798916161060333e-03,-2.994443476200103760e-02,-8.642532862722873688e-03,2.352955102920532227e+01
-8.068680763244628906e-03,-2.992987632751464844e-02,-8.800896815955638885e-03,2.353411006927490234e+01
-8.410762995481491089e-03,-2.996708452701568604e-02,-7.744634058326482773e-03,2.353902721405029297e+01
-8.506071753799915314e-03,-2.989959903061389923e-02,-7.863403297960758209e-03,2.354408121109008789e+01
-8.654200471937656403e-03,-2.984757162630558014e-02,-7.945966906845569611e-03,2.354905509948730469e+01
-8.809776045382022858e-03,-2.978012524545192719e-02,-8.093698881566524506e-03,2.355417919158935547e+01
-8.990608155727386475e-03,-2.970907650887966156e-02,-8.267872035503387451e-03,2.355925512313842773e+01
-9.111472405493259430e-03,-2.964858524501323700e-02,-8.327592164278030396e-03,2.356424999237060547e+01
-9.269717149436473846e-03,-2.958063967525959015e-02,-8.435328491032123566e-03,2.356924009323120117e+01
-8.551485836505889893e-03,-3.064364939928054810e-02,-8.824628777801990509e-03,2.357421898841857910e+01
-8.516184054315090179e-03,-3.071288391947746277e-02,-8.756559342145919800e-03,2.357940721511840820e+01
-8.499692194163799286e-03,-3.075721487402915955e-02,-8.713692426681518555e-03,2.358431005477905273e+01
-8.471879176795482635e-03,-3.081358224153518677e-02,-8.626032620668411255e-03,2.358917307853698730e+01
-8.432671427726745605e-03,-3.088300116360187531e-02,-8.494132198393344879e-03,2.359445405006408691e+01
-8.385619148612022400e-03,-3.094851970672607422e-02,-8.348713628947734833e-03,2.359934115409851074e+01
-8.327199146151542664e-03,-3.103340789675712585e-02,-8.157452568411827087e-03,2.360423016548156738e+01
-8.847986347973346710e-03,-3.142782300710678101e-02,-9.275537915527820587e-03,2.360925006866455078e+01
-8.717815391719341278e-03,-3.147205337882041931e-02,-9.280841797590255737e-03,2.361421203613281250e+01
-8.606664836406707764e-03,-3.153911978006362915e-02,-9.171119891107082367e-03,2.361919617652893066e+01
-8.473889902234077454e-03,-3.161254152655601501e-02,-9.048779495060443878e-03,2.362414121627807617e+01
-8.359310217201709747e-03,-3.168911859393119812e-02,-9.012358263134956360e-03,2.362943220138549805e+01
-8.217588998377323151e-03,-3.177035227417945862e-02,-8.951427415013313293e-03,2.363427805900573730e+01
-9.104318916797637939e-03,-3.159346431493759155e-02,-8.802335709333419800e-03,2.363935804367065430e+01
-9.033855982124805450e-03,-3.159015253186225891e-02,-8.807434700429439545e-03,2.364432120323181152e+01
-8.944010362029075623e-03,-3.160136193037033081e-02,-8.832025341689586639e-03,2.364937114715576172e+01
-8.849305100739002228e-03,-3.161076828837394714e-02,-8.882163092494010925e-03,2.365424418449401855e+01
-8.801503106951713562e-03,-3.161772713065147400e-02,-8.938630111515522003e-03,2.365937399864196777e+01
-8.741301484405994415e-03,-3.162353485822677612e-02,-9.015907533466815948e-03,2.366451501846313477e+01
-8.690754882991313934e-03,-3.162671253085136414e-02,-9.106050245463848114e-03,2.366936516761779785e+01
-9.639288298785686493e-03,-3.177550062537193298e-02,-8.769417181611061096e-03,2.367458915710449219e+01
-9.647507220506668091e-03,-3.175977617502212524e-02,-8.799580857157707214e-03,2.367931509017944336e+01
-9.664440527558326721e-03,-3.174459189176559448e-02,-8.840847760438919067e-03,2.368452405929565430e+01
-9.690320119261741638e-03,-3.173100948333740234e-02,-8.891012519598007202e-03,2.368933701515197754e+01
-9.653192013502120972e-03,-3.172648698091506958e-02,-8.912910707294940948e-03,2.369455599784851074e+01
-9.647543542087078094e-03,-3.172295168042182922e-02,-8.947781287133693695e-03,2.369933414459228516e+01
-9.635610505938529968e-03,-3.172043710947036743e-02,-8.977763354778289795e-03,2.370441818237304688e+01
-9.792629629373550415e-03,-3.236817196011543274e-02,-8.842030540108680725e-03,2.370939421653747559e+01
-9.747591800987720490e-03,-3.238889947533607483e-02,-8.874267339706420898e-03,2.371439099311828613e+01
-9.695688262581825256e-03,-3.241288661956787109e-02,-8.913539350032806396e-03,2.371939015388488770e+01
-9.643237106502056122e-03,-3.243224322795867920e-02,-8.970721624791622162e-03,2.372442317008972168e+01
-9.584995917975902557e-03,-3.245873749256134033e-02,-9.026371873915195465e-03,2.372951602935791016e+01
-9.522626176476478577e-03,-3.248741105198860168e-02,-9.087949991226196289e-03,2.373438715934753418e+01
-9.974070824682712555e-03,-3.283464536070823669e-02,-8.966973051428794861e-03,2.373939299583435059e+01
-9.922046214342117310e-03,-3.286139294505119324e-02,-9.010805748403072357e-03,2.374441504478454590e+01
-9.863994084298610687e-03,-3.289061039686203003e-02,-9.060258045792579651e-03,2.374935007095336914e+01
-9.886829182505607605e-03,-3.288751840591430664e-02,-9.133192710578441620e-03,2.375439214706420898e+01
-9.854373522102832794e-03,-3.290593251585960388e-02,-9.201142936944961548e-03,2.375951910018920898e+01
-9.823749773204326630e-03,-3.292394801974296570e-02,-9.274723008275032043e-03,2.376452016830444336e+01
-9.794946759939193726e-03,-3.294189646840095520e-02,-9.353355504572391510e-03,2.376955008506774902e+01
-1.034192647784948349e-02,-3.325921669602394104e-02,-9.385640732944011688e-03,2.377454805374145508e+01
-1.033706497400999069e-02,-3.326690569519996643e-02,-9.499432519078254700e-03,2.377958703041076660e+01
-1.033237669616937637e-02,-3.327487409114837646e-02,-9.631232358515262604e-03,2.378450322151184082e+01
-1.031466852873563766e-02,-3.327190876007080078e-02,-9.771171025931835175e-03,2.378959107398986816e+01
-1.030253618955612183e-02,-3.327772766351699829e-02,-9.927323088049888611e-03,2.379466509819030762e+01
-1.028855331242084503e-02,-3.328419104218482971e-02,-1.009702030569314957e-02,2.379949808120727539e+01
-1.026203762739896774e-02,-3.330019861459732056e-02,-1.023631822317838669e-02,2.380459117889404297e+01
-1.076102163642644882e-02,-3.380752354860305786e-02,-1.011693757027387619e-02,2.380955100059509277e+01
-1.074326224625110626e-02,-3.382151946425437927e-02,-1.023287419229745865e-02,2.381453919410705566e+01
-1.074469182640314102e-02,-3.382841497659683228e-02,-1.031757239252328873e-02,2.381959104537963867e+01
-1.073265913873910904e-02,-3.384152799844741821e-02,-1.041529234498739243e-02,2.382451510429382324e+01
-1.072020642459392548e-02,-3.385610133409500122e-02,-1.051004230976104736e-02,2.382985615730285645e+01
-1.068116445094347000e-02,-3.388207033276557922e-02,-1.058774907141923904e-02,2.383449912071228027e+01
-1.101520471274852753e-02,-3.432965278625488281e-02,-1.102040428668260574e-02,2.383970212936401367e+01
-1.097299903631210327e-02,-3.435248881578445435e-02,-1.110036298632621765e-02,2.384466505050659180e+01
-1.092257257550954819e-02,-3.437651321291923523e-02,-1.117057260125875473e-02,2.384969401359558105e+01
-1.090622507035732269e-02,-3.439833968877792358e-02,-1.124624907970428467e-02,2.385467219352722168e+01
-1.086278446018695831e-02,-3.442586958408355713e-02,-1.130457036197185516e-02,2.385986018180847168e+01
-1.081711333245038986e-02,-3.445671498775482178e-02,-1.135444920510053635e-02,2.386469817161560059e+01
-1.077215280383825302e-02,-3.450367227196693420e-02,-1.140142977237701416e-02,2.386971116065979004e+01
-1.141878403723239899e-02,-3.485116362571716309e-02,-1.175228878855705261e-02,2.387492799758911133e+01
-1.141093578189611435e-02,-3.488511964678764343e-02,-1.181913353502750397e-02,2.387972307205200195e+01
-1.140711177140474319e-02,-3.489773347973823547e-02,-1.189307309687137604e-02,2.388464498519897461e+01
-1.139996480196714401e-02,-3.492565825581550598e-02,-1.195494364947080612e-02,2.388986802101135254e+01
-1.139183621853590012e-02,-3.495410084724426270e-02,-1.200980413705110550e-02,2.389481616020202637e+01
-1.140720862895250320e-02,-3.499710187315940857e-02,-1.207906380295753479e-02,2.389979314804077148e+01
-1.141883525997400284e-02,-3.503664582967758179e-02,-1.214537117630243301e-02,2.390480208396911621e+01
-1.172908209264278412e-02,-3.528567776083946228e-02,-1.190164592117071152e-02,2.390983414649963379e+01
-1.169246621429920197e-02,-3.529074043035507202e-02,-1.195305585861206055e-02,2.391471719741821289e+01
-1.168506592512130737e-02,-3.531073033809661865e-02,-1.200514845550060272e-02,2.391978907585144043e+01
-1.167203672230243683e-02,-3.532893583178520203e-02,-1.206145435571670532e-02,2.392480206489562988e+01
-1.167118269950151443e-02,-3.535258397459983826e-02,-1.211269851773977280e-02,2.393023705482482910e+01
-1.166150532662868500e-02,-3.537413850426673889e-02,-1.217169314622879028e-02,2.393477201461791992e+01
-1.203224062919616699e-02,-3.567729517817497253e-02,-1.232915651053190231e-02,2.393985819816589355e+01
-1.203389465808868408e-02,-3.569151461124420166e-02,-1.239036396145820618e-02,2.394467020034790039e+01
-1.198775041848421097e-02,-3.573058545589447021e-02,-1.238912623375654221e-02,2.394984102249145508e+01
-1.196053996682167053e-02,-3.575669601559638977e-02,-1.242322474718093872e-02,2.395479607582092285e+01
-1.192591711878776550e-02,-3.578471019864082336e-02,-1.245368551462888718e-02,2.395997118949890137e+01
-1.193054113537073135e-02,-3.581646457314491272e-02,-1.248934213072061539e-02,2.396492815017700195e+01
-1.192076317965984344e-02,-3.585292026400566101e-02,-1.251680962741374969e-02,2.396986913681030273e+01
-1.217794045805931091e-02,-3.627141565084457397e-02,-1.258807443082332611e-02,2.397468209266662598e+01
-1.220140140503644943e-02,-3.631975501775741577e-02,-1.263006124645471573e-02,2.397988009452819824e+01
-1.222854852676391602e-02,-3.637020289897918701e-02,-1.265475898981094360e-02,2.398492407798767090e+01
-1.226173713803291321e-02,-3.642484545707702637e-02,-1.267979480326175690e-02,2.398992919921875000e+01
-1.224594935774803162e-02,-3.646313026547431946e-02,-1.270840689539909363e-02,2.399501514434814453e+01
-1.224409230053424835e-02,-3.651145845651626587e-02,-1.273794658482074738e-02,2.399987220764160156e+01
-1.223258487880229950e-02,-3.655925020575523376e-02,-1.276866719126701355e-02,2.400489401817321777e+01
-1.224918011575937271e-02,-3.657489269971847534e-02,-1.253570243716239929e-02,2.400990700721740723e+01
-1.218970771878957748e-02,-3.658401221036911011e-02,-1.254982873797416687e-02,2.401489615440368652e+01
-1.211762521415948868e-02,-3.659365698695182800e-02,-1.256829127669334412e-02,2.401996707916259766e+01
-1.203245762735605240e-02,-3.660285100340843201e-02,-1.259146910160779953e-02,2.402490210533142090e+01
-1.197733078151941299e-02,-3.662199527025222778e-02,-1.262449007481336594e-02,2.403009915351867676e+01
-1.189571991562843323e-02,-3.663880005478858948e-02,-1.266155857592821121e-02,2.403489303588867188e+01
-1.251650694757699966e-02,-3.702323883771896362e-02,-1.268898416310548782e-02,2.403990316390991211e+01
-1.250566449016332626e-02,-3.706167265772819519e-02,-1.270274259150028229e-02,2.404503202438354492e+01
-1.247631944715976715e-02,-3.709382936358451843e-02,-1.273159310221672058e-02,2.405013513565063477e+01
-1.244829036295413971e-02,-3.713117167353630066e-02,-1.276388298720121384e-02,2.405504703521728516e+01
-1.241475250571966171e-02,-3.716459497809410095e-02,-1.280142553150653839e-02,2.406027698516845703e+01
-1.238356716930866241e-02,-3.720487654209136963e-02,-1.283829659223556519e-02,2.406513404846191406e+01
-1.235165167599916458e-02,-3.724754974246025085e-02,-1.287621166557073593e-02,2.407007408142089844e+01
-1.271611731499433517e-02,-3.746970742940902710e-02,-1.301680505275726318e-02,2.407500720024108887e+01
-1.270896475762128830e-02,-3.748986497521400452e-02,-1.305525656789541245e-02,2.408016610145568848e+01
-1.270577590912580490e-02,-3.751114383339881897e-02,-1.309932488948106766e-02,2.408501100540161133e+01
-1.269457489252090454e-02,-3.753464296460151672e-02,-1.314019039273262024e-02,2.409012699127197266e+01
-1.268959324806928635e-02,-3.755649179220199585e-02,-1.319087669253349304e-02,2.409524011611938477e+01
-1.268541626632213593e-02,-3.757858276367187500e-02,-1.324699725955724716e-02,2.410021114349365234e+01
-1.302859559655189514e-02,-3.776643425226211548e-02,-1.311542093753814697e-02,2.410519099235534668e+01
-1.305497623980045319e-02,-3.781780228018760681e-02,-1.314082369208335876e-02,2.411014914512634277e+01
-1.308781933039426804e-02,-3.784081712365150452e-02,-1.317747496068477631e-02,2.411504721641540527e+01
-1.312388293445110321e-02,-3.786897659301757812e-02,-1.321487780660390854e-02,2.412018918991088867e+01
-1.315073668956756592e-02,-3.790035471320152283e-02,-1.323360856622457504e-02,2.412518310546875000e+01
-1.318169292062520981e-02,-3.793415427207946777e-02,-1.325472630560398102e-02,2.413047313690185547e+01
-1.321324612945318222e-02,-3.797147050499916077e-02,-1.327304542064666748e-02,2.413519716262817383e+01
-1.313384901732206345e-02,-3.825740516185760498e-02,-1.315487455576658249e-02,2.414016914367675781e+01
-1.311697438359260559e-02,-3.827718645334243774e-02,-1.313325483351945877e-02,2.414519000053405762e+01
-1.309466920793056488e-02,-3.829826414585113525e-02,-1.310515962541103363e-02,2.415016317367553711e+01
-1.306456513702869415e-02,-3.832434490323066711e-02,-1.307047251611948013e-02,2.415520906448364258e+01
-1.302957907319068909e-02,-3.834629058837890625e-02,-1.302431151270866394e-02,2.416072106361389160e+01
-1.298852451145648956e-02,-3.836674615740776062e-02,-1.296878047287464142e-02,2.416537499427795410e+01
-1.295132562518119812e-02,-3.839087113738059998e-02,-1.292625442147254944e-02,2.417021918296813965e+01
-1.341486722230911255e-02,-3.870034217834472656e-02,-1.320670917630195618e-02,2.417519521713256836e+01
-1.338962279260158539e-02,-3.873189166188240051e-02,-1.318680681288242340e-02,2.418033409118652344e+01
-1.338145602494478226e-02,-3.878328204154968262e-02,-1.317639835178852081e-02,2.418532299995422363e+01
-1.336448919028043747e-02,-3.882767632603645325e-02,-1.316220778971910477e-02,2.419033503532409668e+01
-1.334751956164836884e-02,-3.887616470456123352e-02,-1.314975414425134659e-02,2.419545316696166992e+01
-1.333113387227058411e-02,-3.892811015248298645e-02,-1.314091868698596954e-02,2.420032310485839844e+01
-1.324438769370317459e-02,-3.898707404732704163e-02,-1.307458430528640747e-02,2.420535016059875488e+01
-1.377660501748323441e-02,-3.907964378595352173e-02,-1.301347464323043823e-02,2.421034502983093262e+01
-1.371077913790941238e-02,-3.910795971751213074e-02,-1.294060982763767242e-02,2.421525716781616211e+01
-1.359278056770563126e-02,-3.912954404950141907e-02,-1.281245518475770950e-02,2.422032618522644043e+01
-1.347647793591022491e-02,-3.915914893150329590e-02,-1.269241794943809509e-02,2.422528004646301270e+01
-1.334078889340162277e-02,-3.918997198343276978e-02,-1.255433820188045502e-02,2.423047113418579102e+01
-1.315289642661809921e-02,-3.921411558985710144e-02,-1.242208946496248245e-02,2.423531007766723633e+01
-1.387387793511152267e-02,-3.932349011301994324e-02,-1.271794084459543228e-02,2.424033904075622559e+01
-1.369026489555835724e-02,-3.932913020253181458e-02,-1.260440144687891006e-02,2.424531602859497070e+01
-1.358355581760406494e-02,-3.936368599534034729e-02,-1.260741613805294037e-02,2.425048017501831055e+01
-1.341184973716735840e-02,-3.938999027013778687e-02,-1.255822833627462387e-02,2.425543808937072754e+01
-1.323079597204923630e-02,-3.942126035690307617e-02,-1.252519153058528900e-02,2.426060318946838379e+01
-1.311353314667940140e-02,-3.944132477045059204e-02,-1.252690330147743225e-02,2.426542711257934570e+01
-1.297644060105085373e-02,-3.946860879659652710e-02,-1.253900211304426193e-02,2.427044916152954102e+01
-1.418681349605321884e-02,-3.959888592362403870e-02,-1.243043784052133560e-02,2.427542901039123535e+01
-1.417935919016599655e-02,-3.958004340529441833e-02,-1.246036496013402939e-02,2.428051900863647461e+01
-1.424020435661077499e-02,-3.954368829727172852e-02,-1.248427294194698334e-02,2.428555798530578613e+01
-1.428962778300046921e-02,-3.951680660247802734e-02,-1.253463793545961380e-02,2.429044318199157715e+01
-1.435941364616155624e-02,-3.948817774653434753e-02,-1.260352227836847305e-02,2.429573106765747070e+01
-1.444767229259014130e-02,-3.946537896990776062e-02,-1.265905145555734634e-02,2.430049419403076172e+01
-1.455568987876176834e-02,-3.943734243512153625e-02,-1.273402478545904160e-02,2.430553698539733887e+01
-1.448281668126583099e-02,-4.000439122319221497e-02,-1.235374063253402710e-02,2.431043100357055664e+01
-1.452705543488264084e-02,-4.000245407223701477e-02,-1.237108092755079269e-02,2.431542015075683594e+01
-1.461284141987562180e-02,-3.999476879835128784e-02,-1.239815633744001389e-02,2.432056617736816406e+01
-1.470817439258098602e-02,-3.998558968305587769e-02,-1.243137102574110031e-02,2.432539820671081543e+01
-1.477273553609848022e-02,-3.998791053891181946e-02,-1.246934663504362106e-02,2.433074998855590820e+01
-1.485223229974508286e-02,-3.998884558677673340e-02,-1.251160074025392532e-02,2.433551621437072754e+01
-1.476108469069004059e-02,-4.042363539338111877e-02,-1.241079438477754593e-02,2.434064912796020508e+01
-1.470929570496082306e-02,-4.044367745518684387e-02,-1.236789673566818237e-02,2.434551906585693359e+01
-1.468351390212774277e-02,-4.047132283449172974e-02,-1.235499978065490723e-02,2.435064101219177246e+01
-1.464002672582864761e-02,-4.050254449248313904e-02,-1.233102660626173019e-02,2.435563302040100098e+01
-1.457095984369516373e-02,-4.054481536149978638e-02,-1.227134186774492264e-02,2.436100220680236816e+01
-1.448520645499229431e-02,-4.058845713734626770e-02,-1.220593042671680450e-02,2.436568617820739746e+01
-1.437958888709545135e-02,-4.063703864812850952e-02,-1.212520152330398560e-02,2.437058901786804199e+01
-1.481205690652132034e-02,-4.092925786972045898e-02,-1.250910852104425430e-02,2.437540102005004883e+01
-1.468678005039691925e-02,-4.097065329551696777e-02,-1.247310917824506760e-02,2.438056612014770508e+01
-1.454402226954698563e-02,-4.102309420704841614e-02,-1.239517331123352051e-02,2.438551712036132812e+01
-1.437956839799880981e-02,-4.108175262808799744e-02,-1.230886485427618027e-02,2.439086103439331055e+01
-1.426624227315187454e-02,-4.114099219441413879e-02,-1.224054954946041107e-02,2.439587306976318359e+01
-1.412139553576707840e-02,-4.120541363954544067e-02,-1.215958129614591599e-02,2.440063405036926270e+01
-1.504893135279417038e-02,-4.121088609099388123e-02,-1.228331960737705231e-02,2.440569519996643066e+01
-1.503165625035762787e-02,-4.120666906237602234e-02,-1.225473638623952866e-02,2.441073107719421387e+01
-1.499647460877895355e-02,-4.121844843029975891e-02,-1.219985354691743851e-02,2.441561222076416016e+01
-1.497056800872087479e-02,-4.122832044959068298e-02,-1.215086318552494049e-02,2.442078018188476562e+01
-1.494434289634227753e-02,-4.124501720070838928e-02,-1.213758159428834915e-02,2.442569804191589355e+01
-1.492831949144601822e-02,-4.125643149018287659e-02,-1.212470699101686478e-02,2.443087816238403320e+01
-1.491805911064147949e-02,-4.126567393541336060e-02,-1.212394703179597855e-02,2.443570518493652344e+01
-1.535587385296821594e-02,-4.148109257221221924e-02,-1.211239676922559738e-02,2.444077801704406738e+01
-1.536934543401002884e-02,-4.148793965578079224e-02,-1.213774830102920532e-02,2.444570899009704590e+01
-1.538815721869468689e-02,-4.150002822279930115e-02,-1.217596698552370071e-02,2.445072317123413086e+01
-1.541155390441417694e-02,-4.151605814695358276e-02,-1.222451683133840561e-02,2.445572209358215332e+01
-1.540123857557773590e-02,-4.152684658765792847e-02,-1.223249919712543488e-02,2.446099209785461426e+01
-1.540782861411571503e-02,-4.154518991708755493e-02,-1.226778328418731689e-02,2.446664500236511230e+01
-1.541139930486679077e-02,-4.156305268406867981e-02,-1.230655703693628311e-02,2.447086215019226074e+01
-1.564707234501838684e-02,-4.196161776781082153e-02,-1.222656387835741043e-02,2.447580218315124512e+01
-1.563363522291183472e-02,-4.198352992534637451e-02,-1.224172953516244888e-02,2.448087501525878906e+01
-1.561823394149541855e-02,-4.200839623808860779e-02,-1.225909031927585602e-02,2.448573303222656250e+01
-1.549776084721088409e-02,-4.202901944518089294e-02,-1.217556465417146683e-02,2.449084901809692383e+01
-1.543855015188455582e-02,-4.205885156989097595e-02,-1.215585600584745407e-02,2.449669408798217773e+01
-1.536966394633054733e-02,-4.209356382489204407e-02,-1.213010400533676147e-02,2.450075721740722656e+01
-1.583482325077056885e-02,-4.233358800411224365e-02,-1.220727805048227310e-02,2.450564002990722656e+01
-1.578501611948013306e-02,-4.234854131937026978e-02,-1.219742558896541595e-02,2.451079320907592773e+01
-1.572884432971477509e-02,-4.236558452248573303e-02,-1.219144929200410843e-02,2.451584506034851074e+01
-1.571079157292842865e-02,-4.237760975956916809e-02,-1.221684273332357407e-02,2.452105522155761719e+01
-1.567191630601882935e-02,-4.239721968770027161e-02,-1.223778724670410156e-02,2.452587413787841797e+01
-1.563494093716144562e-02,-4.241827875375747681e-02,-1.226896420121192932e-02,2.453099012374877930e+01
-1.559996977448463440e-02,-4.243985563516616821e-02,-1.231222134083509445e-02,2.453662300109863281e+01
-1.603249087929725647e-02,-4.259262606501579285e-02,-1.194132026284933090e-02,2.454095411300659180e+01
-1.601838320493698120e-02,-4.258761927485466003e-02,-1.194618921726942062e-02,2.454583621025085449e+01
-1.600760966539382935e-02,-4.258302971720695496e-02,-1.196077652275562286e-02,2.455100917816162109e+01
-1.598313264548778534e-02,-4.258913174271583557e-02,-1.195332314819097519e-02,2.455673408508300781e+01
-1.596872881054878235e-02,-4.259006306529045105e-02,-1.196809485554695129e-02,2.456119513511657715e+01
-1.595368050038814545e-02,-4.259138181805610657e-02,-1.198708917945623398e-02,2.456607198715209961e+01
-1.592241600155830383e-02,-4.259356856346130371e-02,-1.200283411890268326e-02,2.457095408439636230e+01
-1.620730198919773102e-02,-4.298668727278709412e-02,-1.210590638220310211e-02,2.457599520683288574e+01
-1.617983356118202209e-02,-4.300025850534439087e-02,-1.212447136640548706e-02,2.458093309402465820e+01
-1.616180501878261566e-02,-4.302944988012313843e-02,-1.214067265391349792e-02,2.458601617813110352e+01
-1.613413169980049133e-02,-4.305279999971389771e-02,-1.216253824532032013e-02,2.459098911285400391e+01
-1.610382832586765289e-02,-4.307854175567626953e-02,-1.218320615589618683e-02,2.459681320190429688e+01
-1.606696471571922302e-02,-4.309805855154991150e-02,-1.219953503459692001e-02,2.460107421875000000e+01
-1.646506600081920624e-02,-4.333170503377914429e-02,-1.215481292456388474e-02,2.460602116584777832e+01
-1.644019223749637604e-02,-4.334987699985504150e-02,-1.216374337673187256e-02,2.461113715171813965e+01
-1.641424559056758881e-02,-4.336901381611824036e-02,-1.216608844697475433e-02,2.461652517318725586e+01
-1.638405211269855499e-02,-4.338849708437919617e-02,-1.216781791299581528e-02,2.462116813659667969e+01
-1.635111123323440552e-02,-4.340812191367149353e-02,-1.217009779065847397e-02,2.462689113616943359e+01
-1.631448045372962952e-02,-4.343117401003837585e-02,-1.217001490294933319e-02,2.463127803802490234e+01
-1.631237193942070007e-02,-4.345891997218132019e-02,-1.217069476842880249e-02,2.463693118095397949e+01
-1.675749756395816803e-02,-4.371805116534233093e-02,-1.219434943050146103e-02,2.464116907119750977e+01
-1.676959916949272156e-02,-4.373962059617042542e-02,-1.218402758240699768e-02,2.464654517173767090e+01
-1.671869307756423950e-02,-4.375883564352989197e-02,-1.217494066804647446e-02,2.465111207962036133e+01
-1.669857278466224670e-02,-4.378269240260124207e-02,-1.216223090887069702e-02,2.465680503845214844e+01
-1.667226478457450867e-02,-4.380884394049644470e-02,-1.214540284126996994e-02,2.466139912605285645e+01
-1.665453799068927765e-02,-4.384094476699829102e-02,-1.214897260069847107e-02,2.466639804840087891e+01
-1.662821508944034576e-02,-4.387331008911132812e-02,-1.214851252734661102e-02,2.467148017883300781e+01
-1.692019961774349213e-02,-4.403896629810333252e-02,-1.224144641309976578e-02,2.467673110961914062e+01
-1.690464839339256287e-02,-4.405779391527175903e-02,-1.228404045104980469e-02,2.468149614334106445e+01
-1.688414253294467926e-02,-4.407969117164611816e-02,-1.232885196805000305e-02,2.468686413764953613e+01
-1.686301827430725098e-02,-4.410401731729507446e-02,-1.238141488283872604e-02,2.469118213653564453e+01
-1.683240570127964020e-02,-4.412750899791717529e-02,-1.241147611290216446e-02,2.469698214530944824e+01
-1.680249720811843872e-02,-4.415306076407432556e-02,-1.245494000613689423e-02,2.470121717453002930e+01
-1.715416833758354187e-02,-4.432162642478942871e-02,-1.216122880578041077e-02,2.470624208450317383e+01
-1.713003590703010559e-02,-4.433302208781242371e-02,-1.218017935752868652e-02,2.471118998527526855e+01
-1.712464727461338043e-02,-4.435938969254493713e-02,-1.216460112482309341e-02,2.471668815612792969e+01
-1.710602268576622009e-02,-4.437897354364395142e-02,-1.216404978185892105e-02,2.472134709358215332e+01
-1.708808168768882751e-02,-4.440081492066383362e-02,-1.216005161404609680e-02,2.472624921798706055e+01
-1.705186627805233002e-02,-4.442460089921951294e-02,-1.216208655387163162e-02,2.473120808601379395e+01
-1.701827161014080048e-02,-4.445061087608337402e-02,-1.215773541480302811e-02,2.473669815063476562e+01
-1.746001839637756348e-02,-4.470309987664222717e-02,-1.219897624105215073e-02,2.474120616912841797e+01
-1.744388788938522339e-02,-4.471649974584579468e-02,-1.220421493053436279e-02,2.474658608436584473e+01
-1.741875521838665009e-02,-4.473590850830078125e-02,-1.219784654676914215e-02,2.475130820274353027e+01
-1.739128679037094116e-02,-4.475542902946472168e-02,-1.219203416258096695e-02,2.475662422180175781e+01
-1.736818440258502960e-02,-4.477220401167869568e-02,-1.219693012535572052e-02,2.476146721839904785e+01
-1.734075136482715607e-02,-4.479198902845382690e-02,-1.219928823411464691e-02,2.476672601699829102e+01
-1.731206849217414856e-02,-4.481240734457969666e-02,-1.220326498150825500e-02,2.477136421203613281e+01
-1.767755672335624695e-02,-4.503149539232254028e-02,-1.223116461187601089e-02,2.477675819396972656e+01
-1.766181550920009613e-02,-4.504975304007530212e-02,-1.224082801491022110e-02,2.478135704994201660e+01
-1.764569617807865143e-02,-4.507007449865341187e-02,-1.225485559552907944e-02,2.478693914413452148e+01
-1.762755401432514191e-02,-4.509470984339714050e-02,-1.227097492665052414e-02,2.479162406921386719e+01
-1.760906912386417389e-02,-4.511957615613937378e-02,-1.229031942784786224e-02,2.479689717292785645e+01
-1.758937351405620575e-02,-4.514671489596366882e-02,-1.231211796402931213e-02,2.480143904685974121e+01
-1.799582131206989288e-02,-4.526618495583534241e-02,-1.229869201779365540e-02,2.480715012550354004e+01
-1.796049624681472778e-02,-4.529250785708427429e-02,-1.231180131435394287e-02,2.481145310401916504e+01
-1.795776002109050751e-02,-4.530561342835426331e-02,-1.233121007680892944e-02,2.481676220893859863e+01
-1.795239746570587158e-02,-4.532182961702346802e-02,-1.235397905111312866e-02,2.482143712043762207e+01
-1.794245652854442596e-02,-4.534108191728591919e-02,-1.238166913390159607e-02,2.482682514190673828e+01
-1.792835071682929993e-02,-4.536059126257896423e-02,-1.240856014192104340e-02,2.483142709732055664e+01
-1.791126094758510590e-02,-4.538283124566078186e-02,-1.243546511977910995e-02,2.483677220344543457e+01
-1.811708137392997742e-02,-4.564886167645454407e-02,-1.226395741105079651e-02,2.484144520759582520e+01
-1.809193193912506104e-02,-4.566552489995956421e-02,-1.226454600691795349e-02,2.484708905220031738e+01
-1.806490309536457062e-02,-4.568476974964141846e-02,-1.226888783276081085e-02,2.485135722160339355e+01
-1.803926005959510803e-02,-4.570398479700088501e-02,-1.228028908371925354e-02,2.485697317123413086e+01
-1.800993084907531738e-02,-4.572628811001777649e-02,-1.228762697428464890e-02,2.486173701286315918e+01
-1.797866076231002808e-02,-4.575062170624732971e-02,-1.229285448789596558e-02,2.486680507659912109e+01
-1.794743351638317108e-02,-4.578008875250816345e-02,-1.229087729007005692e-02,2.487162113189697266e+01
-1.839657127857208252e-02,-4.600702971220016479e-02,-1.236604899168014526e-02,2.487682604789733887e+01
-1.838096044957637787e-02,-4.602527990937232971e-02,-1.237640995532274246e-02,2.488163399696350098e+01
-1.836368069052696228e-02,-4.604419320821762085e-02,-1.238800305873155594e-02,2.488678002357482910e+01
-1.834117807447910309e-02,-4.606164246797561646e-02,-1.239911187440156937e-02,2.489160513877868652e+01
-1.831903308629989624e-02,-4.608437046408653259e-02,-1.241338066756725311e-02,2.489701604843139648e+01
-1.829521544277667999e-02,-4.610998556017875671e-02,-1.243111025542020798e-02,2.490165805816650391e+01
-1.866237074136734009e-02,-4.630004614591598511e-02,-1.232600398361682892e-02,2.490679216384887695e+01
-1.864319108426570892e-02,-4.631088301539421082e-02,-1.232981123030185699e-02,2.491159605979919434e+01
-1.862089708447456360e-02,-4.632228612899780273e-02,-1.233451627194881439e-02,2.491718101501464844e+01
-1.860421895980834961e-02,-4.633615165948867798e-02,-1.234345231205224991e-02,2.492171216011047363e+01
-1.858108676970005035e-02,-4.634995013475418091e-02,-1.235127542167901993e-02,2.492700505256652832e+01
-1.855631172657012939e-02,-4.636349529027938843e-02,-1.235977746546268463e-02,2.493169808387756348e+01
-1.852693781256675720e-02,-4.638027027249336243e-02,-1.237228978425264359e-02,2.493693709373474121e+01
-1.887344568967819214e-02,-4.671318456530570984e-02,-1.246286369860172272e-02,2.494174098968505859e+01
-1.884944364428520203e-02,-4.673479869961738586e-02,-1.248509064316749573e-02,2.494687819480895996e+01
-1.882448047399520874e-02,-4.676152765750885010e-02,-1.250796020030975342e-02,2.495175218582153320e+01
-1.879792660474777222e-02,-4.678888618946075439e-02,-1.253246702253818512e-02,2.495684218406677246e+01
-1.876912452280521393e-02,-4.681811854243278503e-02,-1.255993265658617020e-02,2.496219706535339355e+01
-1.873801462352275848e-02,-4.684872180223464966e-02,-1.259078178554773331e-02,2.496708202362060547e+01
-1.870632171630859375e-02,-4.688246548175811768e-02,-1.260496955364942551e-02,2.497174811363220215e+01
-1.915808767080307007e-02,-4.709198325872421265e-02,-1.252889446914196014e-02,2.497681403160095215e+01
-1.914594508707523346e-02,-4.710416868329048157e-02,-1.253976579755544662e-02,2.498173904418945312e+01
-1.913246884942054749e-02,-4.712557047605514526e-02,-1.255081780254840851e-02,2.498683810234069824e+01
-1.911668293178081512e-02,-4.714476689696311951e-02,-1.256019622087478638e-02,2.499174308776855469e+01
-1.909885928034782410e-02,-4.716695100069046021e-02,-1.256956718862056732e-02,2.499709820747375488e+01
-1.907892525196075439e-02,-4.719013720750808716e-02,-1.257869414985179901e-02,2.500187420845031738e+01
-1.940715499222278595e-02,-4.757541418075561523e-02,-1.258570980280637741e-02,2.500697112083435059e+01
-1.938951946794986725e-02,-4.758636653423309326e-02,-1.258511096239089966e-02,2.501187801361083984e+01
-1.936993934214115143e-02,-4.759493842720985413e-02,-1.258347742259502411e-02,2.501689410209655762e+01
-1.934845186769962311e-02,-4.760860651731491089e-02,-1.258085388690233231e-02,2.502187299728393555e+01
-1.932500302791595459e-02,-4.762575402855873108e-02,-1.257783547043800354e-02,2.502702522277832031e+01
-1.929879188537597656e-02,-4.765586182475090027e-02,-1.258212607353925705e-02,2.503186202049255371e+01
-1.927058584988117218e-02,-4.768247529864311218e-02,-1.258450839668512344e-02,2.503693318367004395e+01
-1.961853727698326111e-02,-4.805013164877891541e-02,-1.268742792308330536e-02,2.504183506965637207e+01
-1.959053799510002136e-02,-4.806013405323028564e-02,-1.269104797393083572e-02,2.504706621170043945e+01
-1.956209726631641388e-02,-4.808444529771804810e-02,-1.270958036184310913e-02,2.505184316635131836e+01
-1.953307911753654480e-02,-4.810929670929908752e-02,-1.273060310631990433e-02,2.505702805519104004e+01
-1.950327679514884949e-02,-4.813357070088386536e-02,-1.275428663939237595e-02,2.506207418441772461e+01
-1.946917548775672913e-02,-4.816136881709098816e-02,-1.276907138526439667e-02,2.506689405441284180e+01
-1.943464949727058411e-02,-4.818777367472648621e-02,-1.278975885361433029e-02,2.507199215888977051e+01
-1.987576298415660858e-02,-4.850000888109207153e-02,-1.278276741504669189e-02,2.507689118385314941e+01
-1.985764503479003906e-02,-4.850985482335090637e-02,-1.280692126601934433e-02,2.508195304870605469e+01
-1.983618736267089844e-02,-4.852789267897605896e-02,-1.282957941293716431e-02,2.508715009689331055e+01
-1.981302164494991302e-02,-4.854844510555267334e-02,-1.285649463534355164e-02,2.509206199645996094e+01
-1.978634670376777649e-02,-4.857857525348663330e-02,-1.287960726767778397e-02,2.509712314605712891e+01
-1.975798234343528748e-02,-4.860815405845642090e-02,-1.290647406131029129e-02,2.510200905799865723e+01
-2.011631987988948822e-02,-4.890858381986618042e-02,-1.290066633373498917e-02,2.510708999633789062e+01
-2.011165022850036621e-02,-4.893064871430397034e-02,-1.291344128549098969e-02,2.511205410957336426e+01
-2.009937725961208344e-02,-4.895099624991416931e-02,-1.293027773499488831e-02,2.511700510978698730e+01
-2.008632570505142212e-02,-4.897417500615119934e-02,-1.294693723320960999e-02,2.512195706367492676e+01
-2.006726711988449097e-02,-4.900032281875610352e-02,-1.298214588314294815e-02,2.512720012664794922e+01
-2.004924789071083069e-02,-4.902857169508934021e-02,-1.301326602697372437e-02,2.513208699226379395e+01
-2.002980373799800873e-02,-4.905929788947105408e-02,-1.304832659661769867e-02,2.513706111907958984e+01
-2.039976790547370911e-02,-4.922112822532653809e-02,-1.295890193432569504e-02,2.514217114448547363e+01
-2.037167549133300781e-02,-4.924098774790763855e-02,-1.299918815493583679e-02,2.514708209037780762e+01
-2.034832909703254700e-02,-4.926427081227302551e-02,-1.304344087839126587e-02,2.515218520164489746e+01
-2.032206393778324127e-02,-4.929005727171897888e-02,-1.309690345078706741e-02,2.515707921981811523e+01
-2.028901875019073486e-02,-4.930680617690086365e-02,-1.315426267683506012e-02,2.516226410865783691e+01
-2.025336399674415588e-02,-4.932812228798866272e-02,-1.321764290332794189e-02,2.516709017753601074e+01
-2.047847211360931396e-02,-4.943023622035980225e-02,-1.317169703543186188e-02,2.517218613624572754e+01
-2.043513022363185883e-02,-4.945459961891174316e-02,-1.318309362977743149e-02,2.517709708213806152e+01
-2.038771845400333405e-02,-4.947140812873840332e-02,-1.320890802890062332e-02,2.518214702606201172e+01
-2.033608220517635345e-02,-4.949106276035308838e-02,-1.323606725782155991e-02,2.518706917762756348e+01
-2.028781734406948090e-02,-4.951224103569984436e-02,-1.322866883128881454e-02,2.519218611717224121e+01
-2.023351378738880157e-02,-4.953616112470626831e-02,-1.322439964860677719e-02,2.519723916053771973e+01
-2.017697878181934357e-02,-4.956099763512611389e-02,-1.320865750312805176e-02,2.520224714279174805e+01
-2.066252939403057098e-02,-4.986248165369033813e-02,-1.344006694853305817e-02,2.520729112625122070e+01
-2.064001373946666718e-02,-4.989670589566230774e-02,-1.338653266429901123e-02,2.521226310729980469e+01
-2.061780542135238647e-02,-4.993595927953720093e-02,-1.330990623682737350e-02,2.521725201606750488e+01
-2.059575542807579041e-02,-4.998020827770233154e-02,-1.321008428931236267e-02,2.522225213050842285e+01
-2.059662528336048126e-02,-5.000877007842063904e-02,-1.316547580063343048e-02,2.522742915153503418e+01
-2.058957144618034363e-02,-5.004818364977836609e-02,-1.306796725839376450e-02,2.523231816291809082e+01
-2.058705128729343414e-02,-5.008853971958160400e-02,-1.296501141041517258e-02,2.523731708526611328e+01
-2.096338756382465363e-02,-5.008619278669357300e-02,-1.338789705187082291e-02,2.524228119850158691e+01
-2.094330638647079468e-02,-5.008971318602561951e-02,-1.338817831128835678e-02,2.524729418754577637e+01
-2.092210762202739716e-02,-5.009507387876510620e-02,-1.339913718402385712e-02,2.525229716300964355e+01
-2.086270786821842194e-02,-5.010846629738807678e-02,-1.345172524452209473e-02,2.525724220275878906e+01
-2.081494219601154327e-02,-5.011878535151481628e-02,-1.350180152803659439e-02,2.526245117187500000e+01
-2.075961790978908539e-02,-5.013090744614601135e-02,-1.356906816363334656e-02,2.526738715171813965e+01
-2.070568688213825226e-02,-5.014581605792045593e-02,-1.362351886928081512e-02,2.527237915992736816e+01
-2.118191495537757874e-02,-5.037297308444976807e-02,-1.306908205151557922e-02,2.527733016014099121e+01
-2.113552577793598175e-02,-5.038428679108619690e-02,-1.307754870504140854e-02,2.528241014480590820e+01
-2.110171690583229065e-02,-5.039200559258460999e-02,-1.303854770958423615e-02,2.528747320175170898e+01
-2.105665765702724457e-02,-5.040210112929344177e-02,-1.302292291074991226e-02,2.529244303703308105e+01
-2.100951224565505981e-02,-5.041330307722091675e-02,-1.300205569714307785e-02,2.529759812355041504e+01
-2.096247486770153046e-02,-5.042727664113044739e-02,-1.298182643949985504e-02,2.530239319801330566e+01
-2.143757231533527374e-02,-5.073531344532966614e-02,-1.304868515580892563e-02,2.530745220184326172e+01
-2.140986360609531403e-02,-5.074780434370040894e-02,-1.303187292069196701e-02,2.531242704391479492e+01
-2.138124406337738037e-02,-5.076123401522636414e-02,-1.301450282335281372e-02,2.531743001937866211e+01
-2.136358059942722321e-02,-5.077461153268814087e-02,-1.303707156330347061e-02,2.532239508628845215e+01
-2.133947238326072693e-02,-5.079220607876777649e-02,-1.303663756698369980e-02,2.532743215560913086e+01
-2.131577208638191223e-02,-5.081259831786155701e-02,-1.303887087851762772e-02,2.533241415023803711e+01
-2.128261327743530273e-02,-5.083915218710899353e-02,-1.304343156516551971e-02,2.533737206459045410e+01
-2.165105193853378296e-02,-5.104320868849754333e-02,-1.309917774051427841e-02,2.534241509437561035e+01
-2.162931486964225769e-02,-5.104959756135940552e-02,-1.310982089489698410e-02,2.534743404388427734e+01
-2.160730026662349701e-02,-5.106130242347717285e-02,-1.310623064637184143e-02,2.535241699218750000e+01
-2.158129960298538208e-02,-5.107253789901733398e-02,-1.311091147363185883e-02,2.535743308067321777e+01
-2.155231684446334839e-02,-5.108280852437019348e-02,-1.311529893428087234e-02,2.536257600784301758e+01
-2.153008989989757538e-02,-5.108785256743431091e-02,-1.310316473245620728e-02,2.536743402481079102e+01
-2.189103513956069946e-02,-5.138235911726951599e-02,-1.311593316495418549e-02,2.537242317199707031e+01
-2.188376896083354950e-02,-5.139221996068954468e-02,-1.308784075081348419e-02,2.537743306159973145e+01
-2.187396585941314697e-02,-5.140822008252143860e-02,-1.307552214711904526e-02,2.538246512413024902e+01
-2.186607010662555695e-02,-5.142442137002944946e-02,-1.305235642939805984e-02,2.538748311996459961e+01
-2.185766026377677917e-02,-5.144137889146804810e-02,-1.302908640354871750e-02,2.539248919486999512e+01
-2.184878475964069366e-02,-5.145920068025588989e-02,-1.300220005214214325e-02,2.539789009094238281e+01
-2.184643782675266266e-02,-5.148347839713096619e-02,-1.300091203302145004e-02,2.540247416496276855e+01
-2.217484824359416962e-02,-5.171789601445198059e-02,-1.309134811162948608e-02,2.540737700462341309e+01
-2.218259312212467194e-02,-5.172515287995338440e-02,-1.308089774101972580e-02,2.541248512268066406e+01
-2.215813100337982178e-02,-5.172479525208473206e-02,-1.310185808688402176e-02,2.541777300834655762e+01
-2.214775606989860535e-02,-5.173318460583686829e-02,-1.311083137989044189e-02,2.542263817787170410e+01
-2.213289588689804077e-02,-5.174353346228599548e-02,-1.312449201941490173e-02,2.542787098884582520e+01
-2.211843989789485931e-02,-5.176426097750663757e-02,-1.312348991632461548e-02,2.543253016471862793e+01
-2.209882810711860657e-02,-5.178278312087059021e-02,-1.313330233097076416e-02,2.543764209747314453e+01
-2.237354218959808350e-02,-5.210381373763084412e-02,-1.315240003168582916e-02,2.544260907173156738e+01
-2.233838103711605072e-02,-5.212121456861495972e-02,-1.315294951200485229e-02,2.544754314422607422e+01
-2.230463735759258270e-02,-5.214339122176170349e-02,-1.315625291317701340e-02,2.545265913009643555e+01
-2.226602844893932343e-02,-5.216903239488601685e-02,-1.316297985613346100e-02,2.545756602287292480e+01
-2.223972603678703308e-02,-5.219231545925140381e-02,-1.317625585943460464e-02,2.546259403228759766e+01
-2.220579981803894043e-02,-5.221841856837272644e-02,-1.318901497870683670e-02,2.546805810928344727e+01
-2.217120677232742310e-02,-5.224654078483581543e-02,-1.320351101458072662e-02,2.547277307510375977e+01
-2.256787754595279694e-02,-5.244270339608192444e-02,-1.328443456441164017e-02,2.547805500030517578e+01
-2.255703508853912354e-02,-5.246274545788764954e-02,-1.331587601453065872e-02,2.548276114463806152e+01
-2.254695072770118713e-02,-5.248550325632095337e-02,-1.335201878100633621e-02,2.548809003829956055e+01
-2.253753691911697388e-02,-5.251165479421615601e-02,-1.339336298406124115e-02,2.549276304244995117e+01
-2.251726761460304260e-02,-5.253388360142707825e-02,-1.341800577938556671e-02,2.549814820289611816e+01
-2.250159531831741333e-02,-5.256216973066329956e-02,-1.345766708254814148e-02,2.550280213356018066e+01
-2.276252582669258118e-02,-5.279528722167015076e-02,-1.329682860523462296e-02,2.550775909423828125e+01
-2.274512499570846558e-02,-5.281618982553482056e-02,-1.328292675316333771e-02,2.551276612281799316e+01
-2.272685989737510681e-02,-5.284325405955314636e-02,-1.328444201499223709e-02,2.551804614067077637e+01
-2.270682156085968018e-02,-5.287450179457664490e-02,-1.328196935355663300e-02,2.552285909652709961e+01
-2.268050052225589752e-02,-5.291532725095748901e-02,-1.327834185212850571e-02,2.552809810638427734e+01
-2.265328727662563324e-02,-5.295493081212043762e-02,-1.326959766447544098e-02,2.553289604187011719e+01
-2.262303233146667480e-02,-5.299715325236320496e-02,-1.325609255582094193e-02,2.553779816627502441e+01
-2.301415614783763885e-02,-5.305843800306320190e-02,-1.333236321806907654e-02,2.554276204109191895e+01
-2.300070971250534058e-02,-5.307839438319206238e-02,-1.332449633628129959e-02,2.554771518707275391e+01
-2.298540808260440826e-02,-5.309835821390151978e-02,-1.331466622650623322e-02,2.555289506912231445e+01
-2.296742238104343414e-02,-5.312003940343856812e-02,-1.331750582903623581e-02,2.555791807174682617e+01
-2.294800058007240295e-02,-5.314259231090545654e-02,-1.331800036132335663e-02,2.556300806999206543e+01
-2.292686887085437775e-02,-5.316770821809768677e-02,-1.332053355872631073e-02,2.556807613372802734e+01
-2.319583855569362640e-02,-5.332833901047706604e-02,-1.346985902637243271e-02,2.557289719581604004e+01
-2.316861972212791443e-02,-5.333047732710838318e-02,-1.348711550235748291e-02,2.557814502716064453e+01
-2.314461767673492432e-02,-5.334177613258361816e-02,-1.351196225732564926e-02,2.558292412757873535e+01
-2.311817370355129242e-02,-5.335491150617599487e-02,-1.354157738387584686e-02,2.558787703514099121e+01
-2.309231646358966827e-02,-5.337791517376899719e-02,-1.356663368642330170e-02,2.559302020072937012e+01
-2.306317165493965149e-02,-5.339796096086502075e-02,-1.359625812619924545e-02,2.559826612472534180e+01
-2.303234115242958069e-02,-5.341935157775878906e-02,-1.362761761993169785e-02,2.560286211967468262e+01
-2.338708005845546722e-02,-5.373572185635566711e-02,-1.356468908488750458e-02,2.560789299011230469e+01
-2.336853742599487305e-02,-5.375490710139274597e-02,-1.357781980186700821e-02,2.561290502548217773e+01
-2.334820851683616638e-02,-5.377622321248054504e-02,-1.359184924513101578e-02,2.561821508407592773e+01
-2.333883568644523621e-02,-5.380095914006233215e-02,-1.360323373228311539e-02,2.562319207191467285e+01
-2.332000061869621277e-02,-5.382299423217773438e-02,-1.362075470387935638e-02,2.562823820114135742e+01
-2.330007217824459076e-02,-5.384579673409461975e-02,-1.364055462181568146e-02,2.563301205635070801e+01
-2.327722683548927307e-02,-5.386870354413986206e-02,-1.365997921675443649e-02,2.563835906982421875e+01
-2.355147525668144226e-02,-5.406451970338821411e-02,-1.345489360392093658e-02,2.564302611351013184e+01
-2.353130094707012177e-02,-5.407644063234329224e-02,-1.344161666929721832e-02,2.564842605590820312e+01
-2.350961975753307343e-02,-5.409007519483566284e-02,-1.342972833663225174e-02,2.565305113792419434e+01
-2.348205819725990295e-02,-5.409972742199897766e-02,-1.341308653354644775e-02,2.565804505348205566e+01
-2.345459908246994019e-02,-5.411594733595848083e-02,-1.339538209140300751e-02,2.566326212882995605e+01
-2.342580445110797882e-02,-5.413429066538810730e-02,-1.337572466582059860e-02,2.566801309585571289e+01
-2.378555200994014740e-02,-5.436776578426361084e-02,-1.359656080603599548e-02,2.567302203178405762e+01
-2.377302199602127075e-02,-5.438092350959777832e-02,-1.359441131353378296e-02,2.567804718017578125e+01
-2.375822514295578003e-02,-5.439563840627670288e-02,-1.359017007052898407e-02,2.568313503265380859e+01
-2.374455705285072327e-02,-5.441221594810485840e-02,-1.359191257506608963e-02,2.568818116188049316e+01
-2.372795529663562775e-02,-5.443016812205314636e-02,-1.359532307833433151e-02,2.569327211380004883e+01
-2.370996959507465363e-02,-5.444886535406112671e-02,-1.360076386481523514e-02,2.569826507568359375e+01
-2.369592338800430298e-02,-5.446120351552963257e-02,-1.361902151256799698e-02,2.570313906669616699e+01
-2.394884452223777771e-02,-5.462465435266494751e-02,-1.358231343328952789e-02,2.570824217796325684e+01
-2.394234947860240936e-02,-5.463450774550437927e-02,-1.360421068966388702e-02,2.571305918693542480e+01
-2.394053153693675995e-02,-5.465859919786453247e-02,-1.359655242413282394e-02,2.571814608573913574e+01
-2.393734827637672424e-02,-5.467883497476577759e-02,-1.360615622252225876e-02,2.572307920455932617e+01
-2.393524348735809326e-02,-5.470381304621696472e-02,-1.361320540308952332e-02,2.572877216339111328e+01
-2.388154715299606323e-02,-5.473530292510986328e-02,-1.361966505646705627e-02,2.573332905769348145e+01
-2.383566834032535553e-02,-5.476661026477813721e-02,-1.362181548029184341e-02,2.573805499076843262e+01
-2.403273619711399078e-02,-5.494420230388641357e-02,-1.360390894114971161e-02,2.574304604530334473e+01
-2.395241521298885345e-02,-5.497661605477333069e-02,-1.360894460231065750e-02,2.574842619895935059e+01
-2.400983870029449463e-02,-5.499324202537536621e-02,-1.363746356219053268e-02,2.575320601463317871e+01
-2.398974634706974030e-02,-5.501897260546684265e-02,-1.365311536937952042e-02,2.575814414024353027e+01
-2.397870644927024841e-02,-5.504594370722770691e-02,-1.367119234055280685e-02,2.576328706741333008e+01
-2.392226643860340118e-02,-5.508904904127120972e-02,-1.368112117052078247e-02,2.576834011077880859e+01
-2.428589202463626862e-02,-5.517826229333877563e-02,-1.360026467591524124e-02,2.577317810058593750e+01
-2.424445562064647675e-02,-5.519681796431541443e-02,-1.360869873315095901e-02,2.577826714515686035e+01
-2.426726371049880981e-02,-5.519564822316169739e-02,-1.363251358270645142e-02,2.578304719924926758e+01
-2.425643242895603180e-02,-5.520588904619216919e-02,-1.365049462765455246e-02,2.578832316398620605e+01
-2.425100654363632202e-02,-5.521543696522712708e-02,-1.367073133587837219e-02,2.579329514503479004e+01
-2.421471476554870605e-02,-5.524022504687309265e-02,-1.369831990450620651e-02,2.579823899269104004e+01
-2.418883889913558960e-02,-5.525999143719673157e-02,-1.372844073921442032e-02,2.580314612388610840e+01
-2.435022406280040741e-02,-5.549397319555282593e-02,-1.360056269913911819e-02,2.580825901031494141e+01
-2.431533485651016235e-02,-5.551877245306968689e-02,-1.361061539500951767e-02,2.581303501129150391e+01
-2.427168749272823334e-02,-5.555275455117225647e-02,-1.363203488290309906e-02,2.581830310821533203e+01
-2.422547712922096252e-02,-5.559052526950836182e-02,-1.365505158901214600e-02,2.582312917709350586e+01
-2.417656034231185913e-02,-5.563166365027427673e-02,-1.367819495499134064e-02,2.582844400405883789e+01
-2.410348504781723022e-02,-5.565939843654632568e-02,-1.368248648941516876e-02,2.583329916000366211e+01
-2.403435297310352325e-02,-5.569613352417945862e-02,-1.368758827447891235e-02,2.583823513984680176e+01
-2.461878210306167603e-02,-5.566183850169181824e-02,-1.360563747584819794e-02,2.584329700469970703e+01
-2.465275116264820099e-02,-5.567236244678497314e-02,-1.361126918345689774e-02,2.584826898574829102e+01
-2.464827150106430054e-02,-5.568368360400199890e-02,-1.361253391951322556e-02,2.585330200195312500e+01
-2.465046942234039307e-02,-5.569694191217422485e-02,-1.361501868814229965e-02,2.585830020904541016e+01
-2.464656904339790344e-02,-5.571243911981582642e-02,-1.363245770335197449e-02,2.586342406272888184e+01
-2.465069107711315155e-02,-5.572941154241561890e-02,-1.364520750939846039e-02,2.586849713325500488e+01
-2.490424364805221558e-02,-5.594233050942420959e-02,-1.367803197354078293e-02,2.587344598770141602e+01
-2.486555837094783783e-02,-5.594525486230850220e-02,-1.370880380272865295e-02,2.587835502624511719e+01
-2.484747208654880524e-02,-5.595624446868896484e-02,-1.373827923089265823e-02,2.588328909873962402e+01
-2.482327073812484741e-02,-5.596484988927841187e-02,-1.377312559634447098e-02,2.588855218887329102e+01
-2.480235323309898376e-02,-5.598109960556030273e-02,-1.383132673799991608e-02,2.589357805252075195e+01
-2.477321214973926544e-02,-5.599568039178848267e-02,-1.388967409729957581e-02,2.589846014976501465e+01
-2.474011108279228210e-02,-5.601241067051887512e-02,-1.395616400986909866e-02,2.590341520309448242e+01
-2.493331208825111389e-02,-5.612152442336082458e-02,-1.413118559867143631e-02,2.590845012664794922e+01
-2.489144727587699890e-02,-5.612409114837646484e-02,-1.418946310877799988e-02,2.591342306137084961e+01
-2.484840154647827148e-02,-5.613779649138450623e-02,-1.426592189818620682e-02,2.591871905326843262e+01
-2.479901537299156189e-02,-5.615090206265449524e-02,-1.434296648949384689e-02,2.592344999313354492e+01
-2.475459873676300049e-02,-5.616721883416175842e-02,-1.438132952898740768e-02,2.592874598503112793e+01
-2.470359951257705688e-02,-5.618308857083320618e-02,-1.442865002900362015e-02,2.593341898918151855e+01
-2.464989386498928070e-02,-5.619982630014419556e-02,-1.446595229208469391e-02,2.593855309486389160e+01
-2.507923543453216553e-02,-5.638189241290092468e-02,-1.449114363640546799e-02,2.594348907470703125e+01
-2.507911995053291321e-02,-5.640108510851860046e-02,-1.449656486511230469e-02,2.594852519035339355e+01
-2.509017847478389740e-02,-5.642803013324737549e-02,-1.448948495090007782e-02,2.595348811149597168e+01
-2.506966143846511841e-02,-5.646398290991783142e-02,-1.450768765062093735e-02,2.595854902267456055e+01
-2.506024204194545746e-02,-5.649548768997192383e-02,-1.450808625668287277e-02,2.596369814872741699e+01
-2.504684589803218842e-02,-5.652860179543495178e-02,-1.450777426362037659e-02,2.596863698959350586e+01
-2.535394206643104553e-02,-5.656478926539421082e-02,-1.484510209411382675e-02,2.597359514236450195e+01
-2.536580525338649750e-02,-5.657235905528068542e-02,-1.488940697163343430e-02,2.597900915145874023e+01
-2.538354694843292236e-02,-5.658496543765068054e-02,-1.493997406214475632e-02,2.598356103897094727e+01
-2.539070136845111847e-02,-5.661031603813171387e-02,-1.497688889503479004e-02,2.598855519294738770e+01
-2.540410310029983521e-02,-5.663489177823066711e-02,-1.502035930752754211e-02,2.599373316764831543e+01
-2.541693113744258881e-02,-5.666318908333778381e-02,-1.506075728684663773e-02,2.599875903129577637e+01
-2.542936615645885468e-02,-5.669659376144409180e-02,-1.509835384786128998e-02,2.600357604026794434e+01
-2.567312866449356079e-02,-5.692424625158309937e-02,-1.501149777323007584e-02,2.600863718986511230e+01
-2.569313719868659973e-02,-5.694980174303054810e-02,-1.501165609806776047e-02,2.601357412338256836e+01
-2.571667544543743134e-02,-5.697809159755706787e-02,-1.500479131937026978e-02,2.601879405975341797e+01
-2.571905218064785004e-02,-5.701822042465209961e-02,-1.503138151019811630e-02,2.602371907234191895e+01
-2.573525719344615936e-02,-5.705232918262481689e-02,-1.504128705710172653e-02,2.602885413169860840e+01
-2.575163356959819794e-02,-5.708890035748481750e-02,-1.505357772111892700e-02,2.603369522094726562e+01
-2.572824247181415558e-02,-5.710645392537117004e-02,-1.512187160551548004e-02,2.603873801231384277e+01
-2.546754106879234314e-02,-5.704038590192794800e-02,-1.521905045956373215e-02,2.604369616508483887e+01
-2.540444396436214447e-02,-5.703308805823326111e-02,-1.531090680509805679e-02,2.604892921447753906e+01
-2.540122158825397491e-02,-5.705988779664039612e-02,-1.545189414173364639e-02,2.605371809005737305e+01
-2.536074630916118622e-02,-5.706919729709625244e-02,-1.559673249721527100e-02,2.605876803398132324e+01
-2.532147429883480072e-02,-5.707955360412597656e-02,-1.576581783592700958e-02,2.606387114524841309e+01
-2.527333423495292664e-02,-5.706740170717239380e-02,-1.590651832520961761e-02,2.606880116462707520e+01
-2.524423040449619293e-02,-5.722994729876518250e-02,-1.544130872935056686e-02,2.607370710372924805e+01
-2.516322396695613861e-02,-5.720817297697067261e-02,-1.551455352455377579e-02,2.607873916625976562e+01
-2.508412115275859833e-02,-5.718569085001945496e-02,-1.559871062636375427e-02,2.608382701873779297e+01
-2.499702014029026031e-02,-5.720394849777221680e-02,-1.557766832411289215e-02,2.608878016471862793e+01
-2.491376735270023346e-02,-5.720379948616027832e-02,-1.561850681900978088e-02,2.609401106834411621e+01
-2.482843212783336639e-02,-5.720675736665725708e-02,-1.565201207995414734e-02,2.609887599945068359e+01
-2.472679316997528076e-02,-5.720930919051170349e-02,-1.566011086106300354e-02,2.610383009910583496e+01
-2.518980018794536591e-02,-5.773026123642921448e-02,-1.645467057824134827e-02,2.610887598991394043e+01
-2.511887438595294952e-02,-5.776848271489143372e-02,-1.652555912733078003e-02,2.611382508277893066e+01
-2.511295489966869354e-02,-5.780877172946929932e-02,-1.659118756651878357e-02,2.611899709701538086e+01
-2.507260441780090332e-02,-5.785516649484634399e-02,-1.664139330387115479e-02,2.612384605407714844e+01
-2.503798343241214752e-02,-5.790778249502182007e-02,-1.668106950819492340e-02,2.612901210784912109e+01
-2.499073557555675507e-02,-5.794794112443923950e-02,-1.673482172191143036e-02,2.613388419151306152e+01
-2.495226263999938965e-02,-5.799283459782600403e-02,-1.677655987441539764e-02,2.613891410827636719e+01
-2.510541118681430817e-02,-5.780890583992004395e-02,-1.667789928615093231e-02,2.614382815361022949e+01
-2.510511316359043121e-02,-5.782254412770271301e-02,-1.678995043039321899e-02,2.614888501167297363e+01
-2.509343996644020081e-02,-5.782824009656906128e-02,-1.687106303870677948e-02,2.615383815765380859e+01
-2.508908323943614960e-02,-5.783346667885780334e-02,-1.696155592799186707e-02,2.615891718864440918e+01
-2.503372356295585632e-02,-5.785417556762695312e-02,-1.700116693973541260e-02,2.616422009468078613e+01
-2.499354258179664612e-02,-5.787356197834014893e-02,-1.706413179636001587e-02,2.616896915435791016e+01
-2.488611079752445221e-02,-5.819894000887870789e-02,-1.696978695690631866e-02,2.617394399642944336e+01
-2.479978092014789581e-02,-5.823739618062973022e-02,-1.700080931186676025e-02,2.617894816398620605e+01
-2.469041198492050171e-02,-5.829318612813949585e-02,-1.693940721452236176e-02,2.618402099609375000e+01
-2.457688190042972565e-02,-5.834446847438812256e-02,-1.691126823425292969e-02,2.618896102905273438e+01
-2.445148490369319916e-02,-5.839854851365089417e-02,-1.686611957848072052e-02,2.619401717185974121e+01
-2.433569915592670441e-02,-5.846549198031425476e-02,-1.678085513412952423e-02,2.619895219802856445e+01
-2.420593425631523132e-02,-5.853916704654693604e-02,-1.667997799813747406e-02,2.620405220985412598e+01
-2.461579442024230957e-02,-5.876631662249565125e-02,-1.631365530192852020e-02,2.620902514457702637e+01
-2.449816465377807617e-02,-5.878528952598571777e-02,-1.614053361117839813e-02,2.621399116516113281e+01
-2.438095770776271820e-02,-5.884852260351181030e-02,-1.594464853405952454e-02,2.621942901611328125e+01
-2.425570785999298096e-02,-5.890800058841705322e-02,-1.572546549141407013e-02,2.622408413887023926e+01
-2.417656965553760529e-02,-5.897332727909088135e-02,-1.555912103503942490e-02,2.622925019264221191e+01
-2.408173121511936188e-02,-5.903316289186477661e-02,-1.535454392433166504e-02,2.623397111892700195e+01
-2.399423532187938690e-02,-5.909038335084915161e-02,-1.514448784291744232e-02,2.623912620544433594e+01
-2.474868297576904297e-02,-5.875587090849876404e-02,-1.537633500993251801e-02,2.624405407905578613e+01
-2.473697252571582794e-02,-5.875662714242935181e-02,-1.524970680475234985e-02,2.624910902976989746e+01
-2.473179996013641357e-02,-5.875580012798309326e-02,-1.513144746422767639e-02,2.625399708747863770e+01
-2.473345585167407990e-02,-5.875316262245178223e-02,-1.502243522554636002e-02,2.625908517837524414e+01
-2.477038092911243439e-02,-5.877210199832916260e-02,-1.487511396408081055e-02,2.626405310630798340e+01
-2.480438351631164551e-02,-5.877654999494552612e-02,-1.474358793348073959e-02,2.626909804344177246e+01
-2.515217103064060211e-02,-5.887828394770622253e-02,-1.459476538002490997e-02,2.627417612075805664e+01
-2.513790875673294067e-02,-5.891479924321174622e-02,-1.432159729301929474e-02,2.627909708023071289e+01
-2.517391555011272430e-02,-5.894573405385017395e-02,-1.410504709929227829e-02,2.628422617912292480e+01
-2.520858310163021088e-02,-5.898293852806091309e-02,-1.386737078428268433e-02,2.628911519050598145e+01
-2.520411647856235504e-02,-5.902066081762313843e-02,-1.359755825251340866e-02,2.629429411888122559e+01
-2.520322427153587341e-02,-5.906671658158302307e-02,-1.330813113600015640e-02,2.629917311668395996e+01
-2.519002556800842285e-02,-5.911758542060852051e-02,-1.299321465194225311e-02,2.630422520637512207e+01
-2.530581690371036530e-02,-5.916156247258186340e-02,-1.306798774749040604e-02,2.630916905403137207e+01
-2.527417615056037903e-02,-5.917212739586830139e-02,-1.280331332236528397e-02,2.631416606903076172e+01
-2.523750439286231995e-02,-5.917727202177047729e-02,-1.253835018724203110e-02,2.631916022300720215e+01
-2.519693411886692047e-02,-5.919626727700233459e-02,-1.232824753969907761e-02,2.632422113418579102e+01
-2.515075169503688812e-02,-5.920831114053726196e-02,-1.210838649421930313e-02,2.632931399345397949e+01
-2.509953081607818604e-02,-5.922120437026023865e-02,-1.190369576215744019e-02,2.633408403396606445e+01
-2.572764083743095398e-02,-5.893781781196594238e-02,-1.094274781644344330e-02,2.633916902542114258e+01
-2.563447691500186920e-02,-5.891137197613716125e-02,-1.082277577370405197e-02,2.634421706199645996e+01
-2.561149187386035919e-02,-5.885550752282142639e-02,-1.054893434047698975e-02,2.634918117523193359e+01
-2.558162808418273926e-02,-5.879420414566993713e-02,-1.028815098106861115e-02,2.635417413711547852e+01
-2.555199339985847473e-02,-5.874674022197723389e-02,-9.988075122237205505e-03,2.635930705070495605e+01
-2.551539987325668335e-02,-5.869410932064056396e-02,-9.706919081509113312e-03,2.636434006690979004e+01
-2.547357790172100067e-02,-5.864327400922775269e-02,-9.421795606613159180e-03,2.636930918693542480e+01
-2.596910484135150909e-02,-5.908717215061187744e-02,-9.681998752057552338e-03,2.637428998947143555e+01
-2.596643567085266113e-02,-5.910650640726089478e-02,-9.396255947649478912e-03,2.637930011749267578e+01
-2.596350386738777161e-02,-5.913500860333442688e-02,-9.099551476538181305e-03,2.638433599472045898e+01
-2.601425349712371826e-02,-5.914569646120071411e-02,-8.835170418024063110e-03,2.638930201530456543e+01
-2.604628726840019226e-02,-5.917344242334365845e-02,-8.544918149709701538e-03,2.639443802833557129e+01
-2.608743496239185333e-02,-5.920493975281715393e-02,-8.250551298260688782e-03,2.639949202537536621e+01
-2.612691558897495270e-02,-5.922112986445426941e-02,-8.026552386581897736e-03,2.640435004234313965e+01
-2.614408731460571289e-02,-5.921950191259384155e-02,-8.078119717538356781e-03,2.640930509567260742e+01
-2.617993764579296112e-02,-5.922927707433700562e-02,-7.879467681050300598e-03,2.641430115699768066e+01
-2.613662742078304291e-02,-5.922870337963104248e-02,-7.767294067889451981e-03,2.641948509216308594e+01
-2.612778916954994202e-02,-5.923170223832130432e-02,-7.647891994565725327e-03,2.642435622215270996e+01
-2.610859274864196777e-02,-5.923336371779441833e-02,-7.554595358669757843e-03,2.642960000038146973e+01
-2.607892826199531555e-02,-5.923489853739738464e-02,-7.485191803425550461e-03,2.643431806564331055e+01
-2.624924294650554657e-02,-5.913386121392250061e-02,-7.190271746367216110e-03,2.643935918807983398e+01
-2.618014067411422729e-02,-5.910763517022132874e-02,-7.151268888264894485e-03,2.644448113441467285e+01
-2.609714865684509277e-02,-5.908295884728431702e-02,-7.137974258512258530e-03,2.644952702522277832e+01
-2.608102560043334961e-02,-5.911552533507347107e-02,-7.114754058420658112e-03,2.645446610450744629e+01
-2.601990662515163422e-02,-5.911547690629959106e-02,-7.134551182389259338e-03,2.645946717262268066e+01
-2.595855854451656342e-02,-5.911953374743461609e-02,-7.173325400799512863e-03,2.646436309814453125e+01
-2.591964788734912872e-02,-5.910983309149742126e-02,-7.235350552946329117e-03,2.646950006484985352e+01
-2.622579969465732574e-02,-5.957501754164695740e-02,-7.501867599785327911e-03,2.647445201873779297e+01
-2.621089667081832886e-02,-5.959396809339523315e-02,-7.623380981385707855e-03,2.647949719429016113e+01
-2.620347030460834503e-02,-5.960170552134513855e-02,-7.835832424461841583e-03,2.648448109626770020e+01
-2.620105817914009094e-02,-5.961946398019790649e-02,-8.049060590565204620e-03,2.648948717117309570e+01
-2.620477415621280670e-02,-5.963868647813796997e-02,-8.298000320792198181e-03,2.649476504325866699e+01
-2.619269676506519318e-02,-5.963387712836265564e-02,-8.612056262791156769e-03,2.649959111213684082e+01
-2.618985250592231750e-02,-5.963356420397758484e-02,-8.956735953688621521e-03,2.650447106361389160e+01
-2.635060250759124756e-02,-5.971020460128784180e-02,-8.857741951942443848e-03,2.650951313972473145e+01
-2.635199762880802155e-02,-5.967175588011741638e-02,-9.234314784407615662e-03,2.651457405090332031e+01
-2.643157355487346649e-02,-5.966857075691223145e-02,-9.648984298110008240e-03,2.651958918571472168e+01
-2.647787518799304962e-02,-5.964168906211853027e-02,-1.011126302182674408e-02,2.652463507652282715e+01
-2.653562650084495544e-02,-5.961384624242782593e-02,-1.061823125928640366e-02,2.652971410751342773e+01
-2.661699615418910980e-02,-5.959176644682884216e-02,-1.108673773705959320e-02,2.653458905220031738e+01
-2.675011008977890015e-02,-6.054526939988136292e-02,-1.177259068936109543e-02,2.653962111473083496e+01
-2.683294564485549927e-02,-6.058798730373382568e-02,-1.227402593940496445e-02,2.654450917243957520e+01
-2.677198126912117004e-02,-6.062503531575202942e-02,-1.265133172273635864e-02,2.654962801933288574e+01
-2.678334340453147888e-02,-6.068050116300582886e-02,-1.308266073465347290e-02,2.655453109741210938e+01
-2.678090333938598633e-02,-6.075562164187431335e-02,-1.348749641329050064e-02,2.655967998504638672e+01
-2.660804428160190582e-02,-6.093940138816833496e-02,-1.370648108422756195e-02,2.656467604637145996e+01
-2.645504660904407501e-02,-6.109948828816413879e-02,-1.396121177822351456e-02,2.656958317756652832e+01
-2.606648020446300507e-02,-6.152263283729553223e-02,-1.433564350008964539e-02,2.657456707954406738e+01
-2.594712749123573303e-02,-6.156316772103309631e-02,-1.411248650401830673e-02,2.657967710494995117e+01
-2.569994889199733734e-02,-6.164864823222160339e-02,-1.398187596350908279e-02,2.658470201492309570e+01
-2.544106543064117432e-02,-6.172962114214897156e-02,-1.373604126274585724e-02,2.658969020843505859e+01
-2.527881972491741180e-02,-6.188599765300750732e-02,-1.352416630834341049e-02,2.659513211250305176e+01
-2.509226836264133453e-02,-6.204221397638320923e-02,-1.316681597381830215e-02,2.659987711906433105e+01
-2.492406032979488373e-02,-6.221554800868034363e-02,-1.274306327104568481e-02,2.660467410087585449e+01
-2.659760415554046631e-02,-6.202160939574241638e-02,-1.320758461952209473e-02,2.660969519615173340e+01
-2.648996375501155853e-02,-6.205696985125541687e-02,-1.320954505354166031e-02,2.661467504501342773e+01
-2.645505592226982117e-02,-6.218017265200614929e-02,-1.292018033564090729e-02,2.661968207359313965e+01
-2.641873806715011597e-02,-6.230223923921585083e-02,-1.262798532843589783e-02,2.662467312812805176e+01
-2.643864043056964874e-02,-6.243423745036125183e-02,-1.251199096441268921e-02,2.662996506690979004e+01
-2.644925378262996674e-02,-6.256485730409622192e-02,-1.236881874501705170e-02,2.663473820686340332e+01
-2.705749124288558960e-02,-6.134281307458877563e-02,-1.291111856698989868e-02,2.663973402976989746e+01
-2.710351906716823578e-02,-6.132107600569725037e-02,-1.293756626546382904e-02,2.664484214782714844e+01
-2.717766910791397095e-02,-6.130655854940414429e-02,-1.304323226213455200e-02,2.664969110488891602e+01
-2.726050652563571930e-02,-6.128402799367904663e-02,-1.318688597530126572e-02,2.665472412109375000e+01
-2.730743773281574249e-02,-6.125993654131889343e-02,-1.318352762609720230e-02,2.665997099876403809e+01
-2.737004868686199188e-02,-6.123619899153709412e-02,-1.325111184269189835e-02,2.666472721099853516e+01
-2.742908522486686707e-02,-6.121318787336349487e-02,-1.330828387290239334e-02,2.666981005668640137e+01
-2.721723169088363647e-02,-6.145611405372619629e-02,-1.292434800416231155e-02,2.667488408088684082e+01
-2.715272642672061920e-02,-6.144234165549278259e-02,-1.277242600917816162e-02,2.667973899841308594e+01
-2.706038765609264374e-02,-6.142825260758399963e-02,-1.257039047777652740e-02,2.668490719795227051e+01
-2.694023028016090393e-02,-6.141620129346847534e-02,-1.231845561414957047e-02,2.668982815742492676e+01
-2.689056098461151123e-02,-6.142515689134597778e-02,-1.214382704347372055e-02,2.669500803947448730e+01
-2.678181789815425873e-02,-6.142657622694969177e-02,-1.188190747052431107e-02,2.669998002052307129e+01
-2.666452527046203613e-02,-6.143701449036598206e-02,-1.160357519984245300e-02,2.670478415489196777e+01
-2.760837599635124207e-02,-6.182489171624183655e-02,-1.257964968681335449e-02,2.670974516868591309e+01
-2.758351154625415802e-02,-6.183007359504699707e-02,-1.245334092527627945e-02,2.671475100517272949e+01
-2.755915001034736633e-02,-6.182470545172691345e-02,-1.233608555048704147e-02,2.671990513801574707e+01
-2.756465226411819458e-02,-6.185489892959594727e-02,-1.224810723215341568e-02,2.672487521171569824e+01
-2.756840176880359650e-02,-6.187881901860237122e-02,-1.216370332986116409e-02,2.673005819320678711e+01
-2.758103795349597931e-02,-6.190702319145202637e-02,-1.209412515163421631e-02,2.673486113548278809e+01
-2.802246622741222382e-02,-6.185710430145263672e-02,-1.060380414128303528e-02,2.673991608619689941e+01
-2.804954349994659424e-02,-6.182881444692611694e-02,-1.028050109744071960e-02,2.674490404129028320e+01
-2.807706594467163086e-02,-6.179845705628395081e-02,-9.939037263393402100e-03,2.674991703033447266e+01
-2.803910709917545319e-02,-6.185011565685272217e-02,-1.019110344350337982e-02,2.675491213798522949e+01
-2.804967388510704041e-02,-6.183092296123504639e-02,-1.002059690654277802e-02,2.676046705245971680e+01
-2.805726043879985809e-02,-6.180484965443611145e-02,-9.871274232864379883e-03,2.676503419876098633e+01
-2.806518971920013428e-02,-6.178296729922294617e-02,-9.744133800268173218e-03,2.677004098892211914e+01
-2.844763360917568207e-02,-6.206820532679557800e-02,-1.057058945298194885e-02,2.677501511573791504e+01
-2.847179770469665527e-02,-6.209262832999229431e-02,-1.048207934945821762e-02,2.678015303611755371e+01
-2.849018201231956482e-02,-6.211957708001136780e-02,-1.038183271884918213e-02,2.678507018089294434e+01
-2.860488183796405792e-02,-6.211914494633674622e-02,-1.032978203147649765e-02,2.679008817672729492e+01
-2.867378294467926025e-02,-6.213907897472381592e-02,-1.024891901761293411e-02,2.679517006874084473e+01
-2.875291183590888977e-02,-6.216099858283996582e-02,-1.017055474221706390e-02,2.680015707015991211e+01
-2.880189940333366394e-02,-6.218875944614410400e-02,-1.016264874488115311e-02,2.680504703521728516e+01
-2.885268442332744598e-02,-6.223409622907638550e-02,-1.041525509208440781e-02,2.681010818481445312e+01
-2.890077978372573853e-02,-6.223989650607109070e-02,-1.047190930694341660e-02,2.681492209434509277e+01
-2.891500107944011688e-02,-6.224918738007545471e-02,-1.051742117851972580e-02,2.682011508941650391e+01
-2.893957681953907013e-02,-6.225656718015670776e-02,-1.059399638324975967e-02,2.682503700256347656e+01
-2.895697206258773804e-02,-6.226199492812156677e-02,-1.068649906665086746e-02,2.683018803596496582e+01
-2.897689491510391235e-02,-6.227117404341697693e-02,-1.075304299592971802e-02,2.683488917350769043e+01
-2.891532890498638153e-02,-6.255625933408737183e-02,-1.013179775327444077e-02,2.684016203880310059e+01
-2.890518680214881897e-02,-6.257088482379913330e-02,-1.015601027756929398e-02,2.684505009651184082e+01
-2.888332679867744446e-02,-6.258875131607055664e-02,-1.016151160001754761e-02,2.685035419464111328e+01
-2.885965816676616669e-02,-6.260618567466735840e-02,-1.018069405108690262e-02,2.685517621040344238e+01
-2.882981300354003906e-02,-6.262683868408203125e-02,-1.020104344934225082e-02,2.686036205291748047e+01
-2.879408560693264008e-02,-6.264941394329071045e-02,-1.022066362202167511e-02,2.686521005630493164e+01
-2.878707088530063629e-02,-6.267569214105606079e-02,-1.020232122391462326e-02,2.687024903297424316e+01
-2.889672853052616119e-02,-6.282393634319305420e-02,-1.025337073951959610e-02,2.687514615058898926e+01
-2.887963503599166870e-02,-6.284500658512115479e-02,-1.023439411073923111e-02,2.688026499748229980e+01
-2.888949029147624969e-02,-6.285488605499267578e-02,-1.019854564219713211e-02,2.688513898849487305e+01
-2.889001742005348206e-02,-6.287554651498794556e-02,-1.016316842287778854e-02,2.689023613929748535e+01
-2.889554202556610107e-02,-6.289730966091156006e-02,-1.012291759252548218e-02,2.689540004730224609e+01
-2.890348806977272034e-02,-6.292337179183959961e-02,-1.010279823094606400e-02,2.690025305747985840e+01
-2.891677990555763245e-02,-6.294865161180496216e-02,-1.006803940981626511e-02,2.690518903732299805e+01
-2.908848971128463745e-02,-6.305838376283645630e-02,-1.047632750123739243e-02,2.691021609306335449e+01
-2.908937446773052216e-02,-6.308605521917343140e-02,-1.048246491700410843e-02,2.691518211364746094e+01
-2.910320647060871124e-02,-6.311216205358505249e-02,-1.047902461141347885e-02,2.692042207717895508e+01
-2.911682426929473877e-02,-6.314093619585037231e-02,-1.048083882778882980e-02,2.692532110214233398e+01
-2.909765765070915222e-02,-6.316822022199630737e-02,-1.048584003001451492e-02,2.693037104606628418e+01
-2.908260561525821686e-02,-6.319928169250488281e-02,-1.048932690173387527e-02,2.693520903587341309e+01
-2.905899286270141602e-02,-6.318116933107376099e-02,-1.048737578094005585e-02,2.694043803215026855e+01
-2.900609746575355530e-02,-6.319366395473480225e-02,-1.048566680401563644e-02,2.694531917572021484e+01
-2.898910827934741974e-02,-6.319887191057205200e-02,-1.051034778356552124e-02,2.695036602020263672e+01
-2.894305810332298279e-02,-6.321126967668533325e-02,-1.052201259881258011e-02,2.695532703399658203e+01
-2.889368869364261627e-02,-6.322620064020156860e-02,-1.053923554718494415e-02,2.696065115928649902e+01
-2.885014005005359650e-02,-6.324762850999832153e-02,-1.057447213679552078e-02,2.696545910835266113e+01
-2.880173735320568085e-02,-6.326807290315628052e-02,-1.061020884662866592e-02,2.697030210494995117e+01
-2.928333170711994171e-02,-6.334532797336578369e-02,-1.054220739752054214e-02,2.697532606124877930e+01
-2.927881665527820587e-02,-6.335499137639999390e-02,-1.055085565894842148e-02,2.698039317131042480e+01
-2.927052788436412811e-02,-6.336440891027450562e-02,-1.057267747819423676e-02,2.698546099662780762e+01
-2.926287986338138580e-02,-6.337436288595199585e-02,-1.059689279645681381e-02,2.699037504196166992e+01
-2.925204485654830933e-02,-6.338336318731307983e-02,-1.060943678021430969e-02,2.699555921554565430e+01
-2.924228645861148834e-02,-6.339509040117263794e-02,-1.062631513923406601e-02,2.700055003166198730e+01
-2.923195995390415192e-02,-6.340850144624710083e-02,-1.064088754355907440e-02,2.700540208816528320e+01
-2.944289147853851318e-02,-6.359973549842834473e-02,-1.065109577029943466e-02,2.701042699813842773e+01
-2.944155596196651459e-02,-6.361594796180725098e-02,-1.064866874366998672e-02,2.701543807983398438e+01
-2.944110892713069916e-02,-6.363417208194732666e-02,-1.063893735408782959e-02,2.702055120468139648e+01
-2.944125235080718994e-02,-6.365197151899337769e-02,-1.062124129384756088e-02,2.702547407150268555e+01
-2.941774763166904449e-02,-6.368041783571243286e-02,-1.060533523559570312e-02,2.703065514564514160e+01
-2.940290980041027069e-02,-6.370706111192703247e-02,-1.057466026395559311e-02,2.703543901443481445e+01
-2.947731129825115204e-02,-6.386673450469970703e-02,-1.049221865832805634e-02,2.704055809974670410e+01
-2.945040725171566010e-02,-6.387963145971298218e-02,-1.047408021986484528e-02,2.704538512229919434e+01
-2.941983938217163086e-02,-6.389760226011276245e-02,-1.043654233217239380e-02,2.705063819885253906e+01
-2.938588522374629974e-02,-6.391569226980209351e-02,-1.039512827992439270e-02,2.705556201934814453e+01
-2.934834547340869904e-02,-6.393162906169891357e-02,-1.036264840513467789e-02,2.706073403358459473e+01
-2.930682711303234100e-02,-6.394989788532257080e-02,-1.032873429358005524e-02,2.706550502777099609e+01
-2.926129102706909180e-02,-6.396909803152084351e-02,-1.029716338962316513e-02,2.707062506675720215e+01
-2.967382781207561493e-02,-6.405556946992874146e-02,-1.045773737132549286e-02,2.707567906379699707e+01
-2.965413965284824371e-02,-6.407268345355987549e-02,-1.044364459812641144e-02,2.708066701889038086e+01
-2.963409200310707092e-02,-6.409175693988800049e-02,-1.042866148054599762e-02,2.708578419685363770e+01
-2.962009795010089874e-02,-6.411059200763702393e-02,-1.040209829807281494e-02,2.709065008163452148e+01
-2.960469387471675873e-02,-6.413257122039794922e-02,-1.037451811134815216e-02,2.709579300880432129e+01
-2.959069795906543732e-02,-6.415688246488571167e-02,-1.034066919237375259e-02,2.710081911087036133e+01
-2.986773103475570679e-02,-6.425052881240844727e-02,-1.027956325560808182e-02,2.710560417175292969e+01
-2.988095581531524658e-02,-6.426809728145599365e-02,-1.024334970861673355e-02,2.711078619956970215e+01
-2.989802509546279907e-02,-6.428696960210800171e-02,-1.020450703799724579e-02,2.711561417579650879e+01
-2.991907857358455658e-02,-6.430567800998687744e-02,-1.016760524362325668e-02,2.712081003189086914e+01
-2.991761453449726105e-02,-6.433545053005218506e-02,-1.016194745898246765e-02,2.712574720382690430e+01
-2.992846444249153137e-02,-6.436544656753540039e-02,-1.014292985200881958e-02,2.713071918487548828e+01
-2.993803098797798157e-02,-6.440153717994689941e-02,-1.012426614761352539e-02,2.713567805290222168e+01
-3.011907450854778290e-02,-6.435187906026840210e-02,-1.015616394579410553e-02,2.714074206352233887e+01
-3.011764027178287506e-02,-6.435206532478332520e-02,-1.017690077424049377e-02,2.714556598663330078e+01
-3.011436760425567627e-02,-6.434991955757141113e-02,-1.020712405443191528e-02,2.715062808990478516e+01
-3.009050153195858002e-02,-6.437038630247116089e-02,-1.022873166948556900e-02,2.715569806098937988e+01
-3.007186204195022583e-02,-6.437993049621582031e-02,-1.026745792478322983e-02,2.716101217269897461e+01
-3.004807420074939728e-02,-6.439159810543060303e-02,-1.031316909939050674e-02,2.716584110260009766e+01
-3.002877347171306610e-02,-6.440415978431701660e-02,-1.034406106919050217e-02,2.717073822021484375e+01
-3.026513382792472839e-02,-6.453461945056915283e-02,-1.002589426934719086e-02,2.717571115493774414e+01
-3.025640919804573059e-02,-6.454763561487197876e-02,-1.002004276961088181e-02,2.718073415756225586e+01
-3.025210462510585785e-02,-6.456056982278823853e-02,-1.001251488924026489e-02,2.718571519851684570e+01
-3.024301119148731232e-02,-6.457418948411941528e-02,-1.000573486089706421e-02,2.719073915481567383e+01
-3.023329190909862518e-02,-6.458981335163116455e-02,-9.998873807489871979e-03,2.719596815109252930e+01
-3.022272326052188873e-02,-6.460703164339065552e-02,-9.991266764700412750e-03,2.720104002952575684e+01
-3.034162521362304688e-02,-6.472847610712051392e-02,-1.010816358029842377e-02,2.720581722259521484e+01
-3.033857233822345734e-02,-6.474475562572479248e-02,-1.010022871196269989e-02,2.721099209785461426e+01
-3.033587150275707245e-02,-6.476315855979919434e-02,-1.008799113333225250e-02,2.721577310562133789e+01
-3.032985143363475800e-02,-6.478013843297958374e-02,-1.005805470049381256e-02,2.722087121009826660e+01
-3.032601065933704376e-02,-6.480181217193603516e-02,-1.003981661051511765e-02,2.722580718994140625e+01
-3.032216802239418030e-02,-6.482532620429992676e-02,-1.001926045864820480e-02,2.723097419738769531e+01
-3.031829558312892914e-02,-6.485008448362350464e-02,-9.995024651288986206e-03,2.723591518402099609e+01
-3.039435297250747681e-02,-6.492912024259567261e-02,-1.010184176266193390e-02,2.724087309837341309e+01
-3.039159066975116730e-02,-6.494801491498947144e-02,-1.009203493595123291e-02,2.724582004547119141e+01
-3.036516532301902771e-02,-6.497206538915634155e-02,-1.009657233953475952e-02,2.725101613998413086e+01
-3.034703619778156281e-02,-6.499645859003067017e-02,-1.009082421660423279e-02,2.725606203079223633e+01
-3.032456524670124054e-02,-6.502285599708557129e-02,-1.008628308773040771e-02,2.726105999946594238e+01
-3.030632436275482178e-02,-6.504727154970169067e-02,-1.009286288172006607e-02,2.726591515541076660e+01
-3.028260357677936554e-02,-6.507471203804016113e-02,-1.009659562259912491e-02,2.727098202705383301e+01
-3.049543872475624084e-02,-6.502666324377059937e-02,-1.014672871679067612e-02,2.727599716186523438e+01
-3.047999553382396698e-02,-6.504192203283309937e-02,-1.015724614262580872e-02,2.728123807907104492e+01
-3.046166524291038513e-02,-6.506097316741943359e-02,-1.016455702483654022e-02,2.728591918945312500e+01
-3.044218569993972778e-02,-6.508317589759826660e-02,-1.017572917044162750e-02,2.729101204872131348e+01
-3.042166307568550110e-02,-6.510767340660095215e-02,-1.019222289323806763e-02,2.729656100273132324e+01
-3.040469437837600708e-02,-6.513246148824691772e-02,-1.020132843405008316e-02,2.730104398727416992e+01
-3.066182322800159454e-02,-6.517182290554046631e-02,-1.018582470715045929e-02,2.730597901344299316e+01
-3.065315075218677521e-02,-6.519366800785064697e-02,-1.020096335560083389e-02,2.731090807914733887e+01
-3.064290061593055725e-02,-6.520760804414749146e-02,-1.019271463155746460e-02,2.731603121757507324e+01
-3.063270263373851776e-02,-6.523016840219497681e-02,-1.019799429923295975e-02,2.732104706764221191e+01
-3.062212839722633362e-02,-6.525515019893646240e-02,-1.020146254450082779e-02,2.732604813575744629e+01
-3.061122447252273560e-02,-6.528423726558685303e-02,-1.020175125449895859e-02,2.733114600181579590e+01
-3.059983812272548676e-02,-6.531374156475067139e-02,-1.020102389156818390e-02,2.733614611625671387e+01
-3.072930872440338135e-02,-6.530885398387908936e-02,-1.007470395416021347e-02,2.734118914604187012e+01
-3.071791306138038635e-02,-6.532761454582214355e-02,-1.007637940347194672e-02,2.734611010551452637e+01
-3.070745803415775299e-02,-6.535182148218154907e-02,-1.007067132741212845e-02,2.735104918479919434e+01
-3.069588355720043182e-02,-6.538094580173492432e-02,-1.006825268268585205e-02,2.735608005523681641e+01
-3.068197518587112427e-02,-6.541443616151809692e-02,-1.007483154535293579e-02,2.736135721206665039e+01
-3.066719137132167816e-02,-6.544768810272216797e-02,-1.008090283721685410e-02,2.736634421348571777e+01
-3.065077029168605804e-02,-6.548344343900680542e-02,-1.008948124945163727e-02,2.737114310264587402e+01
-3.081061132252216339e-02,-6.539383530616760254e-02,-1.017547398805618286e-02,2.737614607810974121e+01
-3.079623356461524963e-02,-6.540728360414505005e-02,-1.018606219440698624e-02,2.738104915618896484e+01
-3.078158758580684662e-02,-6.541776657104492188e-02,-1.019936241209506989e-02,2.738644409179687500e+01
-3.076465614140033722e-02,-6.542828679084777832e-02,-1.021421607583761215e-02,2.739113903045654297e+01
-3.074667975306510925e-02,-6.543813645839691162e-02,-1.022297609597444534e-02,2.739661502838134766e+01
-3.072606958448886871e-02,-6.545095145702362061e-02,-1.023544650524854660e-02,2.740122914314270020e+01
-3.089531883597373962e-02,-6.562194228172302246e-02,-1.028863154351711273e-02,2.740624117851257324e+01
-3.088273480534553528e-02,-6.563654541969299316e-02,-1.027946174144744873e-02,2.741141009330749512e+01
-3.086662106215953827e-02,-6.565648317337036133e-02,-1.027971878647804260e-02,2.741654920578002930e+01
-3.084943257272243500e-02,-6.567803770303726196e-02,-1.027850154787302017e-02,2.742119503021240234e+01
-3.083630092442035675e-02,-6.570107489824295044e-02,-1.027522236108779907e-02,2.742664599418640137e+01
-3.082136996090412140e-02,-6.572538614273071289e-02,-1.026864536106586456e-02,2.743142604827880859e+01
-3.080691769719123840e-02,-6.575147807598114014e-02,-1.026281155645847321e-02,2.743660306930541992e+01
-3.098412975668907166e-02,-6.575487554073333740e-02,-1.041585020720958710e-02,2.744121217727661133e+01
-3.097627870738506317e-02,-6.577025353908538818e-02,-1.042328402400016785e-02,2.744625020027160645e+01
-3.096824884414672852e-02,-6.578898429870605469e-02,-1.043511647731065750e-02,2.745153713226318359e+01
-3.095876798033714294e-02,-6.580850481986999512e-02,-1.045416947454214096e-02,2.745659613609313965e+01
-3.094499744474887848e-02,-6.582640856504440308e-02,-1.047947816550731659e-02,2.746156811714172363e+01
-3.093063831329345703e-02,-6.584259867668151855e-02,-1.051062438637018204e-02,2.746666312217712402e+01
-3.091482259333133698e-02,-6.585794687271118164e-02,-1.054487656801939011e-02,2.747155618667602539e+01
-3.105856664478778839e-02,-6.585488468408584595e-02,-1.024426985532045364e-02,2.747692513465881348e+01
-3.105086460709571838e-02,-6.586647778749465942e-02,-1.025052089244127274e-02,2.748130202293395996e+01
-3.104100562632083893e-02,-6.587859243154525757e-02,-1.025880780071020126e-02,2.748697209358215332e+01
-3.103184886276721954e-02,-6.588696688413619995e-02,-1.026930753141641617e-02,2.749128103256225586e+01
-3.101992234587669373e-02,-6.590195000171661377e-02,-1.028337515890598297e-02,2.749660110473632812e+01
-3.100673295557498932e-02,-6.592033803462982178e-02,-1.030045282095670700e-02,2.750140213966369629e+01
-3.123443201184272766e-02,-6.599085032939910889e-02,-1.038764603435993195e-02,2.750660610198974609e+01
-3.122915327548980713e-02,-6.600113958120346069e-02,-1.039724238216876984e-02,2.751155209541320801e+01
-3.122290782630443573e-02,-6.601284444332122803e-02,-1.040708925575017929e-02,2.751674199104309082e+01
-3.121524862945079803e-02,-6.602352857589721680e-02,-1.041412726044654846e-02,2.752129507064819336e+01
-3.120649419724941254e-02,-6.603530049324035645e-02,-1.042236853390932083e-02,2.752676105499267578e+01
-3.119678422808647156e-02,-6.604774296283721924e-02,-1.042827591300010681e-02,2.753147315979003906e+01
-3.118136525154113770e-02,-6.606911122798919678e-02,-1.043016556650400162e-02,2.753686618804931641e+01
-3.132363408803939819e-02,-6.619789451360702515e-02,-1.057909149676561356e-02,2.754142212867736816e+01
-3.130647167563438416e-02,-6.622431427240371704e-02,-1.058438327163457870e-02,2.754655599594116211e+01
-3.128677234053611755e-02,-6.625241786241531372e-02,-1.058891229331493378e-02,2.755148005485534668e+01
-3.127964586019515991e-02,-6.626086682081222534e-02,-1.057650428265333176e-02,2.755669116973876953e+01
-3.126398473978042603e-02,-6.628660112619400024e-02,-1.057056058198213577e-02,2.756175518035888672e+01
-3.124843724071979523e-02,-6.631516665220260620e-02,-1.056202966719865799e-02,2.756705117225646973e+01
-3.123031370341777802e-02,-6.635524332523345947e-02,-1.056089811027050018e-02,2.757149004936218262e+01
-3.145523369312286377e-02,-6.629578024148941040e-02,-1.061667408794164658e-02,2.757662010192871094e+01
-3.144624084234237671e-02,-6.630709767341613770e-02,-1.061074435710906982e-02,2.758147621154785156e+01
-3.143690526485443115e-02,-6.632735580205917358e-02,-1.061810459941625595e-02,2.758656620979309082e+01
-3.142622485756874084e-02,-6.634329259395599365e-02,-1.062207296490669250e-02,2.759147906303405762e+01
-3.141469880938529968e-02,-6.636014580726623535e-02,-1.063006371259689331e-02,2.759674215316772461e+01
-3.140090778470039368e-02,-6.637720763683319092e-02,-1.065195631235837936e-02,2.760151720046997070e+01
-3.165908157825469971e-02,-6.638389080762863159e-02,-1.047634985297918320e-02,2.760674500465393066e+01
-3.164859861135482788e-02,-6.640230119228363037e-02,-1.047620829194784164e-02,2.761165118217468262e+01
-3.163382783532142639e-02,-6.640911847352981567e-02,-1.048057340085506439e-02,2.761685013771057129e+01
-3.161901235580444336e-02,-6.642734259366989136e-02,-1.049039419740438461e-02,2.762158799171447754e+01
-3.160244226455688477e-02,-6.644768267869949341e-02,-1.050270069390535355e-02,2.762683010101318359e+01
-3.158419206738471985e-02,-6.646899133920669556e-02,-1.051626726984977722e-02,2.763179016113281250e+01
-3.156883642077445984e-02,-6.648989021778106689e-02,-1.051958091557025909e-02,2.763662099838256836e+01
-3.179741650819778442e-02,-6.646426767110824585e-02,-1.058943849056959152e-02,2.764165115356445312e+01
-3.178749233484268188e-02,-6.648080796003341675e-02,-1.058923732489347458e-02,2.764683198928833008e+01
-3.177401423454284668e-02,-6.650386005640029907e-02,-1.058910787105560303e-02,2.765156507492065430e+01
-3.176093474030494690e-02,-6.652585417032241821e-02,-1.059028133749961853e-02,2.765691018104553223e+01
-3.174668177962303162e-02,-6.655031442642211914e-02,-1.059356518089771271e-02,2.766185212135314941e+01
-3.173302486538887024e-02,-6.657443940639495850e-02,-1.060692872852087021e-02,2.766688513755798340e+01
-3.171787410974502563e-02,-6.660138070583343506e-02,-1.061727013438940048e-02,2.767160511016845703e+01
-3.193424642086029053e-02,-6.655864417552947998e-02,-1.067030429840087891e-02,2.767679500579833984e+01
-3.192082792520523071e-02,-6.657356768846511841e-02,-1.067007612437009811e-02,2.768172216415405273e+01
-3.190842270851135254e-02,-6.658962368965148926e-02,-1.067172177135944366e-02,2.768701505661010742e+01
-3.189408406615257263e-02,-6.660568714141845703e-02,-1.067499816417694092e-02,2.769170808792114258e+01
-3.187941759824752808e-02,-6.662096083164215088e-02,-1.067935489118099213e-02,2.769688200950622559e+01
-3.186251223087310791e-02,-6.663876771926879883e-02,-1.068151276558637619e-02,2.770179200172424316e+01
-3.208140283823013306e-02,-6.671100854873657227e-02,-1.074947044253349304e-02,2.770694398880004883e+01
-3.207345306873321533e-02,-6.672751158475875854e-02,-1.074767671525478363e-02,2.771220421791076660e+01
-3.206143528223037720e-02,-6.674169749021530151e-02,-1.074895821511745453e-02,2.771693015098571777e+01
-3.204929456114768982e-02,-6.675603985786437988e-02,-1.074761245399713516e-02,2.772178721427917480e+01
-3.203683346509933472e-02,-6.676949560642242432e-02,-1.074218936264514923e-02,2.772714400291442871e+01
-3.202486038208007812e-02,-6.679051369428634644e-02,-1.074856799095869064e-02,2.773190999031066895e+01
-3.201228007674217224e-02,-6.680510193109512329e-02,-1.074693631380796432e-02,2.773686313629150391e+01
-3.216021880507469177e-02,-6.688990443944931030e-02,-1.067147031426429749e-02,2.774191498756408691e+01
-3.214602544903755188e-02,-6.689995527267456055e-02,-1.068454422056674957e-02,2.774704813957214355e+01
-3.213531523942947388e-02,-6.691359728574752808e-02,-1.069195196032524109e-02,2.775191521644592285e+01
-3.212342038750648499e-02,-6.692949682474136353e-02,-1.070445030927658081e-02,2.775696301460266113e+01
-3.210721164941787720e-02,-6.695085763931274414e-02,-1.072436384856700897e-02,2.776215720176696777e+01
-3.208990395069122314e-02,-6.697163730859756470e-02,-1.074569765478372574e-02,2.776696610450744629e+01
-3.207013010978698730e-02,-6.699304282665252686e-02,-1.077159494161605835e-02,2.777191400527954102e+01
-3.222453221678733826e-02,-6.702625751495361328e-02,-1.061568967998027802e-02,2.777696704864501953e+01
-3.220910206437110901e-02,-6.703783571720123291e-02,-1.062329299747943878e-02,2.778191018104553223e+01
-3.219217807054519653e-02,-6.705081462860107422e-02,-1.063326280564069748e-02,2.778695106506347656e+01
-3.217567875981330872e-02,-6.707192957401275635e-02,-1.063948497176170349e-02,2.779191112518310547e+01
-3.215736523270606995e-02,-6.709134578704833984e-02,-1.064803451299667358e-02,2.779714417457580566e+01
-3.213810920715332031e-02,-6.711224466562271118e-02,-1.065728999674320221e-02,2.780191111564636230e+01
-3.234986588358879089e-02,-6.719084829092025757e-02,-1.063252054154872894e-02,2.780710601806640625e+01
-3.233180195093154907e-02,-6.720669567584991455e-02,-1.062511000782251358e-02,2.781207513809204102e+01
-3.231557458639144897e-02,-6.722328811883926392e-02,-1.062769442796707153e-02,2.781726598739624023e+01
-3.229758888483047485e-02,-6.724117696285247803e-02,-1.063239853829145432e-02,2.782186698913574219e+01
-3.228125721216201782e-02,-6.726025789976119995e-02,-1.064255647361278534e-02,2.782716321945190430e+01
-3.226233273744583130e-02,-6.728102266788482666e-02,-1.064854767173528671e-02,2.783224010467529297e+01
-3.224241361021995544e-02,-6.730408966541290283e-02,-1.065453700721263885e-02,2.783708500862121582e+01
-3.243049606680870056e-02,-6.738618761301040649e-02,-1.068652421236038208e-02,2.784186410903930664e+01
-3.241891413927078247e-02,-6.740941107273101807e-02,-1.068561896681785583e-02,2.784709310531616211e+01
-3.240701928734779358e-02,-6.743642687797546387e-02,-1.068444922566413879e-02,2.785208702087402344e+01
-3.239273652434349060e-02,-6.745754182338714600e-02,-1.068925205618143082e-02,2.785703420639038086e+01
-3.237836062908172607e-02,-6.748341023921966553e-02,-1.069066952913999557e-02,2.786224102973937988e+01
-3.236294537782669067e-02,-6.750975549221038818e-02,-1.069065369665622711e-02,2.786710405349731445e+01
-3.234513849020004272e-02,-6.754202395677566528e-02,-1.069552637636661530e-02,2.787217020988464355e+01
-3.258215636014938354e-02,-6.750881671905517578e-02,-1.053367741405963898e-02,2.787714719772338867e+01
-3.257551416754722595e-02,-6.752546876668930054e-02,-1.052256952971220016e-02,2.788212919235229492e+01
-3.256716951727867126e-02,-6.754343956708908081e-02,-1.051387842744588852e-02,2.788710808753967285e+01
-3.256012871861457825e-02,-6.755278259515762329e-02,-1.050222478806972504e-02,2.789217615127563477e+01
-3.255067393183708191e-02,-6.757158041000366211e-02,-1.049860566854476929e-02,2.789726114273071289e+01
-3.254033997654914856e-02,-6.759345531463623047e-02,-1.049852184951305389e-02,2.790216422080993652e+01
-3.273782134056091309e-02,-6.766793876886367798e-02,-1.061368267983198166e-02,2.790726709365844727e+01
-3.273326903581619263e-02,-6.767147034406661987e-02,-1.062124595046043396e-02,2.791222500801086426e+01
-3.272714093327522278e-02,-6.767538934946060181e-02,-1.063068024814128876e-02,2.791722416877746582e+01
-3.271941095590591431e-02,-6.768355518579483032e-02,-1.063721720129251480e-02,2.792215800285339355e+01
-3.271004557609558105e-02,-6.769166141748428345e-02,-1.064650993794202805e-02,2.792740106582641602e+01
-3.269924968481063843e-02,-6.770063191652297974e-02,-1.065867114812135696e-02,2.793227410316467285e+01
-3.268718346953392029e-02,-6.771134585142135620e-02,-1.067440491169691086e-02,2.793711400032043457e+01
-3.285579010844230652e-02,-6.787777692079544067e-02,-1.064237393438816071e-02,2.794213509559631348e+01
-3.284314274787902832e-02,-6.789325922727584839e-02,-1.064220163971185684e-02,2.794712305068969727e+01
-3.282953798770904541e-02,-6.791329383850097656e-02,-1.065216399729251862e-02,2.795219111442565918e+01
-3.281443193554878235e-02,-6.793435662984848022e-02,-1.065614912658929825e-02,2.795724201202392578e+01
-3.279823064804077148e-02,-6.795997172594070435e-02,-1.066200248897075653e-02,2.796230506896972656e+01
-3.277927637100219727e-02,-6.799459457397460938e-02,-1.066512428224086761e-02,2.796744799613952637e+01
-3.275909647345542908e-02,-6.802863627672195435e-02,-1.066967286169528961e-02,2.797206306457519531e+01
-3.302228078246116638e-02,-6.804324686527252197e-02,-1.065226271748542786e-02,2.797727417945861816e+01
-3.300542384386062622e-02,-6.807043403387069702e-02,-1.065048761665821075e-02,2.798219418525695801e+01
-3.299270942807197571e-02,-6.809677928686141968e-02,-1.063528470695018768e-02,2.798727107048034668e+01
-3.297564014792442322e-02,-6.812413036823272705e-02,-1.062712352722883224e-02,2.799221420288085938e+01
-3.295790031552314758e-02,-6.815272569656372070e-02,-1.061927899718284607e-02,2.799739098548889160e+01
-3.293955326080322266e-02,-6.817988306283950806e-02,-1.062193978577852249e-02,2.800217819213867188e+01
-3.322557359933853149e-02,-6.817605346441268921e-02,-1.074030250310897827e-02,2.800736808776855469e+01
-3.321617841720581055e-02,-6.819165498018264771e-02,-1.073533296585083008e-02,2.801227903366088867e+01
-3.320067003369331360e-02,-6.820715963840484619e-02,-1.074565947055816650e-02,2.801741719245910645e+01
-3.318606689572334290e-02,-6.822448968887329102e-02,-1.074607204645872116e-02,2.802236604690551758e+01
-3.316960111260414124e-02,-6.824242323637008667e-02,-1.074664387851953506e-02,2.802754020690917969e+01
-3.315305337309837341e-02,-6.826184689998626709e-02,-1.074916869401931763e-02,2.803238415718078613e+01
-3.313446417450904846e-02,-6.828304380178451538e-02,-1.075289025902748108e-02,2.803742718696594238e+01
-3.342890366911888123e-02,-6.831142306327819824e-02,-1.080681569874286652e-02,2.804236412048339844e+01
-3.342311829328536987e-02,-6.832063943147659302e-02,-1.081186812371015549e-02,2.804733705520629883e+01
-3.341541066765785217e-02,-6.833416968584060669e-02,-1.082279440015554428e-02,2.805238318443298340e+01
-3.340721130371093750e-02,-6.834845989942550659e-02,-1.083801314234733582e-02,2.805735421180725098e+01
-3.339827433228492737e-02,-6.836403161287307739e-02,-1.085630804300308228e-02,2.806262111663818359e+01
-3.339083492755889893e-02,-6.838203221559524536e-02,-1.086987275630235672e-02,2.806739020347595215e+01
-3.360393643379211426e-02,-6.843014806509017944e-02,-1.075560133904218674e-02,2.807240200042724609e+01
-3.360054641962051392e-02,-6.844132393598556519e-02,-1.076075341552495956e-02,2.807736921310424805e+01
-3.358800336718559265e-02,-6.845565140247344971e-02,-1.078031770884990692e-02,2.808236312866210938e+01
-3.357872366905212402e-02,-6.847014278173446655e-02,-1.079455297440290451e-02,2.808755803108215332e+01
-3.356770798563957214e-02,-6.848563998937606812e-02,-1.081325300037860870e-02,2.809248018264770508e+01
-3.355295211076736450e-02,-6.849969178438186646e-02,-1.083165500313043594e-02,2.809777617454528809e+01
-3.353669866919517517e-02,-6.851638853549957275e-02,-1.085408218204975128e-02,2.810252618789672852e+01
-3.371446207165718079e-02,-6.862011551856994629e-02,-1.070443727076053619e-02,2.810747218132019043e+01
-3.369978070259094238e-02,-6.863888353109359741e-02,-1.070544123649597168e-02,2.811252903938293457e+01
-3.368178755044937134e-02,-6.865625083446502686e-02,-1.070617418736219406e-02,2.811750602722167969e+01
-3.366214036941528320e-02,-6.867671012878417969e-02,-1.070656627416610718e-02,2.812250709533691406e+01
-3.364377096295356750e-02,-6.870050728321075439e-02,-1.069479901343584061e-02,2.812764215469360352e+01
-3.362304717302322388e-02,-6.872628629207611084e-02,-1.068591885268688202e-02,2.813260221481323242e+01
-3.360148146748542786e-02,-6.875515729188919067e-02,-1.067290082573890686e-02,2.813759016990661621e+01
-3.388404846191406250e-02,-6.883893907070159912e-02,-1.063170749694108963e-02,2.814259219169616699e+01
-3.386995568871498108e-02,-6.886129826307296753e-02,-1.063694059848785400e-02,2.814771699905395508e+01
-3.385597467422485352e-02,-6.888708472251892090e-02,-1.062809396535158157e-02,2.815263915061950684e+01
-3.384034335613250732e-02,-6.891476362943649292e-02,-1.061537116765975952e-02,2.815765714645385742e+01
-3.382316604256629944e-02,-6.894212216138839722e-02,-1.059342827647924423e-02,2.816265416145324707e+01
-3.380496799945831299e-02,-6.897235661745071411e-02,-1.057468540966510773e-02,2.816766214370727539e+01
-3.398289158940315247e-02,-6.886442005634307861e-02,-1.044904440641403198e-02,2.817263913154602051e+01
-3.397192433476448059e-02,-6.888426840305328369e-02,-1.044511701911687851e-02,2.817766499519348145e+01
-3.395883366465568542e-02,-6.889568269252777100e-02,-1.043162681162357330e-02,2.818263316154479980e+01
-3.394455090165138245e-02,-6.890904903411865234e-02,-1.041850354522466660e-02,2.818801712989807129e+01
-3.391497954726219177e-02,-6.892029941082000732e-02,-1.039493922144174576e-02,2.819263720512390137e+01
-3.388634696602821350e-02,-6.893501430749893188e-02,-1.037688739597797394e-02,2.819781112670898438e+01
-3.385245054960250854e-02,-6.895034760236740112e-02,-1.035844255238771439e-02,2.820262122154235840e+01
-3.410685807466506958e-02,-6.898697465658187866e-02,-1.021275017410516739e-02,2.820797705650329590e+01
-3.408535197377204895e-02,-6.900352984666824341e-02,-1.016941945999860764e-02,2.821266317367553711e+01
-3.406288474798202515e-02,-6.902313232421875000e-02,-1.012120116502046585e-02,2.821775007247924805e+01
-3.403976187109947205e-02,-6.905163824558258057e-02,-1.006627455353736877e-02,2.822276115417480469e+01
-3.401563689112663269e-02,-6.907954812049865723e-02,-1.000418141484260559e-02,2.822789216041564941e+01
-3.399061411619186401e-02,-6.911119073629379272e-02,-9.938069619238376617e-03,2.823288011550903320e+01
-3.396479785442352295e-02,-6.914641708135604858e-02,-9.868655353784561157e-03,2.823780512809753418e+01
-3.433880954980850220e-02,-6.921091675758361816e-02,-9.865023195743560791e-03,2.824275708198547363e+01
-3.434038534760475159e-02,-6.922379136085510254e-02,-9.808852337300777435e-03,2.824776601791381836e+01
-3.434266149997711182e-02,-6.923489272594451904e-02,-9.751035831868648529e-03,2.825275516510009766e+01
-3.434995561838150024e-02,-6.925694644451141357e-02,-9.713670238852500916e-03,2.825810003280639648e+01
-3.435670956969261169e-02,-6.927593797445297241e-02,-9.667243808507919312e-03,2.826305317878723145e+01
-3.436515852808952332e-02,-6.929598003625869751e-02,-9.623646736145019531e-03,2.826780509948730469e+01
-3.437076881527900696e-02,-6.931731849908828735e-02,-9.601623751223087311e-03,2.827287817001342773e+01
-3.466746583580970764e-02,-6.932885944843292236e-02,-9.418814443051815033e-03,2.827779412269592285e+01
-3.468388319015502930e-02,-6.934723258018493652e-02,-9.391723200678825378e-03,2.828299617767333984e+01
-3.468480333685874939e-02,-6.936014443635940552e-02,-9.379938244819641113e-03,2.828787708282470703e+01
-3.469167277216911316e-02,-6.937989592552185059e-02,-9.371303953230381012e-03,2.829285407066345215e+01
-3.469613194465637207e-02,-6.940236687660217285e-02,-9.371972642838954926e-03,2.829820418357849121e+01
-3.467891737818717957e-02,-6.942256540060043335e-02,-9.377191774547100067e-03,2.830291914939880371e+01
-3.481421992182731628e-02,-6.948358565568923950e-02,-9.254476986825466156e-03,2.830782914161682129e+01
-3.478486090898513794e-02,-6.948088109493255615e-02,-9.256192483007907867e-03,2.831288409233093262e+01
-3.474711254239082336e-02,-6.947878003120422363e-02,-9.260610677301883698e-03,2.831789898872375488e+01
-3.472751379013061523e-02,-6.948547810316085815e-02,-9.206898510456085205e-03,2.832285499572753906e+01
-3.468875586986541748e-02,-6.948579102754592896e-02,-9.193313308060169220e-03,2.832810711860656738e+01
-3.464578837156295776e-02,-6.948640942573547363e-02,-9.180937893688678741e-03,2.833300805091857910e+01
-3.461765497922897339e-02,-6.950738281011581421e-02,-9.134828113019466400e-03,2.833793902397155762e+01
-3.501968085765838623e-02,-6.970966607332229614e-02,-9.217671118676662445e-03,2.834297108650207520e+01
-3.502332791686058044e-02,-6.975674629211425781e-02,-9.153348393738269806e-03,2.834786200523376465e+01
-3.505307063460350037e-02,-6.975577026605606079e-02,-9.046087041497230530e-03,2.835300421714782715e+01
-3.507528081536293030e-02,-6.978671997785568237e-02,-8.941262029111385345e-03,2.835795998573303223e+01
-3.510214760899543762e-02,-6.981761008501052856e-02,-8.818437345325946808e-03,2.836308503150939941e+01
-3.513087704777717590e-02,-6.986196339130401611e-02,-8.732456713914871216e-03,2.836801600456237793e+01
-3.527264669537544250e-02,-6.966893374919891357e-02,-8.881629444658756256e-03,2.837298417091369629e+01
-3.531439229846000671e-02,-6.967438757419586182e-02,-8.823143318295478821e-03,2.837796711921691895e+01
-3.533978387713432312e-02,-6.968232244253158569e-02,-8.818401023745536804e-03,2.838297200202941895e+01
-3.537669777870178223e-02,-6.968632340431213379e-02,-8.798197843134403229e-03,2.838805007934570312e+01
-3.541374951601028442e-02,-6.969141960144042969e-02,-8.789081126451492310e-03,2.839305305480957031e+01
-3.543312847614288330e-02,-6.971120089292526245e-02,-8.798516355454921722e-03,2.839835214614868164e+01
-3.545550256967544556e-02,-6.972914189100265503e-02,-8.815376088023185730e-03,2.840298199653625488e+01
-3.545792773365974426e-02,-6.990933418273925781e-02,-8.407426998019218445e-03,2.840807700157165527e+01
-3.545611351728439331e-02,-6.993930041790008545e-02,-8.414519019424915314e-03,2.841300606727600098e+01
-3.543381392955780029e-02,-6.993873417377471924e-02,-8.395510725677013397e-03,2.841807603836059570e+01
-3.541342541575431824e-02,-6.995939463376998901e-02,-8.402632549405097961e-03,2.842312622070312500e+01
-3.538597002625465393e-02,-6.998116523027420044e-02,-8.413989096879959106e-03,2.842832207679748535e+01
-3.536815568804740906e-02,-7.000907510519027710e-02,-8.411931805312633514e-03,2.843311405181884766e+01
-3.534118831157684326e-02,-7.003572583198547363e-02,-8.419513702392578125e-03,2.843829607963562012e+01
-3.560007363557815552e-02,-6.999652832746505737e-02,-8.218389935791492462e-03,2.844324016571044922e+01
-3.560794517397880554e-02,-6.999700516462326050e-02,-8.216293528676033020e-03,2.844811105728149414e+01
-3.560703992843627930e-02,-6.999944895505905151e-02,-8.217598311603069305e-03,2.845300912857055664e+01
-3.560741990804672241e-02,-7.000180333852767944e-02,-8.222909644246101379e-03,2.845816612243652344e+01
-3.560410067439079285e-02,-7.001512497663497925e-02,-8.226042613387107849e-03,2.846325111389160156e+01
-3.560259565711021423e-02,-7.002621889114379883e-02,-8.231500163674354553e-03,2.846818900108337402e+01
-3.576002269983291626e-02,-7.015998661518096924e-02,-8.153301663696765900e-03,2.847311305999755859e+01
-3.575974702835083008e-02,-7.017271220684051514e-02,-8.101333864033222198e-03,2.847808408737182617e+01
-3.576739504933357239e-02,-7.019537687301635742e-02,-8.053175173699855804e-03,2.848311901092529297e+01
-3.577246144413948059e-02,-7.022207230329513550e-02,-7.999342866241931915e-03,2.848846101760864258e+01
-3.577176481485366821e-02,-7.024966180324554443e-02,-7.938100956380367279e-03,2.849351906776428223e+01
-3.576392307877540588e-02,-7.027768343687057495e-02,-7.872837595641613007e-03,2.849826717376708984e+01
-3.575866296887397766e-02,-7.031368464231491089e-02,-7.807680405676364899e-03,2.850325107574462891e+01
-3.592282161116600037e-02,-7.030835747718811035e-02,-8.064452558755874634e-03,2.850837612152099609e+01
-3.592823445796966553e-02,-7.031653821468353271e-02,-8.038508705794811249e-03,2.851325321197509766e+01
-3.592594712972640991e-02,-7.033137977123260498e-02,-7.986255921423435211e-03,2.851823520660400391e+01
-3.592339158058166504e-02,-7.034809142351150513e-02,-7.929908111691474915e-03,2.852324414253234863e+01
-3.592786565423011780e-02,-7.037208229303359985e-02,-7.880187593400478363e-03,2.852880907058715820e+01
-3.593051806092262268e-02,-7.039553672075271606e-02,-7.829892449080944061e-03,2.853345012664794922e+01
-3.593465313315391541e-02,-7.041996717453002930e-02,-7.782110944390296936e-03,2.853825116157531738e+01
-3.603931888937950134e-02,-7.045943289995193481e-02,-7.808857597410678864e-03,2.854325199127197266e+01
-3.604074940085411072e-02,-7.047638297080993652e-02,-7.793197408318519592e-03,2.854831314086914062e+01
-3.604117408394813538e-02,-7.049545645713806152e-02,-7.785573601722717285e-03,2.855325317382812500e+01
-3.604172915220260620e-02,-7.051698118448257446e-02,-7.777309045195579529e-03,2.855836319923400879e+01
-3.604055568575859070e-02,-7.053821533918380737e-02,-7.775200996547937393e-03,2.856349802017211914e+01
-3.603828698396682739e-02,-7.055970281362533569e-02,-7.776916027069091797e-03,2.856842708587646484e+01
-3.627255558967590332e-02,-7.052168250083923340e-02,-7.726720068603754044e-03,2.857336521148681641e+01
-3.627393394708633423e-02,-7.053501158952713013e-02,-7.707903627306222916e-03,2.857859015464782715e+01
-3.629000112414360046e-02,-7.054033130407333374e-02,-7.708031218498945236e-03,2.858344221115112305e+01
-3.630119189620018005e-02,-7.054323703050613403e-02,-7.705171126872301102e-03,2.858848810195922852e+01
-3.630967810750007629e-02,-7.055673748254776001e-02,-7.707794662564992905e-03,2.859350609779357910e+01
-3.631711006164550781e-02,-7.056935131549835205e-02,-7.710927166044712067e-03,2.859845209121704102e+01
-3.632218018174171448e-02,-7.058598846197128296e-02,-7.718376815319061279e-03,2.860335516929626465e+01
-3.641969338059425354e-02,-7.082302868366241455e-02,-7.598967757076025009e-03,2.860842609405517578e+01
-3.642388805747032166e-02,-7.085978984832763672e-02,-7.609087508171796799e-03,2.861338400840759277e+01
-3.642900660634040833e-02,-7.090140134096145630e-02,-7.623274810612201691e-03,2.861844611167907715e+01
-3.642805665731430054e-02,-7.090155035257339478e-02,-7.585601881146430969e-03,2.862351417541503906e+01
-3.642854467034339905e-02,-7.093784958124160767e-02,-7.592529989778995514e-03,2.862867021560668945e+01
-3.642734512686729431e-02,-7.097759097814559937e-02,-7.594746537506580353e-03,2.863347816467285156e+01
-3.642378374934196472e-02,-7.101799547672271729e-02,-7.602148689329624176e-03,2.863852620124816895e+01
-3.658851981163024902e-02,-7.086564600467681885e-02,-7.421091664582490921e-03,2.864351010322570801e+01
-3.658313304185867310e-02,-7.087390124797821045e-02,-7.415853440761566162e-03,2.864858102798461914e+01
-3.657736256718635559e-02,-7.088939100503921509e-02,-7.423344999551773071e-03,2.865363812446594238e+01
-3.656994178891181946e-02,-7.090123742818832397e-02,-7.433767430484294891e-03,2.865854120254516602e+01
-3.656093403697013855e-02,-7.091493904590606689e-02,-7.450240198522806168e-03,2.866363501548767090e+01
-3.655055537819862366e-02,-7.092991471290588379e-02,-7.474135607481002808e-03,2.866859602928161621e+01
-3.671846166253089905e-02,-7.103481143712997437e-02,-7.522175088524818420e-03,2.867363619804382324e+01
-3.670882433652877808e-02,-7.104767113924026489e-02,-7.551548536866903305e-03,2.867872118949890137e+01
-3.669881820678710938e-02,-7.106309384107589722e-02,-7.584549020975828171e-03,2.868369507789611816e+01
-3.669611364603042603e-02,-7.108092308044433594e-02,-7.598775904625654221e-03,2.868866801261901855e+01
-3.668930754065513611e-02,-7.109805941581726074e-02,-7.623849436640739441e-03,2.869374299049377441e+01
-3.668253496289253235e-02,-7.111413031816482544e-02,-7.648034021258354187e-03,2.869865322113037109e+01
-3.667361661791801453e-02,-7.113066315650939941e-02,-7.661663461476564407e-03,2.870363807678222656e+01
-3.682486340403556824e-02,-7.114860415458679199e-02,-7.498410996049642563e-03,2.870864510536193848e+01
-3.681581839919090271e-02,-7.117158174514770508e-02,-7.491128519177436829e-03,2.871363711357116699e+01
-3.680243715643882751e-02,-7.118972390890121460e-02,-7.470739539712667465e-03,2.871864700317382812e+01
-3.679003939032554626e-02,-7.121248543262481689e-02,-7.454832084476947784e-03,2.872363615036010742e+01
-3.677707910537719727e-02,-7.123713195323944092e-02,-7.434742990881204605e-03,2.872895622253417969e+01
-3.676074743270874023e-02,-7.126582413911819458e-02,-7.422719616442918777e-03,2.873367500305175781e+01
-3.674386069178581238e-02,-7.129523158073425293e-02,-7.404157426208257675e-03,2.873862719535827637e+01
-3.695882484316825867e-02,-7.125642895698547363e-02,-7.518623024225234985e-03,2.874362015724182129e+01
-3.694955259561538696e-02,-7.127913087606430054e-02,-7.524064742028713226e-03,2.874875617027282715e+01
-3.693918511271476746e-02,-7.130566984415054321e-02,-7.540381979197263718e-03,2.875361204147338867e+01
-3.692600131034851074e-02,-7.133129239082336426e-02,-7.551197893917560577e-03,2.875862407684326172e+01
-3.691060096025466919e-02,-7.135964930057525635e-02,-7.564426865428686142e-03,2.876374220848083496e+01
-3.689535334706306458e-02,-7.138824462890625000e-02,-7.584987208247184753e-03,2.876872420310974121e+01
-3.705534711480140686e-02,-7.132282108068466187e-02,-7.392093539237976074e-03,2.877372598648071289e+01
-3.704568743705749512e-02,-7.132906466722488403e-02,-7.399932481348514557e-03,2.877877020835876465e+01
-3.704082593321800232e-02,-7.134325802326202393e-02,-7.409468293190002441e-03,2.878373503684997559e+01
-3.703241795301437378e-02,-7.135362923145294189e-02,-7.420720998197793961e-03,2.878883314132690430e+01
-3.702364861965179443e-02,-7.136411219835281372e-02,-7.433548569679260254e-03,2.879380011558532715e+01
-3.701074793934822083e-02,-7.136997580528259277e-02,-7.443098351359367371e-03,2.879883313179016113e+01
-3.699849173426628113e-02,-7.137954235076904297e-02,-7.455729413777589798e-03,2.880379509925842285e+01
-3.716538101434707642e-02,-7.144948095083236694e-02,-7.415038999170064926e-03,2.880878901481628418e+01
-3.715602308511734009e-02,-7.146403193473815918e-02,-7.416436914354562759e-03,2.881365203857421875e+01
-3.714572638273239136e-02,-7.147777080535888672e-02,-7.420734502375125885e-03,2.881879615783691406e+01
-3.713475912809371948e-02,-7.149149477481842041e-02,-7.426923140883445740e-03,2.882375621795654297e+01
-3.712273389101028442e-02,-7.150504738092422485e-02,-7.433888036757707596e-03,2.882897305488586426e+01
-3.710682317614555359e-02,-7.152740657329559326e-02,-7.435373030602931976e-03,2.883383202552795410e+01
-3.709021955728530884e-02,-7.154736667871475220e-02,-7.439758162945508957e-03,2.883887910842895508e+01
-3.727519139647483826e-02,-7.157405465841293335e-02,-7.449245546013116837e-03,2.884388017654418945e+01
-3.726342320442199707e-02,-7.158738374710083008e-02,-7.445270661264657974e-03,2.884887003898620605e+01
-3.724863752722740173e-02,-7.160182297229766846e-02,-7.444167509675025940e-03,2.885390400886535645e+01
-3.723254427313804626e-02,-7.161747664213180542e-02,-7.443286478519439697e-03,2.885893201828002930e+01
-3.721536695957183838e-02,-7.163506746292114258e-02,-7.446277886629104614e-03,2.886406612396240234e+01
-3.719682246446609497e-02,-7.165436446666717529e-02,-7.447640877217054367e-03,2.886887502670288086e+01
-3.738731145858764648e-02,-7.170996069908142090e-02,-7.402091287076473236e-03,2.887387013435363770e+01
-3.737800568342208862e-02,-7.173449546098709106e-02,-7.407630328088998795e-03,2.887891411781311035e+01
-3.736603260040283203e-02,-7.175537943840026855e-02,-7.414678111672401428e-03,2.888390111923217773e+01
-3.735313937067985535e-02,-7.177867740392684937e-02,-7.425220217555761337e-03,2.888891410827636719e+01
-3.733764961361885071e-02,-7.180097699165344238e-02,-7.445020135492086411e-03,2.889415121078491211e+01
-3.732132166624069214e-02,-7.182711362838745117e-02,-7.462599314749240875e-03,2.889902615547180176e+01
-3.730386495590209961e-02,-7.185404747724533081e-02,-7.482609245926141739e-03,2.890405511856079102e+01
-3.752584755420684814e-02,-7.179544121026992798e-02,-7.365986704826354980e-03,2.890901398658752441e+01
-3.751710057258605957e-02,-7.181299477815628052e-02,-7.368939928710460663e-03,2.891402006149291992e+01
-3.750745952129364014e-02,-7.183297723531723022e-02,-7.370681036263704300e-03,2.891901421546936035e+01
-3.749631345272064209e-02,-7.185462862253189087e-02,-7.369692437350749969e-03,2.892408013343811035e+01
-3.748439624905586243e-02,-7.187740504741668701e-02,-7.382521405816078186e-03,2.892913413047790527e+01
-3.747035935521125793e-02,-7.190166413784027100e-02,-7.383138872683048248e-03,2.893401598930358887e+01
-3.764574602246284485e-02,-7.188919186592102051e-02,-7.374645676463842392e-03,2.893901300430297852e+01
-3.763568401336669922e-02,-7.190317660570144653e-02,-7.365006022155284882e-03,2.894406700134277344e+01
-3.762487694621086121e-02,-7.192113250494003296e-02,-7.363668177276849747e-03,2.894893598556518555e+01
-3.761276602745056152e-02,-7.194191217422485352e-02,-7.362395059317350388e-03,2.895395207405090332e+01
-3.760005161166191101e-02,-7.196920365095138550e-02,-7.370394188910722733e-03,2.895896816253662109e+01
-3.758577629923820496e-02,-7.199590653181076050e-02,-7.372533436864614487e-03,2.896409320831298828e+01
-3.757037222385406494e-02,-7.202383130788803101e-02,-7.374327629804611206e-03,2.896914005279541016e+01
-3.774257004261016846e-02,-7.199556380510330200e-02,-7.420798763632774353e-03,2.897414517402648926e+01
-3.773220255970954895e-02,-7.201052457094192505e-02,-7.430620957165956497e-03,2.897914814949035645e+01
-3.771970421075820923e-02,-7.202430069446563721e-02,-7.436065468937158585e-03,2.898417806625366211e+01
-3.770742937922477722e-02,-7.203850895166397095e-02,-7.434695959091186523e-03,2.898913121223449707e+01
-3.769456222653388977e-02,-7.205600291490554810e-02,-7.437740452587604523e-03,2.899437022209167480e+01
-3.768116235733032227e-02,-7.207453995943069458e-02,-7.438876666128635406e-03,2.899915003776550293e+01
-3.766689077019691467e-02,-7.209289073944091797e-02,-7.437219377607107162e-03,2.900418519973754883e+01
-3.781878575682640076e-02,-7.206936180591583252e-02,-7.325918413698673248e-03,2.900907516479492188e+01
-3.780432045459747314e-02,-7.207919657230377197e-02,-7.328771986067295074e-03,2.901414012908935547e+01
-3.778971731662750244e-02,-7.209191471338272095e-02,-7.333377376198768616e-03,2.901913499832153320e+01
-3.777464106678962708e-02,-7.210811227560043335e-02,-7.346059661358594894e-03,2.902418017387390137e+01
-3.775787726044654846e-02,-7.212407886981964111e-02,-7.360010873526334763e-03,2.902941322326660156e+01
-3.773930296301841736e-02,-7.214111089706420898e-02,-7.377352099865674973e-03,2.903422021865844727e+01
-3.794314712285995483e-02,-7.219188660383224487e-02,-7.219770457595586777e-03,2.903920912742614746e+01
-3.793292492628097534e-02,-7.220676541328430176e-02,-7.213656324893236160e-03,2.904430603981018066e+01
-3.792132064700126648e-02,-7.222365587949752808e-02,-7.206070236861705780e-03,2.904925918579101562e+01
-3.791075944900512695e-02,-7.223384827375411987e-02,-7.197655271738767624e-03,2.905425715446472168e+01
-3.789845481514930725e-02,-7.225161045789718628e-02,-7.189415860921144485e-03,2.905935502052307129e+01
-3.788558393716812134e-02,-7.226971536874771118e-02,-7.181742228567600250e-03,2.906443405151367188e+01
-3.786950558423995972e-02,-7.229232043027877808e-02,-7.187780924141407013e-03,2.906934118270874023e+01
-3.800003975629806519e-02,-7.234202325344085693e-02,-7.212872151285409927e-03,2.907448101043701172e+01
-3.798623010516166687e-02,-7.236165553331375122e-02,-7.228746544569730759e-03,2.907926917076110840e+01
-3.797054663300514221e-02,-7.237904518842697144e-02,-7.239886093884706497e-03,2.908499312400817871e+01
-3.795317932963371277e-02,-7.239867001771926880e-02,-7.253109943121671677e-03,2.908958315849304199e+01
-3.793370723724365234e-02,-7.241698354482650757e-02,-7.262799888849258423e-03,2.909458303451538086e+01
-3.791261836886405945e-02,-7.243588566780090332e-02,-7.273041177541017532e-03,2.909941220283508301e+01
-3.789293393492698669e-02,-7.246688008308410645e-02,-7.280818652361631393e-03,2.910430312156677246e+01
-3.810706362128257751e-02,-7.244682312011718750e-02,-7.154690567404031754e-03,2.910941100120544434e+01
-3.809541836380958557e-02,-7.246673107147216797e-02,-7.158791646361351013e-03,2.911427903175354004e+01
-3.808515146374702454e-02,-7.248537242412567139e-02,-7.151351310312747955e-03,2.911939811706542969e+01
-3.807294368743896484e-02,-7.250765711069107056e-02,-7.145294453948736191e-03,2.912444019317626953e+01
-3.806002065539360046e-02,-7.253240793943405151e-02,-7.135560736060142517e-03,2.912954521179199219e+01
-3.804476931691169739e-02,-7.255882024765014648e-02,-7.129024248570203781e-03,2.913439512252807617e+01
-3.825296461582183838e-02,-7.251901924610137939e-02,-7.285042665898799896e-03,2.913936710357666016e+01
-3.824482858180999756e-02,-7.252714037895202637e-02,-7.301992271095514297e-03,2.914445400238037109e+01
-3.823922947049140930e-02,-7.253604382276535034e-02,-7.333002984523773193e-03,2.914943218231201172e+01
-3.823156282305717468e-02,-7.254846394062042236e-02,-7.358916103839874268e-03,2.915439200401306152e+01
-3.822333738207817078e-02,-7.256346940994262695e-02,-7.385069038718938828e-03,2.915953803062438965e+01
-3.821109235286712646e-02,-7.258664816617965698e-02,-7.406215183436870575e-03,2.916456699371337891e+01
-3.819858655333518982e-02,-7.260823249816894531e-02,-7.432364858686923981e-03,2.916935110092163086e+01
-3.834988549351692200e-02,-7.262174785137176514e-02,-7.079985458403825760e-03,2.917440009117126465e+01
-3.833949938416481018e-02,-7.263153791427612305e-02,-7.072538603097200394e-03,2.917952919006347656e+01
-3.832964226603507996e-02,-7.263177633285522461e-02,-7.049445062875747681e-03,2.918454504013061523e+01
-3.831721842288970947e-02,-7.264227420091629028e-02,-7.036963477730751038e-03,2.918954300880432129e+01
-3.830315917730331421e-02,-7.265461981296539307e-02,-7.026026491075754166e-03,2.919466018676757812e+01
-3.828841075301170349e-02,-7.267014682292938232e-02,-7.026719395071268082e-03,2.919950413703918457e+01
-3.827253356575965881e-02,-7.268562167882919312e-02,-7.024370599538087845e-03,2.920456504821777344e+01
-3.846378251910209656e-02,-7.273525744676589966e-02,-7.127401884645223618e-03,2.920952200889587402e+01
-3.845187276601791382e-02,-7.274945825338363647e-02,-7.158834021538496017e-03,2.921448612213134766e+01
-3.843909502029418945e-02,-7.276361435651779175e-02,-7.174116559326648712e-03,2.921951413154602051e+01
-3.842497244477272034e-02,-7.277963310480117798e-02,-7.191702257841825485e-03,2.922452116012573242e+01
-3.840918093919754028e-02,-7.279410213232040405e-02,-7.203087676316499710e-03,2.922976422309875488e+01
-3.839255869388580322e-02,-7.281159609556198120e-02,-7.220339961349964142e-03,2.923452210426330566e+01
-3.848862648010253906e-02,-7.287296652793884277e-02,-7.045014761388301849e-03,2.923946499824523926e+01
-3.848103806376457214e-02,-7.289567589759826660e-02,-7.033639121800661087e-03,2.924446415901184082e+01
-3.846953809261322021e-02,-7.291279733180999756e-02,-7.034427020698785782e-03,2.924949407577514648e+01
-3.845690935850143433e-02,-7.293454557657241821e-02,-7.032064720988273621e-03,2.925464606285095215e+01
-3.844380006194114685e-02,-7.295870035886764526e-02,-7.028830703347921371e-03,2.925980615615844727e+01
-3.842706605792045593e-02,-7.297582179307937622e-02,-7.018926553428173065e-03,2.926478099822998047e+01
-3.841060027480125427e-02,-7.299681007862091064e-02,-7.010090630501508713e-03,2.926984000205993652e+01
-3.857865184545516968e-02,-7.303418219089508057e-02,-7.012768648564815521e-03,2.927466106414794922e+01
-3.856693953275680542e-02,-7.304971665143966675e-02,-7.028027903288602829e-03,2.927958607673645020e+01
-3.855378925800323486e-02,-7.306566834449768066e-02,-7.034207228571176529e-03,2.928462719917297363e+01
-3.854003548622131348e-02,-7.308233529329299927e-02,-7.041766773909330368e-03,2.928960204124450684e+01
-3.852547705173492432e-02,-7.310009002685546875e-02,-7.047994527965784073e-03,2.929485511779785156e+01
-3.850999474525451660e-02,-7.312019914388656616e-02,-7.057017646729946136e-03,2.929969811439514160e+01
-3.849332779645919800e-02,-7.314311712980270386e-02,-7.067992351949214935e-03,2.930463314056396484e+01
-3.872037306427955627e-02,-7.311012595891952515e-02,-6.965719163417816162e-03,2.930959320068359375e+01
-3.870845213532447815e-02,-7.312626391649246216e-02,-6.971558555960655212e-03,2.931465220451354980e+01
-3.869466483592987061e-02,-7.314331084489822388e-02,-6.978165358304977417e-03,2.931969308853149414e+01
-3.868226334452629089e-02,-7.315899431705474854e-02,-6.973928771913051605e-03,2.932473921775817871e+01
-3.866864368319511414e-02,-7.317682355642318726e-02,-6.973633542656898499e-03,2.932985401153564453e+01
-3.865461051464080811e-02,-7.319432497024536133e-02,-6.974236574023962021e-03,2.933471417427062988e+01
-3.886708244681358337e-02,-7.320697605609893799e-02,-7.004627026617527008e-03,2.934005713462829590e+01
-3.885998204350471497e-02,-7.321891933679580688e-02,-7.008764892816543579e-03,2.934472107887268066e+01
-3.885162621736526489e-02,-7.323140650987625122e-02,-7.014904636889696121e-03,2.934973001480102539e+01
-3.884240239858627319e-02,-7.324536144733428955e-02,-7.023019716143608093e-03,2.935475015640258789e+01
-3.883008658885955811e-02,-7.326587289571762085e-02,-7.036603521555662155e-03,2.935996508598327637e+01
-3.881733864545822144e-02,-7.328579574823379517e-02,-7.050656247884035110e-03,2.936482000350952148e+01
-3.880300000309944153e-02,-7.330690324306488037e-02,-7.066702935844659805e-03,2.936980605125427246e+01
-3.900716826319694519e-02,-7.333554327487945557e-02,-7.012019865214824677e-03,2.937475204467773438e+01
-3.899773210287094116e-02,-7.335715740919113159e-02,-7.017201278358697891e-03,2.937973618507385254e+01
-3.898777440190315247e-02,-7.338094711303710938e-02,-7.022396661341190338e-03,2.938488221168518066e+01
-3.897464275360107422e-02,-7.340873777866363525e-02,-7.027158979326486588e-03,2.938989710807800293e+01
-3.896164521574974060e-02,-7.343479245901107788e-02,-7.029046304523944855e-03,2.939500617980957031e+01
-3.894738480448722839e-02,-7.346090674400329590e-02,-7.027857936918735504e-03,2.939988803863525391e+01
-3.893005475401878357e-02,-7.348328083753585815e-02,-7.025524973869323730e-03,2.940487813949584961e+01
-3.914244845509529114e-02,-7.341809570789337158e-02,-7.091705687344074249e-03,2.940990519523620605e+01
-3.912576660513877869e-02,-7.342849671840667725e-02,-7.091974373906850815e-03,2.941484308242797852e+01
-3.911191225051879883e-02,-7.344977557659149170e-02,-7.094795349985361099e-03,2.941989517211914062e+01
-3.909779712557792664e-02,-7.347174733877182007e-02,-7.101384922862052917e-03,2.942483115196228027e+01
-3.908434882760047913e-02,-7.350037992000579834e-02,-7.106791250407695770e-03,2.943016314506530762e+01
-3.907030075788497925e-02,-7.353458553552627563e-02,-7.110634353011846542e-03,2.943495011329650879e+01
-3.933236002922058105e-02,-7.350654155015945435e-02,-7.057694252580404282e-03,2.943988919258117676e+01
-3.933089226484298706e-02,-7.351882010698318481e-02,-7.049171254038810730e-03,2.944486117362976074e+01
-3.932801261544227600e-02,-7.353240996599197388e-02,-7.041276898235082626e-03,2.944979715347290039e+01
-3.932746872305870056e-02,-7.354799658060073853e-02,-7.033983711153268814e-03,2.945503401756286621e+01
-3.932476043701171875e-02,-7.356408983469009399e-02,-7.023422047495841980e-03,2.946021199226379395e+01
-3.932147845625877380e-02,-7.358034700155258179e-02,-7.011477369815111160e-03,2.946511721611022949e+01
-3.931588679552078247e-02,-7.359498739242553711e-02,-7.001773919910192490e-03,2.947019219398498535e+01
-3.946342691779136658e-02,-7.364507764577865601e-02,-7.154559250921010971e-03,2.947511506080627441e+01
-3.945900127291679382e-02,-7.366541028022766113e-02,-7.158129010349512100e-03,2.948038721084594727e+01
-3.945094347000122070e-02,-7.369398325681686401e-02,-7.159123197197914124e-03,2.948541116714477539e+01
-3.944264724850654602e-02,-7.371941953897476196e-02,-7.165285293012857437e-03,2.949003219604492188e+01
-3.943264484405517578e-02,-7.374592870473861694e-02,-7.170447614043951035e-03,2.949523711204528809e+01
-3.942047432065010071e-02,-7.376241683959960938e-02,-7.174261845648288727e-03,2.950022816658020020e+01
-3.940692543983459473e-02,-7.378593087196350098e-02,-7.179225329309701920e-03,2.950502705574035645e+01
-3.953589498996734619e-02,-7.374490052461624146e-02,-7.082194089889526367e-03,2.951004314422607422e+01
-3.952497988939285278e-02,-7.375039160251617432e-02,-7.071329280734062195e-03,2.951513004302978516e+01
-3.951879963278770447e-02,-7.374610006809234619e-02,-7.046919781714677811e-03,2.952040410041809082e+01
-3.950841352343559265e-02,-7.375178486108779907e-02,-7.030277978628873825e-03,2.952515602111816406e+01
-3.949715569615364075e-02,-7.375944405794143677e-02,-7.013071794062852859e-03,2.953027820587158203e+01
-3.948599472641944885e-02,-7.377808541059494019e-02,-7.001324556767940521e-03,2.953514313697814941e+01
-3.968499228358268738e-02,-7.387504726648330688e-02,-7.207541726529598236e-03,2.954021310806274414e+01
-3.967849537730216980e-02,-7.388348132371902466e-02,-7.201427593827247620e-03,2.954509615898132324e+01
-3.966633975505828857e-02,-7.389978319406509399e-02,-7.210585754364728928e-03,2.955026412010192871e+01
-3.965507075190544128e-02,-7.391270250082015991e-02,-7.212084252387285233e-03,2.955498003959655762e+01
-3.964228555560112000e-02,-7.392552495002746582e-02,-7.215511053800582886e-03,2.956038618087768555e+01
-3.963022679090499878e-02,-7.393781095743179321e-02,-7.227231282740831375e-03,2.956522107124328613e+01
-3.961654007434844971e-02,-7.395210117101669312e-02,-7.237603887915611267e-03,2.957014107704162598e+01
-3.980179503560066223e-02,-7.400009781122207642e-02,-7.182084955275058746e-03,2.957505512237548828e+01
-3.979456424713134766e-02,-7.401182502508163452e-02,-7.172572892159223557e-03,2.958017611503601074e+01
-3.978612273931503296e-02,-7.402722537517547607e-02,-7.170069497078657150e-03,2.958523201942443848e+01
-3.977799415588378906e-02,-7.404489815235137939e-02,-7.167968433350324631e-03,2.959031009674072266e+01
-3.976633399724960327e-02,-7.406695932149887085e-02,-7.166354451328516006e-03,2.959549307823181152e+01
-3.975436836481094360e-02,-7.408947497606277466e-02,-7.162901572883129120e-03,2.960037016868591309e+01
-3.974090144038200378e-02,-7.411371171474456787e-02,-7.157001644372940063e-03,2.960527300834655762e+01
-3.998550772666931152e-02,-7.413336634635925293e-02,-7.222800049930810928e-03,2.961031198501586914e+01
-3.998217731714248657e-02,-7.414623349905014038e-02,-7.234142161905765533e-03,2.961528205871582031e+01
-3.997484967112541199e-02,-7.416265457868576050e-02,-7.239544764161109924e-03,2.962049007415771484e+01
-3.996583819389343262e-02,-7.418212294578552246e-02,-7.246103603392839432e-03,2.962527012825012207e+01
-3.995583951473236084e-02,-7.420806586742401123e-02,-7.252357434481382370e-03,2.963038611412048340e+01
-3.994540497660636902e-02,-7.423389703035354614e-02,-7.260194048285484314e-03,2.963528203964233398e+01
-4.006595909595489502e-02,-7.424907386302947998e-02,-7.233777083456516266e-03,2.964035105705261230e+01
-4.005978628993034363e-02,-7.426737993955612183e-02,-7.218089420348405838e-03,2.964525318145751953e+01
-4.005152359604835510e-02,-7.428409904241561890e-02,-7.212170865386724472e-03,2.965068721771240234e+01
-4.004259780049324036e-02,-7.430465519428253174e-02,-7.206591311842203140e-03,2.965511798858642578e+01
-4.003360494971275330e-02,-7.432387769222259521e-02,-7.208729162812232971e-03,2.966047811508178711e+01
-4.002404585480690002e-02,-7.434561103582382202e-02,-7.205932866781949997e-03,2.966539716720581055e+01
-4.001402109861373901e-02,-7.436870038509368896e-02,-7.203451357781887054e-03,2.967037320137023926e+01
-4.018114879727363586e-02,-7.438933849334716797e-02,-7.398830726742744446e-03,2.967536902427673340e+01
-4.016984999179840088e-02,-7.440552115440368652e-02,-7.411707658320665359e-03,2.968042802810668945e+01
-4.015696048736572266e-02,-7.442315667867660522e-02,-7.421025075018405914e-03,2.968534898757934570e+01
-4.014268144965171814e-02,-7.444202899932861328e-02,-7.430715020745992661e-03,2.969055509567260742e+01
-4.013211652636528015e-02,-7.446236163377761841e-02,-7.453391794115304947e-03,2.969566917419433594e+01
-4.011779651045799255e-02,-7.448577880859375000e-02,-7.471458986401557922e-03,2.970043706893920898e+01
-4.027123004198074341e-02,-7.444730401039123535e-02,-7.238330785185098648e-03,2.970536708831787109e+01
-4.026168957352638245e-02,-7.447234541177749634e-02,-7.236040662974119186e-03,2.971039414405822754e+01
-4.025956615805625916e-02,-7.448108494281768799e-02,-7.229105569422245026e-03,2.971532106399536133e+01
-4.025741294026374817e-02,-7.449205964803695679e-02,-7.220341823995113373e-03,2.972041916847229004e+01
-4.025106504559516907e-02,-7.450562715530395508e-02,-7.208401337265968323e-03,2.972550702095031738e+01
-4.024433717131614685e-02,-7.452023029327392578e-02,-7.195698563009500504e-03,2.973053503036499023e+01
-4.023605212569236755e-02,-7.453670352697372437e-02,-7.182093337178230286e-03,2.973551607131958008e+01
-4.032611846923828125e-02,-7.462912797927856445e-02,-7.284346036612987518e-03,2.974058103561401367e+01
-4.031593352556228638e-02,-7.464235275983810425e-02,-7.277583237737417221e-03,2.974544811248779297e+01
-4.030464589595794678e-02,-7.465722411870956421e-02,-7.270258851349353790e-03,2.975057005882263184e+01
-4.029856994748115540e-02,-7.467760145664215088e-02,-7.275716867297887802e-03,2.975550413131713867e+01
-4.028709605336189270e-02,-7.469737529754638672e-02,-7.274314295500516891e-03,2.976063203811645508e+01
-4.027470201253890991e-02,-7.471869140863418579e-02,-7.272687740623950958e-03,2.976558804512023926e+01
-4.026297107338905334e-02,-7.473846524953842163e-02,-7.270160131156444550e-03,2.977078199386596680e+01
-4.041886329650878906e-02,-7.476930320262908936e-02,-7.292403839528560638e-03,2.977537012100219727e+01
-4.041319340467453003e-02,-7.478260248899459839e-02,-7.296366151422262192e-03,2.978054308891296387e+01
-4.040694236755371094e-02,-7.479675114154815674e-02,-7.301451172679662704e-03,2.978561019897460938e+01
-4.039482399821281433e-02,-7.481992244720458984e-02,-7.318607531487941742e-03,2.979063510894775391e+01
-4.038472101092338562e-02,-7.484199106693267822e-02,-7.327723316848278046e-03,2.979574608802795410e+01
-4.037308692932128906e-02,-7.486686110496520996e-02,-7.336826063692569733e-03,2.980063700675964355e+01
-4.036132618784904480e-02,-7.489113509654998779e-02,-7.345519959926605225e-03,2.980562400817871094e+01
-4.055238515138626099e-02,-7.486837357282638550e-02,-7.329205051064491272e-03,2.981065011024475098e+01
-4.054646939039230347e-02,-7.488133013248443604e-02,-7.348708808422088623e-03,2.981562709808349609e+01
-4.053679853677749634e-02,-7.490182667970657349e-02,-7.359047885984182358e-03,2.982064414024353027e+01
-4.052742570638656616e-02,-7.492125034332275391e-02,-7.376550696790218353e-03,2.982560801506042480e+01
-4.051676020026206970e-02,-7.494315505027770996e-02,-7.395313121378421783e-03,2.983063006401062012e+01
-4.050598666071891785e-02,-7.496631145477294922e-02,-7.406327407807111740e-03,2.983562302589416504e+01
-4.070046916604042053e-02,-7.494223117828369141e-02,-7.210816722363233566e-03,2.984055304527282715e+01
-4.069494456052780151e-02,-7.495189458131790161e-02,-7.195639424026012421e-03,2.984561705589294434e+01
-4.069093242287635803e-02,-7.496534287929534912e-02,-7.175278384238481522e-03,2.985057616233825684e+01
-4.068540036678314209e-02,-7.497918605804443359e-02,-7.155144587159156799e-03,2.985560512542724609e+01
-4.067930206656455994e-02,-7.499452680349349976e-02,-7.130726706236600876e-03,2.986082816123962402e+01
-4.067258164286613464e-02,-7.501132786273956299e-02,-7.101030554622411728e-03,2.986587810516357422e+01
-4.066653922200202942e-02,-7.503102719783782959e-02,-7.087838836014270782e-03,2.987076807022094727e+01
-4.072241857647895813e-02,-7.514928281307220459e-02,-7.394457701593637466e-03,2.987579417228698730e+01
-4.071725532412528992e-02,-7.516227662563323975e-02,-7.405657786875963211e-03,2.988067722320556641e+01
-4.070854932069778442e-02,-7.517213374376296997e-02,-7.431933656334877014e-03,2.988570618629455566e+01
-4.070048034191131592e-02,-7.518638670444488525e-02,-7.450910750776529312e-03,2.989077806472778320e+01
-4.069174453616142273e-02,-7.520227134227752686e-02,-7.471631281077861786e-03,2.989585614204406738e+01
-4.068012535572052002e-02,-7.522325962781906128e-02,-7.488385308533906937e-03,2.990076708793640137e+01
-4.066744074225425720e-02,-7.524339109659194946e-02,-7.507764734327793121e-03,2.990573811531066895e+01
-4.074345529079437256e-02,-7.529877126216888428e-02,-7.276956457644701004e-03,2.991078805923461914e+01
-4.073453694581985474e-02,-7.529500126838684082e-02,-7.266697008162736893e-03,2.991575407981872559e+01
-4.072384163737297058e-02,-7.530089467763900757e-02,-7.264888379722833633e-03,2.992090606689453125e+01
-4.071271046996116638e-02,-7.530493289232254028e-02,-7.260384503751993179e-03,2.992577314376831055e+01
-4.069863259792327881e-02,-7.532007247209548950e-02,-7.262894883751869202e-03,2.993093013763427734e+01
-4.068430513143539429e-02,-7.533202320337295532e-02,-7.262823171913623810e-03,2.993575716018676758e+01
-4.081241413950920105e-02,-7.546521723270416260e-02,-7.280864752829074860e-03,2.994090604782104492e+01
-4.080319404602050781e-02,-7.548096776008605957e-02,-7.286096457391977310e-03,2.994574999809265137e+01
-4.079625383019447327e-02,-7.548747956752777100e-02,-7.281139492988586426e-03,2.995100808143615723e+01
-4.078733548521995544e-02,-7.550384849309921265e-02,-7.285247091203927994e-03,2.995585608482360840e+01
-4.077764973044395447e-02,-7.552353292703628540e-02,-7.291169371455907822e-03,2.996139001846313477e+01
-4.076703265309333801e-02,-7.555231451988220215e-02,-7.292992901057004929e-03,2.996593117713928223e+01
-4.075495153665542603e-02,-7.557983696460723877e-02,-7.296325638890266418e-03,2.997092103958129883e+01
-4.094589129090309143e-02,-7.555212825536727905e-02,-7.324553560465574265e-03,2.997588205337524414e+01
-4.093167558312416077e-02,-7.556951791048049927e-02,-7.318992167711257935e-03,2.998087716102600098e+01
-4.091761633753776550e-02,-7.558631896972656250e-02,-7.317414041608572006e-03,2.998598814010620117e+01
-4.090214520692825317e-02,-7.560414075851440430e-02,-7.315168157219886780e-03,2.999096202850341797e+01
-4.088732972741127014e-02,-7.562388479709625244e-02,-7.317004259675741196e-03,2.999607706069946289e+01
-4.087076708674430847e-02,-7.564496994018554688e-02,-7.316131144762039185e-03,3.000107407569885254e+01
-4.103357717394828796e-02,-7.571471482515335083e-02,-7.357459515333175659e-03,3.000604510307312012e+01
-4.102542623877525330e-02,-7.572845369577407837e-02,-7.354467641562223434e-03,3.001099014282226562e+01
-4.101705923676490784e-02,-7.574868202209472656e-02,-7.353463675826787949e-03,3.001597714424133301e+01
-4.100776836276054382e-02,-7.577219605445861816e-02,-7.349329534918069839e-03,3.002085709571838379e+01
-4.099902883172035217e-02,-7.580265402793884277e-02,-7.343098521232604980e-03,3.002605199813842773e+01
-4.098819941282272339e-02,-7.583162933588027954e-02,-7.337335962802171707e-03,3.003092503547668457e+01
-4.097666963934898376e-02,-7.586320489645004272e-02,-7.331909611821174622e-03,3.003601908683776855e+01
-4.109608381986618042e-02,-7.588434964418411255e-02,-7.283137645572423935e-03,3.004101705551147461e+01
-4.108862206339836121e-02,-7.589908689260482788e-02,-7.299201563000679016e-03,3.004589009284973145e+01
-4.108116030693054199e-02,-7.591529935598373413e-02,-7.303417194634675980e-03,3.005109810829162598e+01
-4.107274860143661499e-02,-7.593320310115814209e-02,-7.308740168809890747e-03,3.005664920806884766e+01
-4.106236621737480164e-02,-7.595226168632507324e-02,-7.315542083233594894e-03,3.006117820739746094e+01
-4.105197638273239136e-02,-7.597322016954421997e-02,-7.325370330363512039e-03,3.006682419776916504e+01
-4.104043543338775635e-02,-7.599679380655288696e-02,-7.336541544646024704e-03,3.007115721702575684e+01
-4.119130969047546387e-02,-7.598539441823959351e-02,-7.264457177370786667e-03,3.007609701156616211e+01
-4.118176922202110291e-02,-7.600369304418563843e-02,-7.270020898431539536e-03,3.008111810684204102e+01
-4.117107763886451721e-02,-7.602620124816894531e-02,-7.276364136487245560e-03,3.008676815032958984e+01
-4.116073995828628540e-02,-7.604790478944778442e-02,-7.277630269527435303e-03,3.009111309051513672e+01
-4.114945232868194580e-02,-7.607316970825195312e-02,-7.280650548636913300e-03,3.009674000740051270e+01
-4.113768413662910461e-02,-7.609984278678894043e-02,-7.282144855707883835e-03,3.010112404823303223e+01
-4.125982895493507385e-02,-7.612261921167373657e-02,-7.242865394800901413e-03,3.010670614242553711e+01
-4.125041887164115906e-02,-7.612532377243041992e-02,-7.238680496811866760e-03,3.011112213134765625e+01
-4.124235734343528748e-02,-7.612619549036026001e-02,-7.235770113766193390e-03,3.011623406410217285e+01
-4.123489186167716980e-02,-7.612513005733489990e-02,-7.235922385007143021e-03,3.012147021293640137e+01
-4.122799634933471680e-02,-7.613819092512130737e-02,-7.245215121656656265e-03,3.012682318687438965e+01
-4.121960699558258057e-02,-7.614210993051528931e-02,-7.248601876199245453e-03,3.013129210472106934e+01
-4.120948165655136108e-02,-7.614716887474060059e-02,-7.248706184327602386e-03,3.013649821281433105e+01
-4.135562479496002197e-02,-7.629609107971191406e-02,-7.206565234810113907e-03,3.014148807525634766e+01
-4.135045036673545837e-02,-7.630950212478637695e-02,-7.219729479402303696e-03,3.014674019813537598e+01
-4.134387150406837463e-02,-7.632486522197723389e-02,-7.236505392938852310e-03,3.015129113197326660e+01
-4.133879020810127258e-02,-7.633857429027557373e-02,-7.256920915096998215e-03,3.015642213821411133e+01
-4.133166000247001648e-02,-7.635619491338729858e-02,-7.277959492057561874e-03,3.016134715080261230e+01
-4.132416471838951111e-02,-7.637455314397811890e-02,-7.301895879209041595e-03,3.016658711433410645e+01
-4.131698235869407654e-02,-7.638992369174957275e-02,-7.319216616451740265e-03,3.017130708694458008e+01
-4.141542688012123108e-02,-7.646124064922332764e-02,-7.041963282972574234e-03,3.017624211311340332e+01
-4.141032695770263672e-02,-7.647392153739929199e-02,-7.032405585050582886e-03,3.018129420280456543e+01
-4.140307009220123291e-02,-7.649439573287963867e-02,-7.032149937003850937e-03,3.018616414070129395e+01
-4.139565676450729370e-02,-7.651305943727493286e-02,-7.024880032986402512e-03,3.019129705429077148e+01
-4.138715937733650208e-02,-7.653579115867614746e-02,-7.016959600150585175e-03,3.019723010063171387e+01
-4.137768223881721497e-02,-7.656046003103256226e-02,-7.008939515799283981e-03,3.020170021057128906e+01
-4.150236397981643677e-02,-7.653775811195373535e-02,-7.026353850960731506e-03,3.020695519447326660e+01
-4.149669036269187927e-02,-7.655385881662368774e-02,-7.037372328341007233e-03,3.021138215065002441e+01
-4.149022325873374939e-02,-7.657123357057571411e-02,-7.047226652503013611e-03,3.021646404266357422e+01
-4.148198664188385010e-02,-7.658864557743072510e-02,-7.047744467854499817e-03,3.022147703170776367e+01
-4.147345945239067078e-02,-7.660906016826629639e-02,-7.054832763969898224e-03,3.022716999053955078e+01
-4.146457090973854065e-02,-7.663207501173019409e-02,-7.064005825668573380e-03,3.023134613037109375e+01
-4.145308211445808411e-02,-7.665842771530151367e-02,-7.072814274579286575e-03,3.023694205284118652e+01
-4.160377755761146545e-02,-7.667805999517440796e-02,-6.965119857341051102e-03,3.024137616157531738e+01
-4.159191250801086426e-02,-7.668831199407577515e-02,-6.958225741982460022e-03,3.024676299095153809e+01
-4.158453270792961121e-02,-7.671528309583663940e-02,-6.955881603062152863e-03,3.025137305259704590e+01
-4.157300665974617004e-02,-7.673411816358566284e-02,-6.949278060346841812e-03,3.025661301612854004e+01
-4.156205803155899048e-02,-7.675761729478836060e-02,-6.940192542970180511e-03,3.026168704032897949e+01
-4.153107479214668274e-02,-7.676676660776138306e-02,-6.924183107912540436e-03,3.026697802543640137e+01
-4.150221496820449829e-02,-7.678068429231643677e-02,-6.909430492669343948e-03,3.027152109146118164e+01
-4.161900281906127930e-02,-7.676412910223007202e-02,-7.111223880201578140e-03,3.027701210975646973e+01
-4.161477833986282349e-02,-7.677273452281951904e-02,-7.162843365222215652e-03,3.028152298927307129e+01
-4.159067571163177490e-02,-7.677672803401947021e-02,-7.196153048425912857e-03,3.028682303428649902e+01
-4.156261682510375977e-02,-7.677244395017623901e-02,-7.230180781334638596e-03,3.029149699211120605e+01
-4.153491556644439697e-02,-7.676970958709716797e-02,-7.264755666255950928e-03,3.029676914215087891e+01
-4.153797030448913574e-02,-7.677330821752548218e-02,-7.301595993340015411e-03,3.030152606964111328e+01
-4.188711568713188171e-02,-7.695531845092773438e-02,-6.830304395407438278e-03,3.030694198608398438e+01
-4.191139712929725647e-02,-7.696547359228134155e-02,-6.812846288084983826e-03,3.031151819229125977e+01
-4.188087582588195801e-02,-7.696624100208282471e-02,-6.785994861274957657e-03,3.031706714630126953e+01
-4.187989607453346252e-02,-7.697176933288574219e-02,-6.769446656107902527e-03,3.032152009010314941e+01
-4.187619686126708984e-02,-7.697550952434539795e-02,-6.753969471901655197e-03,3.032696104049682617e+01
-4.187956079840660095e-02,-7.699404656887054443e-02,-6.748390384018421173e-03,3.033164811134338379e+01
-4.187724366784095764e-02,-7.700999826192855835e-02,-6.737302988767623901e-03,3.033703804016113281e+01
-4.193210601806640625e-02,-7.707620412111282349e-02,-6.931991782039403915e-03,3.034157705307006836e+01
-4.192176461219787598e-02,-7.710393518209457397e-02,-6.935754325240850449e-03,3.034686899185180664e+01
-4.190974682569503784e-02,-7.713808864355087280e-02,-6.937527097761631012e-03,3.035162520408630371e+01
-4.189460352063179016e-02,-7.718098163604736328e-02,-6.938265170902013779e-03,3.035691714286804199e+01
-4.187119379639625549e-02,-7.720645517110824585e-02,-6.953930947929620743e-03,3.036182904243469238e+01
-4.184714704751968384e-02,-7.724127173423767090e-02,-6.963928230106830597e-03,3.036670398712158203e+01
-4.181687161326408386e-02,-7.728321850299835205e-02,-6.973114795982837677e-03,3.037169504165649414e+01
-4.184231162071228027e-02,-7.704845815896987915e-02,-7.038931827992200851e-03,3.037686419486999512e+01
-4.185327515006065369e-02,-7.706749439239501953e-02,-7.080899085849523544e-03,3.038188719749450684e+01
-4.183091223239898682e-02,-7.705262303352355957e-02,-7.112866267561912537e-03,3.038701915740966797e+01
-4.181092977523803711e-02,-7.703845947980880737e-02,-7.147801574319601059e-03,3.039172315597534180e+01
-4.177702963352203369e-02,-7.701192051172256470e-02,-7.156628649681806564e-03,3.039689922332763672e+01
-4.174847155809402466e-02,-7.698919624090194702e-02,-7.174140773713588715e-03,3.040175318717956543e+01
-4.211158677935600281e-02,-7.733092457056045532e-02,-7.214384153485298157e-03,3.040688705444335938e+01
-4.207875579595565796e-02,-7.735234498977661133e-02,-7.170794066041707993e-03,3.041184401512145996e+01
-4.204934835433959961e-02,-7.736507058143615723e-02,-7.144425064325332642e-03,3.041686916351318359e+01
-4.201507568359375000e-02,-7.737657427787780762e-02,-7.103193551301956177e-03,3.042183518409729004e+01
-4.199587181210517883e-02,-7.738978415727615356e-02,-7.071926258504390717e-03,3.042697310447692871e+01
-4.196834936738014221e-02,-7.740730792284011841e-02,-7.024325896054506302e-03,3.043178200721740723e+01
-4.194118082523345947e-02,-7.742885500192642212e-02,-6.972864735871553421e-03,3.043698716163635254e+01
-4.224612191319465637e-02,-7.750523835420608521e-02,-7.025456055998802185e-03,3.044166612625122070e+01
-4.223382845520973206e-02,-7.751287519931793213e-02,-6.996009033173322678e-03,3.044699001312255859e+01
-4.222185164690017700e-02,-7.751724123954772949e-02,-6.970884278416633606e-03,3.045188713073730469e+01
-4.220741987228393555e-02,-7.752136886119842529e-02,-6.963628809899091721e-03,3.045705509185791016e+01
-4.219533875584602356e-02,-7.752753794193267822e-02,-6.962223909795284271e-03,3.046198606491088867e+01
-4.218259081244468689e-02,-7.753345370292663574e-02,-6.968569010496139526e-03,3.046705102920532227e+01
-4.224590957164764404e-02,-7.758820801973342896e-02,-7.037077099084854126e-03,3.047185516357421875e+01
-4.223783686757087708e-02,-7.759989798069000244e-02,-7.048702333122491837e-03,3.047693204879760742e+01
-4.222886636853218079e-02,-7.761505246162414551e-02,-7.086285389959812164e-03,3.048187518119812012e+01
-4.221959412097930908e-02,-7.763303071260452271e-02,-7.128381635993719101e-03,3.048693418502807617e+01
-4.220048710703849792e-02,-7.765473425388336182e-02,-7.148148491978645325e-03,3.049189400672912598e+01
-4.218285158276557922e-02,-7.767694443464279175e-02,-7.179679814726114273e-03,3.049710607528686523e+01
-4.216247797012329102e-02,-7.770107686519622803e-02,-7.210140582174062729e-03,3.050187802314758301e+01
-4.213575646281242371e-02,-7.775168120861053467e-02,-6.920536514371633530e-03,3.050697612762451172e+01
-4.211013019084930420e-02,-7.776257395744323730e-02,-6.927068345248699188e-03,3.051187705993652344e+01
-4.208204895257949829e-02,-7.777528464794158936e-02,-6.931782700121402740e-03,3.051694107055664062e+01
-4.209822788834571838e-02,-7.779892534017562866e-02,-6.864957977086305618e-03,3.052189016342163086e+01
-4.208306595683097839e-02,-7.781766355037689209e-02,-6.843960843980312347e-03,3.052707910537719727e+01
-4.206847772002220154e-02,-7.784205675125122070e-02,-6.818721536546945572e-03,3.053211522102355957e+01
-4.205917567014694214e-02,-7.787065207958221436e-02,-6.809690967202186584e-03,3.053700399398803711e+01
-4.229168593883514404e-02,-7.787149399518966675e-02,-6.930094677954912186e-03,3.054201102256774902e+01
-4.229477420449256897e-02,-7.787950336933135986e-02,-6.932966411113739014e-03,3.054707121849060059e+01
-4.229949787259101868e-02,-7.788836210966110229e-02,-6.936826743185520172e-03,3.055207705497741699e+01
-4.230334237217903137e-02,-7.790266722440719604e-02,-6.990115158259868622e-03,3.055721020698547363e+01
-4.230793938040733337e-02,-7.791589945554733276e-02,-7.014030124992132187e-03,3.056214904785156250e+01
-4.231542721390724182e-02,-7.793158292770385742e-02,-7.044150494039058685e-03,3.056709313392639160e+01
-4.225748404860496521e-02,-7.798327505588531494e-02,-6.836941931396722794e-03,3.057211399078369141e+01
-4.225796461105346680e-02,-7.799468934535980225e-02,-6.848023738712072372e-03,3.057715106010437012e+01
-4.225892573595046997e-02,-7.800770550966262817e-02,-6.864214316010475159e-03,3.058204913139343262e+01
-4.225650429725646973e-02,-7.801846414804458618e-02,-6.870617624372243881e-03,3.058707904815673828e+01
-4.225610941648483276e-02,-7.803475856781005859e-02,-6.886194460093975067e-03,3.059206700325012207e+01
-4.225606843829154968e-02,-7.805442810058593750e-02,-6.904877256602048874e-03,3.059722805023193359e+01
-4.224560782313346863e-02,-7.806977629661560059e-02,-6.921858992427587509e-03,3.060202002525329590e+01
-4.223674908280372620e-02,-7.808671891689300537e-02,-6.940877996385097504e-03,3.060710811614990234e+01
-4.221960902214050293e-02,-7.809773087501525879e-02,-6.781690288335084915e-03,3.061217021942138672e+01
-4.222876951098442078e-02,-7.811532914638519287e-02,-6.802687887102365494e-03,3.061719608306884766e+01
-4.222697392106056213e-02,-7.812576740980148315e-02,-6.815765518695116043e-03,3.062216401100158691e+01
-4.222635552287101746e-02,-7.813833653926849365e-02,-6.832166109234094620e-03,3.062726902961730957e+01
-4.222706332802772522e-02,-7.815438508987426758e-02,-6.851091049611568451e-03,3.063219904899597168e+01
-4.220192879438400269e-02,-7.814179360866546631e-02,-6.867305375635623932e-03,3.063724708557128906e+01
-4.218636453151702881e-02,-7.813584059476852417e-02,-6.889250595122575760e-03,3.064213609695434570e+01
-4.216701909899711609e-02,-7.812818884849548340e-02,-6.912469398230314255e-03,3.064713621139526367e+01
-4.216220602393150330e-02,-7.813912630081176758e-02,-6.946291774511337280e-03,3.065215015411376953e+01
-4.215079545974731445e-02,-7.814333587884902954e-02,-6.981363520026206970e-03,3.065718221664428711e+01
-4.214072227478027344e-02,-7.815054804086685181e-02,-7.021286524832248688e-03,3.066245102882385254e+01
-4.211444035172462463e-02,-7.815382629632949829e-02,-7.061397656798362732e-03,3.066714215278625488e+01
-4.209198430180549622e-02,-7.816180586814880371e-02,-7.104987278580665588e-03,3.067225503921508789e+01
-4.165373370051383972e-02,-7.981797307729721069e-02,-9.914306923747062683e-03,3.067711615562438965e+01
-4.166797921061515808e-02,-7.982883602380752563e-02,-9.959338232874870300e-03,3.068231105804443359e+01
-4.166598990559577942e-02,-7.983546704053878784e-02,-1.001629233360290527e-02,3.068728113174438477e+01
-4.166663065552711487e-02,-7.984217256307601929e-02,-1.007515750825405121e-02,3.069232606887817383e+01
-4.164949432015419006e-02,-7.984890043735504150e-02,-1.013400964438915253e-02,3.069724822044372559e+01
-4.163800925016403198e-02,-7.985618710517883301e-02,-1.019399333745241165e-02,3.070227909088134766e+01
-4.162327945232391357e-02,-7.986297458410263062e-02,-1.025559939444065094e-02,3.070942902565002441e+01
-4.159427806735038757e-02,-7.987008988857269287e-02,-1.034139096736907959e-02,3.071252012252807617e+01
-4.144161567091941833e-02,-8.027501404285430908e-02,-1.144927926361560822e-02,3.071747517585754395e+01
-4.141157120466232300e-02,-8.028962463140487671e-02,-1.150575559586286545e-02,3.072228312492370605e+01
-4.137821868062019348e-02,-8.030541986227035522e-02,-1.156223006546497345e-02,3.072759008407592773e+01
-4.123656079173088074e-02,-8.030088245868682861e-02,-1.179806608706712723e-02,3.073243021965026855e+01
-4.115934297442436218e-02,-8.031838387250900269e-02,-1.191781833767890930e-02,3.073722314834594727e+01
-4.107210785150527954e-02,-8.033720403909683228e-02,-1.205177791416645050e-02,3.074805116653442383e+01
-4.101709648966789246e-02,-8.036315441131591797e-02,-1.219300087541341782e-02,3.074891519546508789e+01
-4.094558581709861755e-02,-8.038575202226638794e-02,-1.234567258507013321e-02,3.075234699249267578e+01
-4.105177149176597595e-02,-8.033351600170135498e-02,-1.269639376550912857e-02,3.075741720199584961e+01
-4.103500396013259888e-02,-8.035445958375930786e-02,-1.283822581171989441e-02,3.076250100135803223e+01
-4.100717604160308838e-02,-8.037172257900238037e-02,-1.299950201064348221e-02,3.076744103431701660e+01
-4.098740592598915100e-02,-8.038960397243499756e-02,-1.316900551319122314e-02,3.077242207527160645e+01
-4.100942984223365784e-02,-8.039302378892898560e-02,-1.331311650574207306e-02,3.077742815017700195e+01
-4.103475809097290039e-02,-8.040250837802886963e-02,-1.346626877784729004e-02,3.078238701820373535e+01
-4.107784479856491089e-02,-8.041128516197204590e-02,-1.361650135368108749e-02,3.078734612464904785e+01
-4.177996888756752014e-02,-8.027552068233489990e-02,-1.252918504178524017e-02,3.079246211051940918e+01
-4.185564443469047546e-02,-8.030414581298828125e-02,-1.258419826626777649e-02,3.079749321937561035e+01
-4.193761572241783142e-02,-8.034025877714157104e-02,-1.263957004994153976e-02,3.080229520797729492e+01
-4.202554002404212952e-02,-8.038324117660522461e-02,-1.268801651895046234e-02,3.080747818946838379e+01
-4.209946468472480774e-02,-8.040846139192581177e-02,-1.275659352540969849e-02,3.081241607666015625e+01
-4.218596592545509338e-02,-8.045118302106857300e-02,-1.281080674380064011e-02,3.081757307052612305e+01
-4.227461293339729309e-02,-8.049485087394714355e-02,-1.286690030246973038e-02,3.082250809669494629e+01
-4.237601906061172485e-02,-8.055884391069412231e-02,-1.290624588727951050e-02,3.082771205902099609e+01
-4.229247942566871643e-02,-8.054052293300628662e-02,-1.226598769426345825e-02,3.083246111869812012e+01
-4.237259924411773682e-02,-8.060781657695770264e-02,-1.229619979858398438e-02,3.083783221244812012e+01
-4.239667579531669617e-02,-8.062937110662460327e-02,-1.225617062300443649e-02,3.084250903129577637e+01
-4.244908317923545837e-02,-8.067712187767028809e-02,-1.223708875477313995e-02,3.084751605987548828e+01
-4.249641299247741699e-02,-8.072342723608016968e-02,-1.220229640603065491e-02,3.085252213478088379e+01
-4.254325479269027710e-02,-8.079115301370620728e-02,-1.214662566781044006e-02,3.085757517814636230e+01
-4.258436337113380432e-02,-8.085463941097259521e-02,-1.207619067281484604e-02,3.086274409294128418e+01
-4.262173175811767578e-02,-8.092454075813293457e-02,-1.198820117861032486e-02,3.086753821372985840e+01
-4.266710951924324036e-02,-8.098582178354263306e-02,-1.188834290951490402e-02,3.087252116203308105e+01
-4.270708560943603516e-02,-8.105527609586715698e-02,-1.176994200795888901e-02,3.087758016586303711e+01
-4.274669662117958069e-02,-8.112718909978866577e-02,-1.163579151034355164e-02,3.088249111175537109e+01
-4.280815273523330688e-02,-8.120799064636230469e-02,-1.145964674651622772e-02,3.088801908493041992e+01
-4.286601021885871887e-02,-8.128821104764938354e-02,-1.127219293266534805e-02,3.089261698722839355e+01
-4.292976856231689453e-02,-8.137081563472747803e-02,-1.106238644570112228e-02,3.089788317680358887e+01
-4.299945756793022156e-02,-8.145576715469360352e-02,-1.083051599562168121e-02,3.090262007713317871e+01
-4.305602237582206726e-02,-8.150519430637359619e-02,-1.053327787667512894e-02,3.090804004669189453e+01
-4.312456771731376648e-02,-8.156815171241760254e-02,-1.022613979876041412e-02,3.091264820098876953e+01
-4.319537431001663208e-02,-8.162687718868255615e-02,-9.887197986245155334e-03,3.091764020919799805e+01
-4.325864464044570923e-02,-8.167538791894912720e-02,-9.560603648424148560e-03,3.092265415191650391e+01
-4.332554340362548828e-02,-8.171964436769485474e-02,-9.197547100484371185e-03,3.092797303199768066e+01
-4.339194297790527344e-02,-8.175817131996154785e-02,-8.816465735435485840e-03,3.093278408050537109e+01
-4.344343021512031555e-02,-8.180993050336837769e-02,-8.462708443403244019e-03,3.093769621849060059e+01
-4.349627718329429626e-02,-8.184915035963058472e-02,-8.086916990578174591e-03,3.094266104698181152e+01
-4.354435205459594727e-02,-8.188483864068984985e-02,-7.706652861088514328e-03,3.094767999649047852e+01
-4.358295351266860962e-02,-8.190304040908813477e-02,-7.337512914091348648e-03,3.095279717445373535e+01
-4.361765086650848389e-02,-8.192414045333862305e-02,-6.961733102798461914e-03,3.095782804489135742e+01
-4.364629089832305908e-02,-8.193904161453247070e-02,-6.587512325495481491e-03,3.096289515495300293e+01
-4.370136559009552002e-02,-8.194196969270706177e-02,-6.232489366084337234e-03,3.096781206130981445e+01
-4.374579340219497681e-02,-8.193994313478469849e-02,-5.873812828212976456e-03,3.097281408309936523e+01
-4.379345104098320007e-02,-8.192969858646392822e-02,-5.518973339349031448e-03,3.097774004936218262e+01
-4.384432733058929443e-02,-8.191070705652236938e-02,-5.166852846741676331e-03,3.098273015022277832e+01
-4.393723979592323303e-02,-8.187860995531082153e-02,-4.889544099569320679e-03,3.098787021636962891e+01
-4.402093589305877686e-02,-8.184008300304412842e-02,-4.589919932186603546e-03,3.099286103248596191e+01
-4.411548003554344177e-02,-8.179380744695663452e-02,-4.307088442146778107e-03,3.099796819686889648e+01
-4.419839382171630859e-02,-8.174432814121246338e-02,-4.072960466146469116e-03,3.100258421897888184e+01
-4.429520666599273682e-02,-8.168455958366394043e-02,-3.854058915749192238e-03,3.100782418251037598e+01
-4.439637809991836548e-02,-8.161764591932296753e-02,-3.662674222141504288e-03,3.101268005371093750e+01
-4.450042918324470520e-02,-8.154948800802230835e-02,-3.561247605830430984e-03,3.101786613464355469e+01
-4.460912197828292847e-02,-8.147392421960830688e-02,-3.476099111139774323e-03,3.102289009094238281e+01
-4.472189024090766907e-02,-8.139404654502868652e-02,-3.433973994106054306e-03,3.102806401252746582e+01
-3.766003251075744629e-02,-7.831363379955291748e-02,-2.610034076496958733e-03,3.103289914131164551e+01
-3.748541697859764099e-02,-7.818212360143661499e-02,-2.717280294746160507e-03,3.103800821304321289e+01
-3.731231391429901123e-02,-7.804707437753677368e-02,-2.883485518395900726e-03,3.104296422004699707e+01
-3.715714812278747559e-02,-7.790117710828781128e-02,-3.114529885351657867e-03,3.104797720909118652e+01
-3.700168803334236145e-02,-7.775570452213287354e-02,-3.394832136109471321e-03,3.105293607711791992e+01
-3.685275465250015259e-02,-7.760657370090484619e-02,-3.729827702045440674e-03,3.105804705619812012e+01
-3.640555962920188904e-02,-7.833164930343627930e-02,-3.673687810078263283e-03,3.106320309638977051e+01
-3.627003356814384460e-02,-7.823383808135986328e-02,-4.024110734462738037e-03,3.106812310218811035e+01
-3.613313660025596619e-02,-7.813430577516555786e-02,-4.450278356671333313e-03,3.107284712791442871e+01
-3.600574657320976257e-02,-7.803162187337875366e-02,-4.919746425002813339e-03,3.107793617248535156e+01
-3.590651229023933411e-02,-7.792421430349349976e-02,-5.383705720305442810e-03,3.108296918869018555e+01
-3.581401333212852478e-02,-7.781457155942916870e-02,-5.899948999285697937e-03,3.108842110633850098e+01
-3.601642325520515442e-02,-7.886447757482528687e-02,-6.976960692554712296e-03,3.109319615364074707e+01
-3.595211729407310486e-02,-7.886427640914916992e-02,-7.566473446786403656e-03,3.109795713424682617e+01
-3.590763732790946960e-02,-7.884692400693893433e-02,-8.188864216208457947e-03,3.110297107696533203e+01
-3.587576001882553101e-02,-7.883176207542419434e-02,-8.839282207190990448e-03,3.110810613632202148e+01
-3.584058210253715515e-02,-7.883923500776290894e-02,-9.520526975393295288e-03,3.111297607421875000e+01
-3.582029789686203003e-02,-7.884666323661804199e-02,-1.022998802363872528e-02,3.111799311637878418e+01
-3.580807894468307495e-02,-7.886210083961486816e-02,-1.096838619560003281e-02,3.112297010421752930e+01
-3.640442341566085815e-02,-7.958616316318511963e-02,-1.282454561442136765e-02,3.112815403938293457e+01
-3.641679883003234863e-02,-7.969369739294052124e-02,-1.368684228509664536e-02,3.113310003280639648e+01
-3.643662855029106140e-02,-7.981382310390472412e-02,-1.457066554576158524e-02,3.113817119598388672e+01
-3.645157441496849060e-02,-7.995556294918060303e-02,-1.539511699229478836e-02,3.114310002326965332e+01
-3.647583723068237305e-02,-8.010479062795639038e-02,-1.624991185963153839e-02,3.115214705467224121e+01
-3.650420531630516052e-02,-8.026879280805587769e-02,-1.709956489503383636e-02,3.115317201614379883e+01
-3.769452124834060669e-02,-8.041483908891677856e-02,-1.902701519429683685e-02,3.115798115730285645e+01
-3.775145113468170166e-02,-8.061739057302474976e-02,-1.984664611518383026e-02,3.116321301460266113e+01
-3.781935945153236389e-02,-8.082743734121322632e-02,-2.069354988634586334e-02,3.116827917098999023e+01
-3.788893297314643860e-02,-8.104942739009857178e-02,-2.151814848184585571e-02,3.117325115203857422e+01
-3.802266344428062439e-02,-8.131960034370422363e-02,-2.226105332374572754e-02,3.117824316024780273e+01
-3.814886137843132019e-02,-8.159197121858596802e-02,-2.300297282636165619e-02,3.118309307098388672e+01
-3.829208388924598694e-02,-8.187306672334671021e-02,-2.371476776897907257e-02,3.118846321105957031e+01
-3.854482993483543396e-02,-8.216315507888793945e-02,-2.429783344268798828e-02,3.119310522079467773e+01
-4.057496786117553711e-02,-8.185683190822601318e-02,-2.672761492431163788e-02,3.119829821586608887e+01
-4.099170863628387451e-02,-8.225996792316436768e-02,-2.732612006366252899e-02,3.120310902595520020e+01
-4.105962812900543213e-02,-8.244989067316055298e-02,-2.748014964163303375e-02,3.120816612243652344e+01
-4.130879417061805725e-02,-8.278615772724151611e-02,-2.771650627255439758e-02,3.121309113502502441e+01
-4.153021052479743958e-02,-8.311548829078674316e-02,-2.783495374023914337e-02,3.121834707260131836e+01
-4.157755896449089050e-02,-8.349772542715072632e-02,-2.773495391011238098e-02,3.122323417663574219e+01
-4.209523275494575500e-02,-8.200317621231079102e-02,-2.640025317668914795e-02,3.122848200798034668e+01
-4.200576990842819214e-02,-8.227711170911788940e-02,-2.586923167109489441e-02,3.123323416709899902e+01
-4.184616357088088989e-02,-8.254750818014144897e-02,-2.518886327743530273e-02,3.123829603195190430e+01
-4.209390655159950256e-02,-8.308882266283035278e-02,-2.528370358049869537e-02,3.124323415756225586e+01
-4.206337779760360718e-02,-8.348828554153442383e-02,-2.479754760861396790e-02,3.124831509590148926e+01
-4.202952980995178223e-02,-8.391386270523071289e-02,-2.429484389722347260e-02,3.125330805778503418e+01
-4.451480135321617126e-02,-8.102013170719146729e-02,-2.697119303047657013e-02,3.125830602645874023e+01
-4.457894340157508850e-02,-8.141580224037170410e-02,-2.685380913317203522e-02,3.126353120803833008e+01
-4.462609812617301941e-02,-8.185241371393203735e-02,-2.674248814582824707e-02,3.126830601692199707e+01
-4.471679776906967163e-02,-8.209963142871856689e-02,-2.658500894904136658e-02,3.127327513694763184e+01
-4.476826265454292297e-02,-8.249294012784957886e-02,-2.645433135330677032e-02,3.127853202819824219e+01
-4.481317475438117981e-02,-8.289765566587448120e-02,-2.632045745849609375e-02,3.128760719299316406e+01
-4.485400021076202393e-02,-8.332192897796630859e-02,-2.612595260143280029e-02,3.128877019882202148e+01
-4.486439377069473267e-02,-7.915087044239044189e-02,-1.918027922511100769e-02,3.129348802566528320e+01
-4.486259073019027710e-02,-7.930056750774383545e-02,-1.860654912889003754e-02,3.129843306541442871e+01
-4.481741786003112793e-02,-7.950396090745925903e-02,-1.787066832184791565e-02,3.130336713790893555e+01
-4.477722197771072388e-02,-7.968039065599441528e-02,-1.717352122068405151e-02,3.130844306945800781e+01
-4.472327604889869690e-02,-7.986208796501159668e-02,-1.643648743629455566e-02,3.131328105926513672e+01
-4.471414163708686829e-02,-7.997288554906845093e-02,-1.577682234346866608e-02,3.131889605522155762e+01
-4.468432813882827759e-02,-8.011572062969207764e-02,-1.505156513303518295e-02,3.132341599464416504e+01
-4.465792700648307800e-02,-8.024985343217849731e-02,-1.431773230433464050e-02,3.132867503166198730e+01
-4.506095126271247864e-02,-7.698544114828109741e-02,-1.061627082526683807e-02,3.133337116241455078e+01
-4.496587440371513367e-02,-7.702127099037170410e-02,-1.010030135512351990e-02,3.133859920501708984e+01
-4.491049423813819885e-02,-7.702836394309997559e-02,-9.411884471774101257e-03,3.134350705146789551e+01
-4.484647512435913086e-02,-7.703972607851028442e-02,-8.763813413679599762e-03,3.134843707084655762e+01
-4.480952769517898560e-02,-7.703479379415512085e-02,-8.195948787033557892e-03,3.135348200798034668e+01
-4.475812986493110657e-02,-7.703825831413269043e-02,-7.663486059755086899e-03,3.135873603820800781e+01
-4.470799863338470459e-02,-7.703970372676849365e-02,-7.185653783380985260e-03,3.136356806755065918e+01
-4.461502283811569214e-02,-7.701019197702407837e-02,-6.650058086961507797e-03,3.136846804618835449e+01
-4.452969506382942200e-02,-7.698597013950347900e-02,-6.184030324220657349e-03,3.137349605560302734e+01
-4.443321377038955688e-02,-7.695391029119491577e-02,-5.739999935030937195e-03,3.137852907180786133e+01
-4.435553774237632751e-02,-7.691899687051773071e-02,-5.262650083750486374e-03,3.138349318504333496e+01
-4.426229000091552734e-02,-7.687378674745559692e-02,-4.816378932446241379e-03,3.138851904869079590e+01
-4.416632652282714844e-02,-7.682195305824279785e-02,-4.376994911581277847e-03,3.139360904693603516e+01
-4.659689217805862427e-02,-7.446179538965225220e-02,-1.162411528639495373e-03,3.139855408668518066e+01
-4.657251387834548950e-02,-7.429803907871246338e-02,-7.157044019550085068e-04,3.140348315238952637e+01
-4.654244706034660339e-02,-7.412745803594589233e-02,-3.004307218361645937e-04,3.140856099128723145e+01
-4.650651663541793823e-02,-7.394877076148986816e-02,8.222893666243180633e-05,3.141356921195983887e+01
-4.643745347857475281e-02,-7.377030700445175171e-02,3.356035449542105198e-04,3.141870021820068359e+01
-4.637126624584197998e-02,-7.357671111822128296e-02,5.889724707230925560e-04,3.142370414733886719e+01
-4.629381000995635986e-02,-7.337268441915512085e-02,7.913244771771132946e-04,3.142878818511962891e+01
-4.786473885178565979e-02,-7.422786206007003784e-02,6.219264469109475613e-04,3.143373012542724609e+01
-4.783748835325241089e-02,-7.406181842088699341e-02,7.206680020317435265e-04,3.143875217437744141e+01
-4.779867455363273621e-02,-7.388890534639358521e-02,7.844583597034215927e-04,3.144377422332763672e+01
-4.775522276759147644e-02,-7.371599972248077393e-02,8.829801226966083050e-04,3.144863414764404297e+01
-4.769939184188842773e-02,-7.353296130895614624e-02,9.382027783431112766e-04,3.145371198654174805e+01
-4.763408750295639038e-02,-7.334274053573608398e-02,9.802147978916764259e-04,3.145869708061218262e+01
-4.825022816658020020e-02,-7.472611218690872192e-02,2.280748682096600533e-03,3.146384215354919434e+01
-4.821570217609405518e-02,-7.459875196218490601e-02,2.399927703663706779e-03,3.146863007545471191e+01
-4.817353934049606323e-02,-7.446453720331192017e-02,2.510271500796079636e-03,3.147361016273498535e+01
-4.812711104750633240e-02,-7.433544844388961792e-02,2.574198180809617043e-03,3.147869706153869629e+01
-4.807258024811744690e-02,-7.419658452272415161e-02,2.636035438627004623e-03,3.148370599746704102e+01
-4.801136255264282227e-02,-7.405298203229904175e-02,2.678884193301200867e-03,3.148888111114501953e+01
-4.823964089155197144e-02,-7.513455301523208618e-02,2.049936912953853607e-03,3.149389600753784180e+01
-4.820164293050765991e-02,-7.504690438508987427e-02,2.011885866522789001e-03,3.149877405166625977e+01
-4.814878478646278381e-02,-7.495235651731491089e-02,1.948709366843104362e-03,3.150375914573669434e+01
-4.809170588850975037e-02,-7.485020160675048828e-02,1.867577433586120605e-03,3.150885200500488281e+01
-4.802398756146430969e-02,-7.472191751003265381e-02,1.786854583770036697e-03,3.151381707191467285e+01
-4.795321822166442871e-02,-7.459492981433868408e-02,1.686129136942327023e-03,3.151875400543212891e+01
-4.787666350603103638e-02,-7.446025311946868896e-02,1.573916175402700901e-03,3.152380418777465820e+01
-4.780565202236175537e-02,-7.554600387811660767e-02,7.861726335249841213e-04,3.152910804748535156e+01
-4.773358255624771118e-02,-7.547877728939056396e-02,6.068328511901199818e-04,3.153380703926086426e+01
-4.765775427222251892e-02,-7.541090995073318481e-02,4.077416087966412306e-04,3.153885507583618164e+01
-4.757795855402946472e-02,-7.534874230623245239e-02,1.775881391949951649e-04,3.154381203651428223e+01
-4.749481752514839172e-02,-7.528255134820938110e-02,-6.552709237439557910e-05,3.154884910583496094e+01
-4.740813001990318298e-02,-7.521504908800125122e-02,-3.262799291405826807e-04,3.155388808250427246e+01
-4.701463505625724792e-02,-7.624959945678710938e-02,-1.230395399034023285e-03,3.155892109870910645e+01
-4.692848771810531616e-02,-7.622653990983963013e-02,-1.537919510155916214e-03,3.156389403343200684e+01
-4.684164747595787048e-02,-7.620063424110412598e-02,-1.857505529187619686e-03,3.156893014907836914e+01
-4.675659164786338806e-02,-7.618208974599838257e-02,-2.184635028243064880e-03,3.157414221763610840e+01
-4.667049273848533630e-02,-7.616020739078521729e-02,-2.523920265957713127e-03,3.157892107963562012e+01
-4.658460244536399841e-02,-7.614088058471679688e-02,-2.871508011594414711e-03,3.158391308784484863e+01
-4.649890586733818054e-02,-7.612428069114685059e-02,-3.227208042517304420e-03,3.158892917633056641e+01
-4.664693772792816162e-02,-7.696736603975296021e-02,-4.189626779407262802e-03,3.159403514862060547e+01
-4.657658189535140991e-02,-7.698982208967208862e-02,-4.580952692776918411e-03,3.159903001785278320e+01
-4.650456830859184265e-02,-7.701159268617630005e-02,-4.978329874575138092e-03,3.160391712188720703e+01
-4.644044488668441772e-02,-7.704665511846542358e-02,-5.334646441042423248e-03,3.160894012451171875e+01
-4.637103155255317688e-02,-7.707914710044860840e-02,-5.714854225516319275e-03,3.161392402648925781e+01
-4.630186781287193298e-02,-7.711617648601531982e-02,-6.089802365750074387e-03,3.161907815933227539e+01
-4.698351025581359863e-02,-7.763250172138214111e-02,-7.156005594879388809e-03,3.162412309646606445e+01
-4.696686938405036926e-02,-7.771544903516769409e-02,-7.550096139311790466e-03,3.162928199768066406e+01
-4.695073887705802917e-02,-7.780118286609649658e-02,-7.943144068121910095e-03,3.163403916358947754e+01
-4.658480361104011536e-02,-7.792302966117858887e-02,-7.826323620975017548e-03,3.163913917541503906e+01
-4.642916470766067505e-02,-7.800929248332977295e-02,-8.020581677556037903e-03,3.164418411254882812e+01
-4.624579474329948425e-02,-7.808952778577804565e-02,-8.178993128240108490e-03,3.164906215667724609e+01
-4.619896411895751953e-02,-7.803799211978912354e-02,-9.260039776563644409e-03,3.165411400794982910e+01
-4.605211317539215088e-02,-7.812958210706710815e-02,-9.304679930210113525e-03,3.165914416313171387e+01
-4.589774832129478455e-02,-7.821366190910339355e-02,-9.297227486968040466e-03,3.166410017013549805e+01
-4.573690146207809448e-02,-7.829450815916061401e-02,-9.234167635440826416e-03,3.166916704177856445e+01
-4.569198191165924072e-02,-7.842958718538284302e-02,-9.252384305000305176e-03,3.167422914505004883e+01
-4.560149088501930237e-02,-7.854098826646804810e-02,-9.163040667772293091e-03,3.167916607856750488e+01
-4.561171680688858032e-02,-7.800828665494918823e-02,-1.062855962663888931e-02,3.168425107002258301e+01
-4.569075629115104675e-02,-7.821009308099746704e-02,-1.082047354429960251e-02,3.168926405906677246e+01
-4.574980959296226501e-02,-7.839193195104598999e-02,-1.089845970273017883e-02,3.169431209564208984e+01
-4.584157094359397888e-02,-7.860063761472702026e-02,-1.098019070923328400e-02,3.169919204711914062e+01
-4.592001810669898987e-02,-7.879303395748138428e-02,-1.102276518940925598e-02,3.170428109169006348e+01
-4.603718966245651245e-02,-7.901077717542648315e-02,-1.107762940227985382e-02,3.170919799804687500e+01
-4.420072585344314575e-02,-7.777439057826995850e-02,-9.893432259559631348e-03,3.171417903900146484e+01
-4.424677416682243347e-02,-7.789096236228942871e-02,-9.733410552144050598e-03,3.171926999092102051e+01
-4.430363327264785767e-02,-7.801824808120727539e-02,-9.608667343854904175e-03,3.172424006462097168e+01
-4.438465461134910583e-02,-7.814976572990417480e-02,-9.458222426474094391e-03,3.172938919067382812e+01
-4.448102414608001709e-02,-7.830552756786346436e-02,-9.264905937016010284e-03,3.173420500755310059e+01
-4.460246115922927856e-02,-7.846564054489135742e-02,-9.047686122357845306e-03,3.173925304412841797e+01
-4.474527016282081604e-02,-7.863825559616088867e-02,-8.798471651971340179e-03,3.174415802955627441e+01
-4.430509358644485474e-02,-7.763336598873138428e-02,-7.811814080923795700e-03,3.174925804138183594e+01
-4.440816119313240051e-02,-7.770673185586929321e-02,-7.611528970301151276e-03,3.175434517860412598e+01
-4.455887526273727417e-02,-7.782357931137084961e-02,-7.304624654352664948e-03,3.175926613807678223e+01
-4.472261294722557068e-02,-7.794227451086044312e-02,-6.986325141042470932e-03,3.176434206962585449e+01
-4.489594325423240662e-02,-7.808006554841995239e-02,-6.715940311551094055e-03,3.176924920082092285e+01
-4.508310183882713318e-02,-7.821947336196899414e-02,-6.427746731787919998e-03,3.177421808242797852e+01
-4.487094655632972717e-02,-7.723400741815567017e-02,-5.900161340832710266e-03,3.177938818931579590e+01
-4.482556134462356567e-02,-7.707718759775161743e-02,-5.632206797599792480e-03,3.178432106971740723e+01
-4.488047957420349121e-02,-7.702532410621643066e-02,-5.384168587625026703e-03,3.178938698768615723e+01
-4.490943625569343567e-02,-7.694089412689208984e-02,-5.140444263815879822e-03,3.179445314407348633e+01
-4.496997594833374023e-02,-7.686990499496459961e-02,-5.003286059945821762e-03,3.179937720298767090e+01
-4.499618709087371826e-02,-7.676073163747787476e-02,-4.854873754084110260e-03,3.180434298515319824e+01
-4.501293599605560303e-02,-7.663343846797943115e-02,-4.739850293844938278e-03,3.180934309959411621e+01
-4.469637200236320496e-02,-7.559382170438766479e-02,-3.866450628265738487e-03,3.181429505348205566e+01
-4.467381536960601807e-02,-7.542502135038375854e-02,-3.840909805148839951e-03,3.181929516792297363e+01
-4.464074969291687012e-02,-7.525483518838882446e-02,-3.864274360239505768e-03,3.182427716255187988e+01
-4.459906369447708130e-02,-7.500961422920227051e-02,-3.850238397717475891e-03,3.182959008216857910e+01
-4.454660415649414062e-02,-7.477744668722152710e-02,-3.893695073202252388e-03,3.183426403999328613e+01
-4.448466747999191284e-02,-7.452902942895889282e-02,-3.960712812840938568e-03,3.183930206298828125e+01
-4.388349503278732300e-02,-7.539176195859909058e-02,-3.548953216522932053e-03,3.184441518783569336e+01
-4.389996454119682312e-02,-7.533145695924758911e-02,-3.484947141259908676e-03,3.184941911697387695e+01
-4.385253787040710449e-02,-7.518562674522399902e-02,-3.504902822896838188e-03,3.185446810722351074e+01
-4.381476715207099915e-02,-7.504205405712127686e-02,-3.530593821778893471e-03,3.185949802398681641e+01
-4.372752830386161804e-02,-7.493405044078826904e-02,-3.495908575132489204e-03,3.186451220512390137e+01
-4.365796223282814026e-02,-7.482313364744186401e-02,-3.473408985882997513e-03,3.186931610107421875e+01
-4.358071088790893555e-02,-7.472360879182815552e-02,-3.436488099396228790e-03,3.187444400787353516e+01
-4.375299811363220215e-02,-7.642636448144912720e-02,-3.560926299542188644e-03,3.187948417663574219e+01
-4.372418671846389771e-02,-7.647876441478729248e-02,-3.474610624834895134e-03,3.188438606262207031e+01
-4.370337724685668945e-02,-7.653704285621643066e-02,-3.368372563272714615e-03,3.188949108123779297e+01
-4.369356855750083923e-02,-7.660261541604995728e-02,-3.309403778985142708e-03,3.189446306228637695e+01
-4.369090870022773743e-02,-7.667105644941329956e-02,-3.225121414288878441e-03,3.189961409568786621e+01
-4.369677603244781494e-02,-7.674304395914077759e-02,-3.143072361126542091e-03,3.190445709228515625e+01
-4.372164607048034668e-02,-7.682280242443084717e-02,-3.088504774495959282e-03,3.190944910049438477e+01
-4.334617033600807190e-02,-7.684682309627532959e-02,-4.144668579101562500e-03,3.191443514823913574e+01
-4.337306693196296692e-02,-7.692939788103103638e-02,-4.194077104330062866e-03,3.191958904266357422e+01
-4.341172054409980774e-02,-7.701956480741500854e-02,-4.253614693880081177e-03,3.192447113990783691e+01
-4.352748766541481018e-02,-7.709528505802154541e-02,-4.232870880514383316e-03,3.192965412139892578e+01
-4.362726211547851562e-02,-7.718683034181594849e-02,-4.255529027432203293e-03,3.193444418907165527e+01
-4.374799132347106934e-02,-7.728147506713867188e-02,-4.271786194294691086e-03,3.193953919410705566e+01
-4.387103021144866943e-02,-7.737144082784652710e-02,-4.240334499627351761e-03,3.194447422027587891e+01
-4.353901371359825134e-02,-7.702211290597915649e-02,-3.845803206786513329e-03,3.194959521293640137e+01
-4.366965219378471375e-02,-7.708941400051116943e-02,-3.773623378947377205e-03,3.195452308654785156e+01
-4.378817602992057800e-02,-7.716844230890274048e-02,-3.758537583053112030e-03,3.195998001098632812e+01
-4.393288120627403259e-02,-7.724919170141220093e-02,-3.700816771015524864e-03,3.196468901634216309e+01
-4.408852756023406982e-02,-7.733637839555740356e-02,-3.640739712864160538e-03,3.196954512596130371e+01
-4.420628026127815247e-02,-7.740825414657592773e-02,-3.601446514949202538e-03,3.197449612617492676e+01
-4.387794807553291321e-02,-7.682212442159652710e-02,-3.961533308029174805e-03,3.197965216636657715e+01
-4.397376626729965210e-02,-7.684772461652755737e-02,-3.962651826441287994e-03,3.198458218574523926e+01
-4.399313032627105713e-02,-7.682693749666213989e-02,-3.992629237473011017e-03,3.198961305618286133e+01
-4.403386265039443970e-02,-7.682351768016815186e-02,-4.020279273390769958e-03,3.199477005004882812e+01
-4.405732452869415283e-02,-7.681107521057128906e-02,-4.057946149259805679e-03,3.199967503547668457e+01
-4.410029575228691101e-02,-7.682146131992340088e-02,-4.120291676372289658e-03,3.200506711006164551e+01
-4.412071406841278076e-02,-7.681486755609512329e-02,-4.189297556877136230e-03,3.200969719886779785e+01
-4.420674964785575867e-02,-7.613746076822280884e-02,-3.804602194577455521e-03,3.201464104652404785e+01
-4.422472044825553894e-02,-7.608290761709213257e-02,-3.864878322929143906e-03,3.201969218254089355e+01
-4.424844309687614441e-02,-7.599804550409317017e-02,-3.884214442223310471e-03,3.202466511726379395e+01
-4.426022991538047791e-02,-7.592216879129409790e-02,-3.942040726542472839e-03,3.202998304367065430e+01
-4.426759108901023865e-02,-7.584118843078613281e-02,-4.005640279501676559e-03,3.203460407257080078e+01
-4.428062960505485535e-02,-7.578566670417785645e-02,-4.076352808624505997e-03,3.203964614868164062e+01
-4.428724572062492371e-02,-7.571665197610855103e-02,-4.148867912590503693e-03,3.204458498954772949e+01
-4.445591568946838379e-02,-7.589175552129745483e-02,-3.243026090785861015e-03,3.204973316192626953e+01
-4.444889724254608154e-02,-7.589615881443023682e-02,-3.268257016316056252e-03,3.205467605590820312e+01
-4.444787651300430298e-02,-7.588565349578857422e-02,-3.292246954515576363e-03,3.205991411209106445e+01
-4.444088786840438843e-02,-7.588450610637664795e-02,-3.323180833831429482e-03,3.206470012664794922e+01
-4.441018030047416687e-02,-7.588639110326766968e-02,-3.344400553032755852e-03,3.206973314285278320e+01
-4.437604546546936035e-02,-7.589671015739440918e-02,-3.372868057340383530e-03,3.207473206520080566e+01
-4.494877904653549194e-02,-7.613705843687057495e-02,-3.100837348029017448e-03,3.207973408699035645e+01
-4.495270922780036926e-02,-7.619177550077438354e-02,-3.133362391963601112e-03,3.208476305007934570e+01
-4.493711516261100769e-02,-7.624781876802444458e-02,-3.169775474816560745e-03,3.208974504470825195e+01
-4.491524398326873779e-02,-7.631339877843856812e-02,-3.221078310161828995e-03,3.209500217437744141e+01
-4.488719627261161804e-02,-7.638762891292572021e-02,-3.279888303950428963e-03,3.209989309310913086e+01
-4.483596980571746826e-02,-7.645823806524276733e-02,-3.375141415745019913e-03,3.210488200187683105e+01
-4.478387907147407532e-02,-7.654199004173278809e-02,-3.471510717645287514e-03,3.210976314544677734e+01
-4.516632482409477234e-02,-7.600504159927368164e-02,-3.250210545957088470e-03,3.211485600471496582e+01
-4.510860145092010498e-02,-7.606947422027587891e-02,-3.359860274940729141e-03,3.211988806724548340e+01
-4.504843056201934814e-02,-7.613996416330337524e-02,-3.490761155262589455e-03,3.212485814094543457e+01
-4.497508704662322998e-02,-7.621680945158004761e-02,-3.637597896158695221e-03,3.213008809089660645e+01
-4.487363621592521667e-02,-7.629717886447906494e-02,-3.738660132512450218e-03,3.213488602638244629e+01
-4.476141557097434998e-02,-7.638069242238998413e-02,-3.861682489514350891e-03,3.213999915122985840e+01
-4.416059330105781555e-02,-7.593858242034912109e-02,-3.407252253964543343e-03,3.214491319656372070e+01
-4.400971531867980957e-02,-7.596647739410400391e-02,-3.396490821614861488e-03,3.214989614486694336e+01
-4.383498430252075195e-02,-7.601196318864822388e-02,-3.404365852475166321e-03,3.215488219261169434e+01
-4.364783689379692078e-02,-7.605888694524765015e-02,-3.398046130314469337e-03,3.216017913818359375e+01
-4.346541687846183777e-02,-7.612787932157516479e-02,-3.405248746275901794e-03,3.216487622261047363e+01
-4.326810687780380249e-02,-7.619126886129379272e-02,-3.388560377061367035e-03,3.216993498802185059e+01
-4.306316375732421875e-02,-7.625899463891983032e-02,-3.361527109518647194e-03,3.217488718032836914e+01
-4.258200526237487793e-02,-7.607539743185043335e-02,-3.422403475269675255e-03,3.218010210990905762e+01
-4.260274022817611694e-02,-7.606144249439239502e-02,-3.499717917293310165e-03,3.218500518798828125e+01
-4.250560328364372253e-02,-7.608513534069061279e-02,-3.517438890412449837e-03,3.218992400169372559e+01
-4.243553802371025085e-02,-7.610164582729339600e-02,-3.541525686159729958e-03,3.219512701034545898e+01
-4.236783459782600403e-02,-7.611822336912155151e-02,-3.556515788659453392e-03,3.220007419586181641e+01
-4.233059287071228027e-02,-7.612793892621994019e-02,-3.578533884137868881e-03,3.220501708984375000e+01
-4.231335595250129700e-02,-7.613388448953628540e-02,-3.600947093218564987e-03,3.221001315116882324e+01
-4.294275864958763123e-02,-7.562933117151260376e-02,-3.103099530562758446e-03,3.221500110626220703e+01
-4.301693290472030640e-02,-7.561190426349639893e-02,-3.109737299382686615e-03,3.221991610527038574e+01
-4.311439767479896545e-02,-7.559368759393692017e-02,-3.123097587376832962e-03,3.222500300407409668e+01
-4.318898916244506836e-02,-7.558670639991760254e-02,-3.156260820105671883e-03,3.223009920120239258e+01
-4.329318553209304810e-02,-7.557672262191772461e-02,-3.194495569914579391e-03,3.223500800132751465e+01
-4.340750351548194885e-02,-7.556939870119094849e-02,-3.242732957005500793e-03,3.223991298675537109e+01
-4.352030530571937561e-02,-7.556763291358947754e-02,-3.264372237026691437e-03,3.224498701095581055e+01
-4.375352337956428528e-02,-7.557144761085510254e-02,-3.417131258174777031e-03,3.225013709068298340e+01
-4.387456178665161133e-02,-7.557645440101623535e-02,-3.467923263087868690e-03,3.225512313842773438e+01
-4.393175616860389709e-02,-7.559173554182052612e-02,-3.421476809307932854e-03,3.226049709320068359e+01
-4.401820525527000427e-02,-7.560619711875915527e-02,-3.406236879527568817e-03,3.226513314247131348e+01
-4.409763589501380920e-02,-7.562567293643951416e-02,-3.371921135112643242e-03,3.226999902725219727e+01
-4.416996985673904419e-02,-7.564871013164520264e-02,-3.322708420455455780e-03,3.227512812614440918e+01
-4.329488798975944519e-02,-7.584805786609649658e-02,-3.155714832246303558e-03,3.228003215789794922e+01
-4.322147369384765625e-02,-7.586671411991119385e-02,-3.060141112655401230e-03,3.228521203994750977e+01
-4.312484338879585266e-02,-7.588525861501693726e-02,-2.947053872048854828e-03,3.229021501541137695e+01
-4.308047518134117126e-02,-7.591766864061355591e-02,-2.956170355901122093e-03,3.229541611671447754e+01
-4.298326000571250916e-02,-7.594351470470428467e-02,-2.893280703574419022e-03,3.230025506019592285e+01
-4.287505149841308594e-02,-7.597099244594573975e-02,-2.837172010913491249e-03,3.230520200729370117e+01
-4.279106110334396362e-02,-7.598051428794860840e-02,-2.866693306714296341e-03,3.231013917922973633e+01
-4.308488219976425171e-02,-7.601261138916015625e-02,-3.150804201140999794e-03,3.231517100334167480e+01
-4.304240643978118896e-02,-7.600810378789901733e-02,-3.244695719331502914e-03,3.232027411460876465e+01
-4.301036521792411804e-02,-7.604671269655227661e-02,-3.331327345222234726e-03,3.232527303695678711e+01
-4.297340661287307739e-02,-7.606732100248336792e-02,-3.463080618530511856e-03,3.233040308952331543e+01
-4.293772578239440918e-02,-7.609438896179199219e-02,-3.615360939875245094e-03,3.233521413803100586e+01
-4.289395734667778015e-02,-7.609322667121887207e-02,-3.732506418600678444e-03,3.234025311470031738e+01
-4.285273700952529907e-02,-7.610145211219787598e-02,-3.877035342156887054e-03,3.234521317481994629e+01
-4.324148595333099365e-02,-7.613725960254669189e-02,-3.249017288908362389e-03,3.235023117065429688e+01
-4.322896152734756470e-02,-7.612027227878570557e-02,-3.338270587846636772e-03,3.235525512695312500e+01
-4.329612478613853455e-02,-7.614810764789581299e-02,-3.302044235169887543e-03,3.236079907417297363e+01
-4.332654550671577454e-02,-7.614819705486297607e-02,-3.320445073768496513e-03,3.236537408828735352e+01
-4.336702078580856323e-02,-7.615031301975250244e-02,-3.324603661894798279e-03,3.237047600746154785e+01
-4.342429712414741516e-02,-7.616595923900604248e-02,-3.281554207205772400e-03,3.237526011466979980e+01
-4.359634220600128174e-02,-7.648271322250366211e-02,-2.893118187785148621e-03,3.238027501106262207e+01
-4.369667544960975647e-02,-7.652772217988967896e-02,-2.769158687442541122e-03,3.238539004325866699e+01
-4.378685355186462402e-02,-7.656975835561752319e-02,-2.678513526916503906e-03,3.239041614532470703e+01
-4.389738291501998901e-02,-7.662308961153030396e-02,-2.539504086598753929e-03,3.239563417434692383e+01
-4.401634261012077332e-02,-7.668390125036239624e-02,-2.384862164035439491e-03,3.240039515495300293e+01
-4.411176964640617371e-02,-7.674619555473327637e-02,-2.258485415950417519e-03,3.240540218353271484e+01
-4.422018304467201233e-02,-7.681220024824142456e-02,-2.108275657519698143e-03,3.241042804718017578e+01
-4.371304810047149658e-02,-7.650856673717498779e-02,-2.251218538731336594e-03,3.241535115242004395e+01
-4.375551268458366394e-02,-7.652246206998825073e-02,-2.155577763915061951e-03,3.242041516304016113e+01
-4.380263015627861023e-02,-7.653895765542984009e-02,-2.046376466751098633e-03,3.242535209655761719e+01
-4.384604841470718384e-02,-7.655087113380432129e-02,-1.937551656737923622e-03,3.243052816390991211e+01
-4.388552904129028320e-02,-7.655888050794601440e-02,-1.826094929128885269e-03,3.243536305427551270e+01
-4.395633563399314880e-02,-7.657440751791000366e-02,-1.729719224385917187e-03,3.244042420387268066e+01
-4.401162266731262207e-02,-7.658463716506958008e-02,-1.626430079340934753e-03,3.244540214538574219e+01
-4.407059773802757263e-02,-7.611314952373504639e-02,-9.640212520025670528e-04,3.245052504539489746e+01
-4.414615407586097717e-02,-7.611083239316940308e-02,-8.726237574592232704e-04,3.245552301406860352e+01
-4.422314465045928955e-02,-7.610055804252624512e-02,-7.638990064151585102e-04,3.246067404747009277e+01
-4.430345073342323303e-02,-7.609277963638305664e-02,-6.625889218412339687e-04,3.246552515029907227e+01
-4.436611011624336243e-02,-7.609356939792633057e-02,-5.970613565295934677e-04,3.247076106071472168e+01
-4.443494975566864014e-02,-7.609360665082931519e-02,-5.346015095710754395e-04,3.247547221183776855e+01
-4.410147666931152344e-02,-7.607890665531158447e-02,-5.426591378636658192e-04,3.248061513900756836e+01
-4.413568973541259766e-02,-7.609012722969055176e-02,-5.292994319461286068e-04,3.248555707931518555e+01
-4.416681453585624695e-02,-7.610161602497100830e-02,-5.372838932089507580e-04,3.249060511589050293e+01
-4.419551417231559753e-02,-7.611756771802902222e-02,-5.595777765847742558e-04,3.249573612213134766e+01
-4.421465098857879639e-02,-7.613530755043029785e-02,-6.030371878296136856e-04,3.250062108039855957e+01
-4.423219338059425354e-02,-7.615595310926437378e-02,-6.594352307729423046e-04,3.250547599792480469e+01
-4.424528032541275024e-02,-7.618071138858795166e-02,-7.329235668294131756e-04,3.251060700416564941e+01
-4.412527009844779968e-02,-7.613757997751235962e-02,-8.552368381060659885e-04,3.251560616493225098e+01
-4.413107410073280334e-02,-7.615733891725540161e-02,-9.743639384396374226e-04,3.252093315124511719e+01
-4.413584619760513306e-02,-7.618016749620437622e-02,-1.113651553168892860e-03,3.252567601203918457e+01
-4.413937032222747803e-02,-7.620536535978317261e-02,-1.271511078812181950e-03,3.253073310852050781e+01
-4.411137476563453674e-02,-7.622614502906799316e-02,-1.439836807548999786e-03,3.253559303283691406e+01
-4.409188777208328247e-02,-7.625062763690948486e-02,-1.631082966923713684e-03,3.254075407981872559e+01
-4.366293922066688538e-02,-7.641597092151641846e-02,-1.609590020962059498e-03,3.254559206962585449e+01
-4.355194419622421265e-02,-7.645229250192642212e-02,-1.825259416364133358e-03,3.255091905593872070e+01
-4.345472157001495361e-02,-7.648951560258865356e-02,-2.058042446151375771e-03,3.255561900138854980e+01
-4.334342107176780701e-02,-7.652618736028671265e-02,-2.313624368980526924e-03,3.256099009513854980e+01
-4.316273331642150879e-02,-7.656534016132354736e-02,-2.559985965490341187e-03,3.256561017036437988e+01
-4.297449439764022827e-02,-7.661439478397369385e-02,-2.823629416525363922e-03,3.257074117660522461e+01
-4.275391995906829834e-02,-7.667128741741180420e-02,-3.095232415944337845e-03,3.257560706138610840e+01
-4.237012937664985657e-02,-7.671893388032913208e-02,-2.834327286109328270e-03,3.258075118064880371e+01
-4.212464764714241028e-02,-7.678382843732833862e-02,-2.929447917267680168e-03,3.258572006225585938e+01
-4.186710715293884277e-02,-7.684887945652008057e-02,-2.989658620208501816e-03,3.259086704254150391e+01
-4.174673929810523987e-02,-7.689114660024642944e-02,-2.958126366138458252e-03,3.259572505950927734e+01
-4.159287735819816589e-02,-7.693735510110855103e-02,-2.902788342908024788e-03,3.260086607933044434e+01
-4.146946594119071960e-02,-7.697981595993041992e-02,-2.796104876324534416e-03,3.260570406913757324e+01
-4.137656092643737793e-02,-7.701929658651351929e-02,-2.638351637870073318e-03,3.261086106300354004e+01
-4.246312007308006287e-02,-7.671122252941131592e-02,-2.912476891651749611e-03,3.261572217941284180e+01
-4.252690076828002930e-02,-7.673825323581695557e-02,-2.849607029929757118e-03,3.262086200714111328e+01
-4.262484982609748840e-02,-7.676716148853302002e-02,-2.774318447336554527e-03,3.262572121620178223e+01
-4.263210669159889221e-02,-7.682684063911437988e-02,-2.906358335167169571e-03,3.263100314140319824e+01
-4.272367432713508606e-02,-7.687333971261978149e-02,-2.934169024229049683e-03,3.263572907447814941e+01
-4.282960668206214905e-02,-7.692593336105346680e-02,-2.982525154948234558e-03,3.264083814620971680e+01
-4.291297867894172668e-02,-7.696498185396194458e-02,-3.100009635090827942e-03,3.264574003219604492e+01
-4.304084554314613342e-02,-7.664117217063903809e-02,-2.982585690915584564e-03,3.265099716186523438e+01
-4.311113059520721436e-02,-7.665123790502548218e-02,-3.162130480632185936e-03,3.265585207939147949e+01
-4.322117939591407776e-02,-7.666781544685363770e-02,-3.245578613132238388e-03,3.266108608245849609e+01
-4.332276806235313416e-02,-7.668228447437286377e-02,-3.407959593459963799e-03,3.266584205627441406e+01
-4.343502223491668701e-02,-7.669606804847717285e-02,-3.576696617528796196e-03,3.267111420631408691e+01
-4.346710070967674255e-02,-7.671668380498886108e-02,-3.593991976231336594e-03,3.267586112022399902e+01
-4.335245117545127869e-02,-7.647956907749176025e-02,-2.458788920193910599e-03,3.268086099624633789e+01
-4.335045069456100464e-02,-7.648736983537673950e-02,-2.399701392278075218e-03,3.268584799766540527e+01
-4.331472143530845642e-02,-7.648202776908874512e-02,-2.316578524187207222e-03,3.269129014015197754e+01
-4.326890781521797180e-02,-7.647944241762161255e-02,-2.202824922278523445e-03,3.269620108604431152e+01
-4.320362582802772522e-02,-7.647389173507690430e-02,-2.060755621641874313e-03,3.270093202590942383e+01
-4.311905428767204285e-02,-7.646713405847549438e-02,-1.885264413431286812e-03,3.270593214035034180e+01
-4.307458177208900452e-02,-7.648781687021255493e-02,-1.882397336885333061e-03,3.271092510223388672e+01
-4.322057217359542847e-02,-7.660039514303207397e-02,-2.730570267885923386e-03,3.271588706970214844e+01
-4.314909875392913818e-02,-7.663174718618392944e-02,-2.739690011367201805e-03,3.272102403640747070e+01
-4.309390857815742493e-02,-7.666078209877014160e-02,-2.810059813782572746e-03,3.272600722312927246e+01
-4.302207753062248230e-02,-7.669270038604736328e-02,-2.864090492948889732e-03,3.273101806640625000e+01
-4.294634237885475159e-02,-7.672446966171264648e-02,-2.931861672550439835e-03,3.273616218566894531e+01
-4.291858524084091187e-02,-7.675367593765258789e-02,-3.027545753866434097e-03,3.274107718467712402e+01
-4.287981241941452026e-02,-7.678741961717605591e-02,-3.137260908260941505e-03,3.274606704711914062e+01
-4.346704110503196716e-02,-7.643092423677444458e-02,-2.165863756090402603e-03,3.275109601020812988e+01
-4.348761215806007385e-02,-7.641483098268508911e-02,-2.208703430369496346e-03,3.275686907768249512e+01
-4.352255538105964661e-02,-7.641056180000305176e-02,-2.284140791743993759e-03,3.276147198677062988e+01
-4.356676340103149414e-02,-7.640225440263748169e-02,-2.371001522988080978e-03,3.276691007614135742e+01
-4.357926920056343079e-02,-7.639897614717483521e-02,-2.369954017922282219e-03,3.277091908454895020e+01
-4.360686615109443665e-02,-7.639264315366744995e-02,-2.397072967141866684e-03,3.277613902091979980e+01
-4.363201931118965149e-02,-7.638706266880035400e-02,-2.410291694104671478e-03,3.278100109100341797e+01
-4.351010173559188843e-02,-7.657461613416671753e-02,-1.903785159811377525e-03,3.278617215156555176e+01
-4.355484619736671448e-02,-7.658220082521438599e-02,-1.842307625338435173e-03,3.279117608070373535e+01
-4.357843473553657532e-02,-7.658544182777404785e-02,-1.764930202625691891e-03,3.279675722122192383e+01
-4.360596463084220886e-02,-7.658683508634567261e-02,-1.671205274760723114e-03,3.280113911628723145e+01
-4.361549392342567444e-02,-7.659026235342025757e-02,-1.630621496587991714e-03,3.280616307258605957e+01
-4.363200441002845764e-02,-7.659630477428436279e-02,-1.563871745020151138e-03,3.281115698814392090e+01
-4.343470558524131775e-02,-7.687949389219284058e-02,-1.952130929566919804e-03,3.281622910499572754e+01
-4.338355362415313721e-02,-7.689923793077468872e-02,-1.960842171683907509e-03,3.282116699218750000e+01
-4.334671050310134888e-02,-7.692981511354446411e-02,-1.979797612875699997e-03,3.282673406600952148e+01
-4.329949244856834412e-02,-7.696054875850677490e-02,-2.006640890613198280e-03,3.283129715919494629e+01
-4.327622801065444946e-02,-7.699456810951232910e-02,-2.033765194937586784e-03,3.283626008033752441e+01
-4.323792085051536560e-02,-7.702890783548355103e-02,-2.064811997115612030e-03,3.284116005897521973e+01
-4.319927841424942017e-02,-7.706460356712341309e-02,-2.098372671753168106e-03,3.284617710113525391e+01
-4.338161274790763855e-02,-7.697159796953201294e-02,-1.755271456204354763e-03,3.285113406181335449e+01
-4.337314888834953308e-02,-7.698807865381240845e-02,-1.766444067470729351e-03,3.285654902458190918e+01
-4.336874559521675110e-02,-7.700131833553314209e-02,-1.785025349818170071e-03,3.286139702796936035e+01
-4.336792975664138794e-02,-7.701329141855239868e-02,-1.810562913306057453e-03,3.286660504341125488e+01
-4.338925331830978394e-02,-7.704304158687591553e-02,-1.829379703849554062e-03,3.287128710746765137e+01
-4.340846836566925049e-02,-7.706850767135620117e-02,-1.852575805969536304e-03,3.287670421600341797e+01
-4.357132315635681152e-02,-7.716378569602966309e-02,-1.656576758250594139e-03,3.288128805160522461e+01
-4.357241839170455933e-02,-7.718694210052490234e-02,-1.674054306931793690e-03,3.288656306266784668e+01
-4.359869286417961121e-02,-7.721070945262908936e-02,-1.700749620795249939e-03,3.289136099815368652e+01
-4.362550750374794006e-02,-7.723502069711685181e-02,-1.729670213535428047e-03,3.289657711982727051e+01
-4.364526271820068359e-02,-7.725574076175689697e-02,-1.740435604006052017e-03,3.290136003494262695e+01
-4.366663843393325806e-02,-7.727933675050735474e-02,-1.759088481776416302e-03,3.290675115585327148e+01
-4.368635639548301697e-02,-7.730396836996078491e-02,-1.776145305484533310e-03,3.291136002540588379e+01
-4.368354380130767822e-02,-7.719888538122177124e-02,-1.695529092103242874e-03,3.291689109802246094e+01
-4.368632659316062927e-02,-7.721696048974990845e-02,-1.706856884993612766e-03,3.292118310928344727e+01
-4.368784651160240173e-02,-7.723563164472579956e-02,-1.717225997708737850e-03,3.292675209045410156e+01
-4.368966445326805115e-02,-7.727527618408203125e-02,-1.702045672573149204e-03,3.293150305747985840e+01
-4.368779435753822327e-02,-7.729639858007431030e-02,-1.711150631308555603e-03,3.293677902221679688e+01
-4.368413984775543213e-02,-7.731766998767852783e-02,-1.719382824376225471e-03,3.294140601158142090e+01
-4.368415474891662598e-02,-7.733253389596939087e-02,-1.750737079419195652e-03,3.294668722152709961e+01
-4.370761290192604065e-02,-7.710560411214828491e-02,-1.797124627046287060e-03,3.295149016380310059e+01
-4.370614141225814819e-02,-7.712191343307495117e-02,-1.819972414523363113e-03,3.295678901672363281e+01
-4.370459914207458496e-02,-7.713901996612548828e-02,-1.845132792368531227e-03,3.296173405647277832e+01
-4.372453689575195312e-02,-7.714153081178665161e-02,-1.887529855594038963e-03,3.296676111221313477e+01
-4.373551160097122192e-02,-7.715608924627304077e-02,-1.923418720252811909e-03,3.297150206565856934e+01
-4.375001043081283569e-02,-7.717213034629821777e-02,-1.961862668395042419e-03,3.297686100006103516e+01
-4.368662461638450623e-02,-7.713455706834793091e-02,-1.685293158516287804e-03,3.298139905929565430e+01
-4.369856789708137512e-02,-7.714852690696716309e-02,-1.713917823508381844e-03,3.298677301406860352e+01
-4.371197149157524109e-02,-7.716303318738937378e-02,-1.745676156133413315e-03,3.299150109291076660e+01
-4.370834678411483765e-02,-7.718069106340408325e-02,-1.764661050401628017e-03,3.299684000015258789e+01
-4.371281340718269348e-02,-7.719849050045013428e-02,-1.795102027244865894e-03,3.300160813331604004e+01
-4.371540248394012451e-02,-7.721606642007827759e-02,-1.827567815780639648e-03,3.300689315795898438e+01
-4.371618106961250305e-02,-7.723134756088256836e-02,-1.859489129856228828e-03,3.301153612136840820e+01
-4.363048076629638672e-02,-7.723278552293777466e-02,-1.485443208366632462e-03,3.301670122146606445e+01
-4.362269863486289978e-02,-7.725033909082412720e-02,-1.485904795117676258e-03,3.302162218093872070e+01
-4.362096637487411499e-02,-7.727563381195068359e-02,-1.486713183112442493e-03,3.302700710296630859e+01
-4.361499473452568054e-02,-7.729826122522354126e-02,-1.489725080318748951e-03,3.303172707557678223e+01
-4.360928386449813843e-02,-7.732488214969635010e-02,-1.491550356149673462e-03,3.303677606582641602e+01
-4.360367357730865479e-02,-7.735560834407806396e-02,-1.491758855991065502e-03,3.304155421257019043e+01
-4.360235854983329773e-02,-7.738135010004043579e-02,-1.496616750955581665e-03,3.304674506187438965e+01
-4.355074837803840637e-02,-7.736901193857192993e-02,-1.533081871457397938e-03,3.305160212516784668e+01
-4.354976862668991089e-02,-7.739526778459548950e-02,-1.533435541205108166e-03,3.305682110786437988e+01
-4.355195537209510803e-02,-7.741752266883850098e-02,-1.538082142360508442e-03,3.306187915802001953e+01
-4.355386272072792053e-02,-7.744527608156204224e-02,-1.540965284220874310e-03,3.306689405441284180e+01
-4.355700314044952393e-02,-7.747486978769302368e-02,-1.544063095934689045e-03,3.307166910171508789e+01
-4.356151819229125977e-02,-7.750667631626129150e-02,-1.545594190247356892e-03,3.307675409317016602e+01
-4.367210716009140015e-02,-7.735548913478851318e-02,-1.474715652875602245e-03,3.308172702789306641e+01
-4.368451610207557678e-02,-7.737369835376739502e-02,-1.481417799368500710e-03,3.308697605133056641e+01
-4.369262978434562683e-02,-7.739387452602386475e-02,-1.492725685238838196e-03,3.309173202514648438e+01
-4.370384290814399719e-02,-7.741530984640121460e-02,-1.502598170191049576e-03,3.309693717956542969e+01
-4.371540248394012451e-02,-7.743952423334121704e-02,-1.511226524598896503e-03,3.310173416137695312e+01
-4.372226446866989136e-02,-7.747052609920501709e-02,-1.521535450592637062e-03,3.310680508613586426e+01
-4.372990503907203674e-02,-7.750149071216583252e-02,-1.535231829620897770e-03,3.311162805557250977e+01
-4.366566240787506104e-02,-7.745864242315292358e-02,-1.535502611659467220e-03,3.311694216728210449e+01
-4.366421326994895935e-02,-7.748135924339294434e-02,-1.569085521623492241e-03,3.312186717987060547e+01
-4.366968199610710144e-02,-7.750508934259414673e-02,-1.576509326696395874e-03,3.312699818611145020e+01
-4.366989806294441223e-02,-7.753115892410278320e-02,-1.605377648957073689e-03,3.313185310363769531e+01
-4.366995021700859070e-02,-7.755738496780395508e-02,-1.635480090044438839e-03,3.313681507110595703e+01
-4.367124661803245544e-02,-7.757846266031265259e-02,-1.664466923102736473e-03,3.314184808731079102e+01
-4.367205500602722168e-02,-7.760344445705413818e-02,-1.693623722530901432e-03,3.314709711074829102e+01
-4.374634474515914917e-02,-7.757085561752319336e-02,-1.538287033326923847e-03,3.315185117721557617e+01
-4.375706985592842102e-02,-7.759992778301239014e-02,-1.561407581903040409e-03,3.315692019462585449e+01
-4.376614466309547424e-02,-7.762687653303146362e-02,-1.577173708938062191e-03,3.316226410865783691e+01
-4.377679899334907532e-02,-7.765691727399826050e-02,-1.590906525962054729e-03,3.316701507568359375e+01
-4.378723353147506714e-02,-7.768727838993072510e-02,-1.599880284629762173e-03,3.317182016372680664e+01
-4.379907995462417603e-02,-7.772020250558853149e-02,-1.611362560652196407e-03,3.317696714401245117e+01
-4.381172358989715576e-02,-7.775448262691497803e-02,-1.622025039978325367e-03,3.318176007270812988e+01
-4.377654939889907837e-02,-7.775423675775527954e-02,-1.428862102329730988e-03,3.318693518638610840e+01
-4.378462955355644226e-02,-7.777816802263259888e-02,-1.439958228729665279e-03,3.319197106361389160e+01
-4.379215836524963379e-02,-7.780440151691436768e-02,-1.453584874980151653e-03,3.319714999198913574e+01
-4.380247369408607483e-02,-7.783313095569610596e-02,-1.472697826102375984e-03,3.320198917388916016e+01
-4.381202161312103271e-02,-7.786229997873306274e-02,-1.491540344431996346e-03,3.320719718933105469e+01
-4.382217302918434143e-02,-7.789238542318344116e-02,-1.512194052338600159e-03,3.321203398704528809e+01
-4.386211559176445007e-02,-7.783997058868408203e-02,-1.429997617378830910e-03,3.321697807312011719e+01
-4.387190937995910645e-02,-7.786528021097183228e-02,-1.451885094866156578e-03,3.322199106216430664e+01
-4.388396069407463074e-02,-7.788410782814025879e-02,-1.469046343117952347e-03,3.322721314430236816e+01
-4.389581829309463501e-02,-7.790312170982360840e-02,-1.491027534939348698e-03,3.323206520080566406e+01
-4.390697181224822998e-02,-7.791792601346969604e-02,-1.522529637441039085e-03,3.323703503608703613e+01
-4.391826689243316650e-02,-7.793620973825454712e-02,-1.554350834339857101e-03,3.324198102951049805e+01
-4.397039115428924561e-02,-7.778117805719375610e-02,-1.565529382787644863e-03,3.324697613716125488e+01
-4.398318007588386536e-02,-7.779922336339950562e-02,-1.568352687172591686e-03,3.325202798843383789e+01
-4.399577155709266663e-02,-7.781729847192764282e-02,-1.580415177159011364e-03,3.325701212882995605e+01
-4.400876536965370178e-02,-7.783547788858413696e-02,-1.588938641361892223e-03,3.326213121414184570e+01
-4.402047768235206604e-02,-7.785022258758544922e-02,-1.591115957126021385e-03,3.326713299751281738e+01
-4.403277859091758728e-02,-7.786875963211059570e-02,-1.594392349943518639e-03,3.327211403846740723e+01
-4.404498636722564697e-02,-7.788990437984466553e-02,-1.596389454789459705e-03,3.327711415290832520e+01
-4.395311325788497925e-02,-7.788362354040145874e-02,-1.590645872056484222e-03,3.328193402290344238e+01
-4.396284371614456177e-02,-7.789936661720275879e-02,-1.603842130862176418e-03,3.328690099716186523e+01
-4.397291317582130432e-02,-7.791724801063537598e-02,-1.616857596673071384e-03,3.329190015792846680e+01
-4.398326575756072998e-02,-7.793886959552764893e-02,-1.630571088753640652e-03,3.329704904556274414e+01
-4.399146884679794312e-02,-7.796060293912887573e-02,-1.644436968490481377e-03,3.330203700065612793e+01
-4.400129616260528564e-02,-7.798606902360916138e-02,-1.659671426750719547e-03,3.330712509155273438e+01
-4.401157423853874207e-02,-7.801229506731033325e-02,-1.671806792728602886e-03,3.331213021278381348e+01
-4.387580975890159607e-02,-7.789692282676696777e-02,-1.560522709041833878e-03,3.331711101531982422e+01
-4.388046264648437500e-02,-7.791840285062789917e-02,-1.573925954289734364e-03,3.332211613655090332e+01
-4.388554394245147705e-02,-7.794058322906494141e-02,-1.588960527442395687e-03,3.332734107971191406e+01
-4.388453811407089233e-02,-7.797222584486007690e-02,-1.602665288373827934e-03,3.333228516578674316e+01
-4.388758540153503418e-02,-7.799667865037918091e-02,-1.616235356777906418e-03,3.333717417716979980e+01
-4.389039427042007446e-02,-7.802275568246841431e-02,-1.628961763344705105e-03,3.334224319458007812e+01
-4.378961771726608276e-02,-7.794084399938583374e-02,-1.517273951321840286e-03,3.334718918800354004e+01
-4.379294440150260925e-02,-7.795340567827224731e-02,-1.530301291495561600e-03,3.335229015350341797e+01
-4.379667714238166809e-02,-7.796546071767807007e-02,-1.543346210382878780e-03,3.335716605186462402e+01
-4.379764944314956665e-02,-7.798250764608383179e-02,-1.561680575832724571e-03,3.336231303215026855e+01
-4.379981756210327148e-02,-7.799950987100601196e-02,-1.580181415192782879e-03,3.336712002754211426e+01
-4.380169883370399475e-02,-7.801846414804458618e-02,-1.601760741323232651e-03,3.337224602699279785e+01
-4.380495846271514893e-02,-7.803806662559509277e-02,-1.626333920285105705e-03,3.337747120857238770e+01
-4.372242093086242676e-02,-7.796707749366760254e-02,-1.439114683307707310e-03,3.338224506378173828e+01
-4.372462630271911621e-02,-7.798201590776443481e-02,-1.447871210984885693e-03,3.338716721534729004e+01
-4.372709244489669800e-02,-7.799701392650604248e-02,-1.457219826988875866e-03,3.339228701591491699e+01
-4.372685775160789490e-02,-7.800958305597305298e-02,-1.450885436497628689e-03,3.339730811119079590e+01
-4.372736066579818726e-02,-7.802567631006240845e-02,-1.457585254684090614e-03,3.340223908424377441e+01
-4.372761771082878113e-02,-7.804236561059951782e-02,-1.463073655031621456e-03,3.340715718269348145e+01
-4.372811317443847656e-02,-7.806465029716491699e-02,-1.464357483200728893e-03,3.341220617294311523e+01
-4.370542615652084351e-02,-7.799703627824783325e-02,-1.383868278935551643e-03,3.341725516319274902e+01
-4.370619729161262512e-02,-7.801855355501174927e-02,-1.384678878821432590e-03,3.342236018180847168e+01
-4.370968043804168701e-02,-7.803763449192047119e-02,-1.377168344333767891e-03,3.342741799354553223e+01
-4.371174797415733337e-02,-7.806077599525451660e-02,-1.375876367092132568e-03,3.343236017227172852e+01
-4.371408745646476746e-02,-7.808517664670944214e-02,-1.373785547912120819e-03,3.343735504150390625e+01
-4.371638968586921692e-02,-7.811321318149566650e-02,-1.380704808980226517e-03,3.344263100624084473e+01
-4.364074021577835083e-02,-7.801720499992370605e-02,-1.420647837221622467e-03,3.344742512702941895e+01
-4.364396631717681885e-02,-7.803821563720703125e-02,-1.422690926119685173e-03,3.345238709449768066e+01
-4.364695027470588684e-02,-7.804906368255615234e-02,-1.425264286808669567e-03,3.345738005638122559e+01
-4.365001991391181946e-02,-7.806963473558425903e-02,-1.430877717211842537e-03,3.346258902549743652e+01
-4.365279152989387512e-02,-7.809069752693176270e-02,-1.439988613128662109e-03,3.346739101409912109e+01
-4.365557432174682617e-02,-7.811260223388671875e-02,-1.451318617910146713e-03,3.347224807739257812e+01
-4.365901648998260498e-02,-7.813800126314163208e-02,-1.454127370379865170e-03,3.347735810279846191e+01
-4.365545883774757385e-02,-7.795678824186325073e-02,-1.408651703968644142e-03,3.348221111297607422e+01
-4.365964233875274658e-02,-7.797373831272125244e-02,-1.420999178662896156e-03,3.348745203018188477e+01
-4.366568848490715027e-02,-7.797745615243911743e-02,-1.443954184651374817e-03,3.349249005317687988e+01
-4.367152228951454163e-02,-7.799309492111206055e-02,-1.463520107790827751e-03,3.349743413925170898e+01
-4.367832094430923462e-02,-7.800999283790588379e-02,-1.486348104663193226e-03,3.350253510475158691e+01
-4.368113353848457336e-02,-7.803450524806976318e-02,-1.510522910393774509e-03,3.350745511054992676e+01
-4.368522763252258301e-02,-7.805731147527694702e-02,-1.538112759590148926e-03,3.351249003410339355e+01
-4.357026144862174988e-02,-7.787559926509857178e-02,-1.465026289224624634e-03,3.351752901077270508e+01
-4.357073828577995300e-02,-7.788976281881332397e-02,-1.479681232012808323e-03,3.352247500419616699e+01
-4.356860741972923279e-02,-7.790435850620269775e-02,-1.498219673521816730e-03,3.352778220176696777e+01
-4.356685653328895569e-02,-7.791822403669357300e-02,-1.514947158284485340e-03,3.353261303901672363e+01
-4.356565698981285095e-02,-7.793074846267700195e-02,-1.523457816801965237e-03,3.353745102882385254e+01
-4.356459528207778931e-02,-7.794580608606338501e-02,-1.534091657958924770e-03,3.354248499870300293e+01
-4.357175529003143311e-02,-7.783752679824829102e-02,-1.462802523747086525e-03,3.354785108566284180e+01
-4.357425868511199951e-02,-7.785695791244506836e-02,-1.480081002227962017e-03,3.355265903472900391e+01
-4.358040541410446167e-02,-7.787457853555679321e-02,-1.488481182605028152e-03,3.355763101577758789e+01
-4.358512535691261292e-02,-7.789438962936401367e-02,-1.496203709393739700e-03,3.356310701370239258e+01
-4.359065741300582886e-02,-7.791446149349212646e-02,-1.500744023360311985e-03,3.356761503219604492e+01
-4.359687864780426025e-02,-7.793506234884262085e-02,-1.508065382950007915e-03,3.357260918617248535e+01
-4.360403865575790405e-02,-7.795741409063339233e-02,-1.514925505034625530e-03,3.357771515846252441e+01
-4.356092214584350586e-02,-7.778728008270263672e-02,-1.337922294624149799e-03,3.358262515068054199e+01
-4.356270655989646912e-02,-7.779870927333831787e-02,-1.355834538117051125e-03,3.358758616447448730e+01
-4.356684535741806030e-02,-7.781600952148437500e-02,-1.369437901303172112e-03,3.359269618988037109e+01
-4.357105121016502380e-02,-7.783556729555130005e-02,-1.385935698635876179e-03,3.359768509864807129e+01
-4.357361793518066406e-02,-7.785893976688385010e-02,-1.404216978698968887e-03,3.360254120826721191e+01
-4.357634484767913818e-02,-7.788258045911788940e-02,-1.424578367732465267e-03,3.360749006271362305e+01
-4.357872530817985535e-02,-7.790847867727279663e-02,-1.446195296011865139e-03,3.361254501342773438e+01
-4.352886602282524109e-02,-7.782830297946929932e-02,-1.311057596467435360e-03,3.361769413948059082e+01
-4.352847486734390259e-02,-7.784246653318405151e-02,-1.321617630310356617e-03,3.362267112731933594e+01
-4.352794960141181946e-02,-7.785857468843460083e-02,-1.332087907940149307e-03,3.362787914276123047e+01
-4.353085905313491821e-02,-7.787453383207321167e-02,-1.338963862508535385e-03,3.363292217254638672e+01
-4.353305697441101074e-02,-7.789311558008193970e-02,-1.348741468973457813e-03,3.363770008087158203e+01
-4.353595525026321411e-02,-7.791269570589065552e-02,-1.359620713628828526e-03,3.364267706871032715e+01
-4.348265007138252258e-02,-7.790807634592056274e-02,-1.356974127702414989e-03,3.364770698547363281e+01
-4.348266124725341797e-02,-7.793036848306655884e-02,-1.370000885799527168e-03,3.365267610549926758e+01
-4.348436370491981506e-02,-7.795430719852447510e-02,-1.382951973937451839e-03,3.365774106979370117e+01
-4.348621144890785217e-02,-7.798142731189727783e-02,-1.396673265844583511e-03,3.366296720504760742e+01
-4.349025338888168335e-02,-7.801055163145065308e-02,-1.408006646670401096e-03,3.366768813133239746e+01
-4.349441081285476685e-02,-7.804126292467117310e-02,-1.419663196429610252e-03,3.367267012596130371e+01
-4.349948838353157043e-02,-7.807378470897674561e-02,-1.429347204975783825e-03,3.367765808105468750e+01
-4.347699508070945740e-02,-7.783311605453491211e-02,-1.321409479714930058e-03,3.368259000778198242e+01
-4.347950592637062073e-02,-7.784780114889144897e-02,-1.326596597209572792e-03,3.368810319900512695e+01
-4.348247125744819641e-02,-7.786341011524200439e-02,-1.332620042376220226e-03,3.369284415245056152e+01
-4.348359629511833191e-02,-7.787892222404479980e-02,-1.348256482742726803e-03,3.369780516624450684e+01
-4.348538070917129517e-02,-7.789704948663711548e-02,-1.359529444016516209e-03,3.370271515846252441e+01
-4.348672181367874146e-02,-7.791709154844284058e-02,-1.372653292492032051e-03,3.370813798904418945e+01
-4.348916187882423401e-02,-7.793869078159332275e-02,-1.391064841300249100e-03,3.371284413337707520e+01
-4.348200187087059021e-02,-7.783198356628417969e-02,-1.301634823903441429e-03,3.371779417991638184e+01
-4.348343610763549805e-02,-7.784476876258850098e-02,-1.315828762017190456e-03,3.372280001640319824e+01
-4.348454624414443970e-02,-7.785631716251373291e-02,-1.334208180196583271e-03,3.372800421714782715e+01
-4.348505288362503052e-02,-7.786042988300323486e-02,-1.370867132209241390e-03,3.373293399810791016e+01
-4.348694160580635071e-02,-7.787176966667175293e-02,-1.395827857777476311e-03,3.373795008659362793e+01
-4.348909109830856323e-02,-7.788406312465667725e-02,-1.423230743966996670e-03,3.374292707443237305e+01
-4.343929886817932129e-02,-7.782141864299774170e-02,-1.276906812563538551e-03,3.374797701835632324e+01
-4.344055801630020142e-02,-7.783897221088409424e-02,-1.286303042434155941e-03,3.375293707847595215e+01
-4.344203323125839233e-02,-7.785730808973312378e-02,-1.296780304983258247e-03,3.375787305831909180e+01
-4.344405606389045715e-02,-7.787679880857467651e-02,-1.302017597481608391e-03,3.376302909851074219e+01
-4.344612732529640198e-02,-7.789707183837890625e-02,-1.311746076680719852e-03,3.376807808876037598e+01
-4.344835132360458374e-02,-7.791785895824432373e-02,-1.322460477240383625e-03,3.377291917800903320e+01
-4.345068708062171936e-02,-7.794035226106643677e-02,-1.336350687779486179e-03,3.377787399291992188e+01
-4.342312365770339966e-02,-7.783219218254089355e-02,-1.277087489143013954e-03,3.378291606903076172e+01
-4.342492297291755676e-02,-7.785091549158096313e-02,-1.287388964556157589e-03,3.378803300857543945e+01
-4.342697560787200928e-02,-7.787020504474639893e-02,-1.289855572395026684e-03,3.379305911064147949e+01
-4.342907294631004333e-02,-7.789226621389389038e-02,-1.297347014769911766e-03,3.379807209968566895e+01
-4.343153908848762512e-02,-7.791545987129211426e-02,-1.303537050262093544e-03,3.380290913581848145e+01
-4.343434050679206848e-02,-7.793971896171569824e-02,-1.308079808950424194e-03,3.380830907821655273e+01
-4.343711584806442261e-02,-7.796388864517211914e-02,-1.317683956585824490e-03,3.381294202804565430e+01
-4.339610412716865540e-02,-7.783430069684982300e-02,-1.316190697252750397e-03,3.381826114654541016e+01
-4.339646548032760620e-02,-7.784625142812728882e-02,-1.320080016739666462e-03,3.382307004928588867e+01
-4.339335486292839050e-02,-7.786775380373001099e-02,-1.335866167210042477e-03,3.382846903800964355e+01
-4.339193552732467651e-02,-7.788473367691040039e-02,-1.344865537248551846e-03,3.383310914039611816e+01
-4.339027404785156250e-02,-7.790302485227584839e-02,-1.356290536932647228e-03,3.383805418014526367e+01
-4.338981211185455322e-02,-7.792061567306518555e-02,-1.372710219584405422e-03,3.384305810928344727e+01
-4.338681325316429138e-02,-7.783559709787368774e-02,-1.248453045263886452e-03,3.384806609153747559e+01
-4.338737577199935913e-02,-7.785383611917495728e-02,-1.255783950909972191e-03,3.385306620597839355e+01
-4.338812828063964844e-02,-7.787870615720748901e-02,-1.268270076252520084e-03,3.385814619064331055e+01
-4.338907822966575623e-02,-7.790113985538482666e-02,-1.278795185498893261e-03,3.386318302154541016e+01
-4.339017719030380249e-02,-7.792463153600692749e-02,-1.290898071601986885e-03,3.386811399459838867e+01
-4.339127242565155029e-02,-7.794298231601715088e-02,-1.302280579693615437e-03,3.387306499481201172e+01
-4.339266568422317505e-02,-7.796614617109298706e-02,-1.315903384238481522e-03,3.387809109687805176e+01
-4.331432282924652100e-02,-7.788597047328948975e-02,-1.215173862874507904e-03,3.388302612304687500e+01
-4.330950602889060974e-02,-7.790211588144302368e-02,-1.226393738761544228e-03,3.388832020759582520e+01
-4.330562427639961243e-02,-7.791937142610549927e-02,-1.234487164765596390e-03,3.389331007003784180e+01
-4.330116137862205505e-02,-7.793587446212768555e-02,-1.240082317963242531e-03,3.389824700355529785e+01
-4.329653084278106689e-02,-7.795257866382598877e-02,-1.244421349838376045e-03,3.390322017669677734e+01
-4.329454526305198669e-02,-7.797855883836746216e-02,-1.257968833670020103e-03,3.390858101844787598e+01
-4.333894699811935425e-02,-7.783573865890502930e-02,-1.263718469999730587e-03,3.391329908370971680e+01
-4.334012791514396667e-02,-7.785074412822723389e-02,-1.274970709346234798e-03,3.391852211952209473e+01
-4.334123805165290833e-02,-7.786907255649566650e-02,-1.290641259402036667e-03,3.392328715324401855e+01
-4.334259033203125000e-02,-7.788731157779693604e-02,-1.302618067711591721e-03,3.392842721939086914e+01
-4.334401711821556091e-02,-7.790736109018325806e-02,-1.315037952736020088e-03,3.393331718444824219e+01
-4.334555193781852722e-02,-7.792892307043075562e-02,-1.329303602688014507e-03,3.393818402290344238e+01
-4.334728792309761047e-02,-7.795214653015136719e-02,-1.343913376331329346e-03,3.394318604469299316e+01
-4.339660331606864929e-02,-7.774381339550018311e-02,-1.217355020344257355e-03,3.394853615760803223e+01
-4.339705035090446472e-02,-7.775776833295822144e-02,-1.219288213178515434e-03,3.395338702201843262e+01
-4.339841008186340332e-02,-7.777380198240280151e-02,-1.226424588821828365e-03,3.395831108093261719e+01
-4.339942336082458496e-02,-7.779155671596527100e-02,-1.235662144608795643e-03,3.396338820457458496e+01
-4.340145736932754517e-02,-7.781030237674713135e-02,-1.253933412954211235e-03,3.396838116645812988e+01
-4.340310394763946533e-02,-7.783018052577972412e-02,-1.269340049475431442e-03,3.397332620620727539e+01
-4.340493679046630859e-02,-7.785128802061080933e-02,-1.285867299884557724e-03,3.397828817367553711e+01
-4.336343705654144287e-02,-7.775805145502090454e-02,-1.263321842998266220e-03,3.398330402374267578e+01
-4.336368292570114136e-02,-7.776910811662673950e-02,-1.290598767809569836e-03,3.398830008506774902e+01
-4.336469992995262146e-02,-7.778286188840866089e-02,-1.313667627982795238e-03,3.399339008331298828e+01
-4.336624220013618469e-02,-7.779958099126815796e-02,-1.336741494014859200e-03,3.399829101562500000e+01
-4.336817190051078796e-02,-7.782452553510665894e-02,-1.356606022454798222e-03,3.400331020355224609e+01
-4.336957260966300964e-02,-7.784848660230636597e-02,-1.379429711960256100e-03,3.400829911231994629e+01
-4.339754581451416016e-02,-7.772116363048553467e-02,-1.181952771730720997e-03,3.401354217529296875e+01
-4.340049624443054199e-02,-7.773501425981521606e-02,-1.193239702843129635e-03,3.401840209960937500e+01
-4.340349137783050537e-02,-7.774805277585983276e-02,-1.207601046189665794e-03,3.402340722084045410e+01
-4.340673983097076416e-02,-7.776271551847457886e-02,-1.220142585225403309e-03,3.402887821197509766e+01
-4.341024905443191528e-02,-7.777878642082214355e-02,-1.229332177899777889e-03,3.403348612785339355e+01
-4.341382160782814026e-02,-7.779649645090103149e-02,-1.241048565134406090e-03,3.403834199905395508e+01
-4.341761022806167603e-02,-7.781594991683959961e-02,-1.253263442777097225e-03,3.404340815544128418e+01
-4.336671903729438782e-02,-7.774756103754043579e-02,-1.205224893055856228e-03,3.404842305183410645e+01
-4.336888715624809265e-02,-7.776530832052230835e-02,-1.225745887495577335e-03,3.405344510078430176e+01
-4.337152838706970215e-02,-7.778491079807281494e-02,-1.250451197847723961e-03,3.405856204032897949e+01
-4.337292909622192383e-02,-7.780657708644866943e-02,-1.281389500945806503e-03,3.406382918357849121e+01
-4.337531700730323792e-02,-7.782951742410659790e-02,-1.311271567828953266e-03,3.406839799880981445e+01
-4.337789863348007202e-02,-7.785333693027496338e-02,-1.339319744147360325e-03,3.407342600822448730e+01
-4.335847124457359314e-02,-7.777345180511474609e-02,-1.265805913135409355e-03,3.407840418815612793e+01
-4.335923120379447937e-02,-7.779509574174880981e-02,-1.293285400606691837e-03,3.408346414566040039e+01
-4.335967451333999634e-02,-7.781653106212615967e-02,-1.325912540778517723e-03,3.408844399452209473e+01
-4.336014762520790100e-02,-7.783786952495574951e-02,-1.360433525405824184e-03,3.409372806549072266e+01
-4.335904493927955627e-02,-7.785609364509582520e-02,-1.393829006701707840e-03,3.409858417510986328e+01
-4.335841909050941467e-02,-7.787793874740600586e-02,-1.431136857718229294e-03,3.410357499122619629e+01
-4.335742443799972534e-02,-7.790168374776840210e-02,-1.471895142458379269e-03,3.410877299308776855e+01
-4.337701201438903809e-02,-7.770412415266036987e-02,-1.091192476451396942e-03,3.411363005638122559e+01
-4.338042810559272766e-02,-7.771963626146316528e-02,-1.096922555007040501e-03,3.411858916282653809e+01
-4.338384419679641724e-02,-7.773613184690475464e-02,-1.102098030969500542e-03,3.412357115745544434e+01
-4.338651895523071289e-02,-7.775120437145233154e-02,-1.124175731092691422e-03,3.412884616851806641e+01
-4.339009523391723633e-02,-7.777094095945358276e-02,-1.135808881372213364e-03,3.413358521461486816e+01
-4.339389503002166748e-02,-7.779406011104583740e-02,-1.149505027569830418e-03,3.413879418373107910e+01
-4.339851066470146179e-02,-7.782575488090515137e-02,-1.155573641881346703e-03,3.414367103576660156e+01
-4.332544654607772827e-02,-7.771113514900207520e-02,-1.156217651441693306e-03,3.414858698844909668e+01
-4.332556575536727905e-02,-7.772543281316757202e-02,-1.181156141683459282e-03,3.415370917320251465e+01
-4.332558810710906982e-02,-7.774090021848678589e-02,-1.206548535265028477e-03,3.415857815742492676e+01
-4.332650825381278992e-02,-7.775579392910003662e-02,-1.213840791024267673e-03,3.416370701789855957e+01
-4.332695156335830688e-02,-7.777301967144012451e-02,-1.235749921761453152e-03,3.416871905326843262e+01
-4.332756996154785156e-02,-7.779125124216079712e-02,-1.258560921996831894e-03,3.417370820045471191e+01
-4.334394633769989014e-02,-7.772349566221237183e-02,-1.058953115716576576e-03,3.417873311042785645e+01
-4.334617033600807190e-02,-7.773957401514053345e-02,-1.063300645910203457e-03,3.418370604515075684e+01
-4.334868863224983215e-02,-7.775681465864181519e-02,-1.067333621904253960e-03,3.418875122070312500e+01
-4.335134103894233704e-02,-7.777317613363265991e-02,-1.069866470061242580e-03,3.419383001327514648e+01
-4.335410147905349731e-02,-7.779180258512496948e-02,-1.074345549568533897e-03,3.419886517524719238e+01
-4.335694015026092529e-02,-7.781051844358444214e-02,-1.079371199011802673e-03,3.420369505882263184e+01
-4.335965216159820557e-02,-7.782929390668869019e-02,-1.090015401132404804e-03,3.420872402191162109e+01
-4.336807131767272949e-02,-7.759999483823776245e-02,-1.012473716400563717e-03,3.421369504928588867e+01
-4.337038844823837280e-02,-7.761430740356445312e-02,-1.014049048535525799e-03,3.421892213821411133e+01
-4.337331280112266541e-02,-7.762950658798217773e-02,-1.003244891762733459e-03,3.422372007369995117e+01
-4.337598755955696106e-02,-7.764632999897003174e-02,-1.004573190584778786e-03,3.422914314270019531e+01
-4.337879270315170288e-02,-7.766379415988922119e-02,-1.009339699521660805e-03,3.423388600349426270e+01
-4.338154941797256470e-02,-7.768273353576660156e-02,-1.017754781059920788e-03,3.423883914947509766e+01
-4.338502883911132812e-02,-7.770483195781707764e-02,-1.012418535538017750e-03,3.424385619163513184e+01
-4.330477491021156311e-02,-7.766125351190567017e-02,-1.058992580510675907e-03,3.424886012077331543e+01
-4.330477118492126465e-02,-7.768025249242782593e-02,-1.067368080839514732e-03,3.425384211540222168e+01
-4.330207407474517822e-02,-7.770226895809173584e-02,-1.070806989446282387e-03,3.425877714157104492e+01
-4.330092668533325195e-02,-7.772557437419891357e-02,-1.077085384167730808e-03,3.426402711868286133e+01
-4.329969361424446106e-02,-7.775218039751052856e-02,-1.082887290976941586e-03,3.426886010169982910e+01
-4.329989105463027954e-02,-7.778286188840866089e-02,-1.090385951101779938e-03,3.427383017539978027e+01
-4.329721629619598389e-02,-7.751125842332839966e-02,-1.175049343146383762e-03,3.427883315086364746e+01
-4.329532384872436523e-02,-7.751962542533874512e-02,-1.189831295050680637e-03,3.428401303291320801e+01
-4.329372942447662354e-02,-7.752986997365951538e-02,-1.205097301863133907e-03,3.428899407386779785e+01
-4.329225420951843262e-02,-7.754034548997879028e-02,-1.223300583660602570e-03,3.429407310485839844e+01
-4.329086095094680786e-02,-7.755094766616821289e-02,-1.242717378772795200e-03,3.429896807670593262e+01
-4.328964650630950928e-02,-7.756389677524566650e-02,-1.261559315025806427e-03,3.430398511886596680e+01
-4.328842461109161377e-02,-7.757751643657684326e-02,-1.282826182432472706e-03,3.430897617340087891e+01
-4.321857169270515442e-02,-7.761290669441223145e-02,-1.122469548135995865e-03,3.431396818161010742e+01
-4.321778193116188049e-02,-7.762724906206130981e-02,-1.138197258114814758e-03,3.431904220581054688e+01
-4.321689158678054810e-02,-7.764660567045211792e-02,-1.145712565630674362e-03,3.432391309738159180e+01
-4.321492090821266174e-02,-7.766442000865936279e-02,-1.156217767857015133e-03,3.432917213439941406e+01
-4.321281239390373230e-02,-7.768118381500244141e-02,-1.167217735201120377e-03,3.433391809463500977e+01
-4.321140050888061523e-02,-7.770863920450210571e-02,-1.182960928417742252e-03,3.433894705772399902e+01
-4.320995509624481201e-02,-7.773251086473464966e-02,-1.201239763759076595e-03,3.434405612945556641e+01
-4.316976293921470642e-02,-7.770919054746627808e-02,-1.124516362324357033e-03,3.434897208213806152e+01
-4.316858574748039246e-02,-7.772775739431381226e-02,-1.132324570789933205e-03,3.435403203964233398e+01
-4.316753149032592773e-02,-7.774399220943450928e-02,-1.141609740443527699e-03,3.435924816131591797e+01
-4.316655918955802917e-02,-7.775915414094924927e-02,-1.152385957539081573e-03,3.436408615112304688e+01
-4.316536709666252136e-02,-7.776895165443420410e-02,-1.166364527307450771e-03,3.436905407905578613e+01
-4.316439479589462280e-02,-7.778263837099075317e-02,-1.180565916001796722e-03,3.437402510643005371e+01
-4.315122961997985840e-02,-7.771828025579452515e-02,-1.157349091954529285e-03,3.437904310226440430e+01
-4.315111413598060608e-02,-7.773800194263458252e-02,-1.172225573100149632e-03,3.438408517837524414e+01
-4.315111041069030762e-02,-7.775907963514328003e-02,-1.191216404549777508e-03,3.438905620574951172e+01
-4.315116629004478455e-02,-7.778188586235046387e-02,-1.212710747495293617e-03,3.439414501190185547e+01
-4.315106198191642761e-02,-7.780358195304870605e-02,-1.237987540662288666e-03,3.439903211593627930e+01
-4.315115883946418762e-02,-7.782785594463348389e-02,-1.263578888028860092e-03,3.440409016609191895e+01
-4.315138235688209534e-02,-7.785433530807495117e-02,-1.290929736569523811e-03,3.440904808044433594e+01
-4.313934966921806335e-02,-7.768896967172622681e-02,-1.090368721634149551e-03,3.441403222084045410e+01
-4.312851652503013611e-02,-7.770004868507385254e-02,-1.109925913624465466e-03,3.441916799545288086e+01
-4.312203451991081238e-02,-7.771183550357818604e-02,-1.126584247685968876e-03,3.442409014701843262e+01
-4.311438649892807007e-02,-7.772491127252578735e-02,-1.141599495895206928e-03,3.442921805381774902e+01
-4.311309382319450378e-02,-7.774320989847183228e-02,-1.155178644694387913e-03,3.443410515785217285e+01
-4.310944303870201111e-02,-7.776047289371490479e-02,-1.170773874036967754e-03,3.443921613693237305e+01
-4.310596734285354614e-02,-7.777835428714752197e-02,-1.188021735288202763e-03,3.444417119026184082e+01
-4.315136000514030457e-02,-7.774106413125991821e-02,-1.151548349298536777e-03,3.444911003112792969e+01
-4.315269365906715393e-02,-7.775773853063583374e-02,-1.169088995084166527e-03,3.445412611961364746e+01
-4.315438494086265564e-02,-7.777767628431320190e-02,-1.184777123853564262e-03,3.445919704437255859e+01
-4.316188022494316101e-02,-7.780641317367553711e-02,-1.193994423374533653e-03,3.446414113044738770e+01
-4.316850751638412476e-02,-7.783314585685729980e-02,-1.205266104079782963e-03,3.446921610832214355e+01
-4.317672923207283020e-02,-7.786142826080322266e-02,-1.215453958138823509e-03,3.447408914566040039e+01
-4.317418485879898071e-02,-7.772988826036453247e-02,-9.606528328731656075e-04,3.447919511795043945e+01
-4.317793250083923340e-02,-7.774618268013000488e-02,-9.645629324950277805e-04,3.448412704467773438e+01
-4.318123310804367065e-02,-7.776282727718353271e-02,-9.711959864944219589e-04,3.448920822143554688e+01
-4.318226128816604614e-02,-7.778003811836242676e-02,-9.809629991650581360e-04,3.449480319023132324e+01
-4.318311810493469238e-02,-7.779918611049652100e-02,-9.922280441969633102e-04,3.449928903579711914e+01
-4.318298399448394775e-02,-7.782023400068283081e-02,-1.006802078336477280e-03,3.450427818298339844e+01
-4.318185150623321533e-02,-7.784315943717956543e-02,-1.024084631353616714e-03,3.450928115844726562e+01
-4.318149760365486145e-02,-7.769493013620376587e-02,-7.883482612669467926e-04,3.451427006721496582e+01
-4.318086430430412292e-02,-7.771009951829910278e-02,-7.933818269520998001e-04,3.451927018165588379e+01
-4.318028315901756287e-02,-7.772631943225860596e-02,-7.998960209079086781e-04,3.452427506446838379e+01
-4.317991435527801514e-02,-7.773929089307785034e-02,-7.988763973116874695e-04,3.452940011024475098e+01
-4.317921400070190430e-02,-7.775484025478363037e-02,-8.046652073971927166e-04,3.453428506851196289e+01
-4.317838326096534729e-02,-7.776877284049987793e-02,-8.107903995551168919e-04,3.453927111625671387e+01
-4.317553713917732239e-02,-7.778149843215942383e-02,-8.235714049078524113e-04,3.454427313804626465e+01
-4.324266687035560608e-02,-7.769730687141418457e-02,-7.647790480405092239e-04,3.454927420616149902e+01
-4.324270412325859070e-02,-7.771813869476318359e-02,-7.848595851100981236e-04,3.455426907539367676e+01
-4.324548318982124329e-02,-7.774636894464492798e-02,-8.049346506595611572e-04,3.455940604209899902e+01
-4.324695467948913574e-02,-7.777384668588638306e-02,-8.277429151348769665e-04,3.456441521644592285e+01
-4.324855282902717590e-02,-7.780271768569946289e-02,-8.510932675562798977e-04,3.456928110122680664e+01
-4.325379058718681335e-02,-7.782296836376190186e-02,-8.631292730569839478e-04,3.457426905632019043e+01
-4.324213042855262756e-02,-7.766871899366378784e-02,-7.251549395732581615e-04,3.457969617843627930e+01
-4.324803501367568970e-02,-7.767746597528457642e-02,-7.315776892937719822e-04,3.458449220657348633e+01
-4.325481131672859192e-02,-7.768537104129791260e-02,-7.346660713665187359e-04,3.458946800231933594e+01
-4.326625540852546692e-02,-7.769690454006195068e-02,-7.315932889468967915e-04,3.459455299377441406e+01
-4.327708110213279724e-02,-7.770806550979614258e-02,-7.307683117687702179e-04,3.459947204589843750e+01
-4.328962415456771851e-02,-7.771939784288406372e-02,-7.266794564202427864e-04,3.460447716712951660e+01
-4.329517483711242676e-02,-7.773347198963165283e-02,-7.267930195666849613e-04,3.460947918891906738e+01
-4.329402372241020203e-02,-7.761988043785095215e-02,-6.783481221646070480e-04,3.461442899703979492e+01
-4.329674690961837769e-02,-7.763452082872390747e-02,-6.970258546061813831e-04,3.461946010589599609e+01
-4.329834505915641785e-02,-7.764924317598342896e-02,-7.270089117810130119e-04,3.462447714805603027e+01
-4.329920560121536255e-02,-7.766520977020263672e-02,-7.565820706076920033e-04,3.462973213195800781e+01
-4.329884424805641174e-02,-7.768263667821884155e-02,-7.921960786916315556e-04,3.463443613052368164e+01
-4.329926520586013794e-02,-7.770288735628128052e-02,-8.315729792229831219e-04,3.463946914672851562e+01
-4.329854249954223633e-02,-7.772371172904968262e-02,-8.738228934817016125e-04,3.464453101158142090e+01
-4.327792301774024963e-02,-7.756079733371734619e-02,-5.231125396676361561e-04,3.464959216117858887e+01
-4.328348115086555481e-02,-7.757049053907394409e-02,-5.333831650204956532e-04,3.465457916259765625e+01
-4.328626021742820740e-02,-7.758427411317825317e-02,-5.450143362395465374e-04,3.465973114967346191e+01
-4.329017177224159241e-02,-7.759902626276016235e-02,-5.579770077019929886e-04,3.466472506523132324e+01
-4.329521581530570984e-02,-7.761391252279281616e-02,-5.720378831028938293e-04,3.466957521438598633e+01
-4.330409318208694458e-02,-7.763268798589706421e-02,-5.857684300281107426e-04,3.467458200454711914e+01
-4.328167065978050232e-02,-7.754736393690109253e-02,-5.125594325363636017e-04,3.467965412139892578e+01
-4.329213127493858337e-02,-7.755833864212036133e-02,-5.220684106461703777e-04,3.468461012840270996e+01
-4.329583793878555298e-02,-7.757017016410827637e-02,-5.058876704424619675e-04,3.468968200683593750e+01
-4.330430552363395691e-02,-7.758399844169616699e-02,-5.068672471679747105e-04,3.469480919837951660e+01
-4.331303015351295471e-02,-7.759909331798553467e-02,-5.065172445029020309e-04,3.469973421096801758e+01
-4.331655427813529968e-02,-7.761479914188385010e-02,-5.146913463249802589e-04,3.470476818084716797e+01
-4.332137107849121094e-02,-7.763279974460601807e-02,-5.172346718609333038e-04,3.470973110198974609e+01
-4.323254525661468506e-02,-7.757247984409332275e-02,-4.475094610825181007e-04,3.471468806266784668e+01
-4.322660341858863831e-02,-7.759907096624374390e-02,-4.539850342553108931e-04,3.471973109245300293e+01
-4.321936517953872681e-02,-7.761932909488677979e-02,-4.582610272336751223e-04,3.472469305992126465e+01
-4.321088269352912903e-02,-7.764112949371337891e-02,-4.649079055525362492e-04,3.472987008094787598e+01
-4.320944845676422119e-02,-7.765226066112518311e-02,-4.999557859264314175e-04,3.473472309112548828e+01
-4.320554062724113464e-02,-7.766970247030258179e-02,-5.302412901073694229e-04,3.473974108695983887e+01
-4.320304095745086670e-02,-7.768894731998443604e-02,-5.695265135727822781e-04,3.474489402770996094e+01
-4.322822764515876770e-02,-7.754454016685485840e-02,-4.620183317456394434e-04,3.474999713897705078e+01
-4.322412237524986267e-02,-7.756803929805755615e-02,-5.506442394107580185e-04,3.475473117828369141e+01
-4.321749135851860046e-02,-7.759483158588409424e-02,-6.638829363510012627e-04,3.476033711433410645e+01
-4.320855811238288879e-02,-7.762488722801208496e-02,-8.034496568143367767e-04,3.476482105255126953e+01
-4.321375489234924316e-02,-7.763855904340744019e-02,-8.767240797169506550e-04,3.476981306076049805e+01
-4.321201890707015991e-02,-7.766610383987426758e-02,-1.006892300210893154e-03,3.477465319633483887e+01
-4.322523251175880432e-02,-7.751788944005966187e-02,-8.879018132574856281e-04,3.477978110313415527e+01
-4.322886466979980469e-02,-7.753905653953552246e-02,-8.999463170766830444e-04,3.478483414649963379e+01
-4.323493689298629761e-02,-7.755083590745925903e-02,-9.649614221416413784e-04,3.478978610038757324e+01
-4.324175417423248291e-02,-7.756078988313674927e-02,-1.018904033116996288e-03,3.479499816894531250e+01
-4.324475675821304321e-02,-7.756426185369491577e-02,-1.000727294012904167e-03,3.479976010322570801e+01
-4.324868693947792053e-02,-7.757307589054107666e-02,-9.837020188570022583e-04,3.480479621887207031e+01
-4.325180873274803162e-02,-7.758320868015289307e-02,-9.422650327906012535e-04,3.480979299545288086e+01
-4.323868826031684875e-02,-7.767500728368759155e-02,-7.227017777040600777e-04,3.481479001045227051e+01
-4.325449466705322266e-02,-7.770339399576187134e-02,-6.353241042234003544e-04,3.481980204582214355e+01
-4.327308759093284607e-02,-7.773258537054061890e-02,-5.336523754522204399e-04,3.482479715347290039e+01
-4.327710717916488647e-02,-7.776284962892532349e-02,-4.660437116399407387e-04,3.483001613616943359e+01
-4.328693076968193054e-02,-7.779618352651596069e-02,-3.757504164241254330e-04,3.483478999137878418e+01
-4.329499602317810059e-02,-7.783485949039459229e-02,-2.802469534799456596e-04,3.483979511260986328e+01
-4.330103471875190735e-02,-7.787986844778060913e-02,-1.788013469194993377e-04,3.484486413002014160e+01
-4.316226765513420105e-02,-7.752309739589691162e-02,-1.749070506775751710e-04,3.484999704360961914e+01
-4.315173253417015076e-02,-7.752731442451477051e-02,-1.079194626072421670e-04,3.485487198829650879e+01
-4.313845187425613403e-02,-7.753407955169677734e-02,-3.912515967385843396e-05,3.486002707481384277e+01
-4.315161705017089844e-02,-7.754819840192794800e-02,-2.721303317230194807e-04,3.486500215530395508e+01
-4.314451664686203003e-02,-7.756794244050979614e-02,-3.048817743547260761e-04,3.486996221542358398e+01
-4.313725978136062622e-02,-7.759315520524978638e-02,-3.568247775547206402e-04,3.487484002113342285e+01
-4.309062287211418152e-02,-7.747573405504226685e-02,-1.444356021238490939e-04,3.488002014160156250e+01
-4.307945817708969116e-02,-7.747679203748703003e-02,-2.269335818709805608e-04,3.488502621650695801e+01
-4.306857660412788391e-02,-7.747690379619598389e-02,-3.289678425062447786e-04,3.488997316360473633e+01
-4.305023327469825745e-02,-7.748207449913024902e-02,-3.907249774783849716e-04,3.489514899253845215e+01
-4.303451254963874817e-02,-7.748691737651824951e-02,-4.981340025551617146e-04,3.490004706382751465e+01
-4.301741346716880798e-02,-7.749532908201217651e-02,-6.174517329782247543e-04,3.490484404563903809e+01
-4.301085323095321655e-02,-7.751531153917312622e-02,-7.206402369774878025e-04,3.491003608703613281e+01
-4.309278354048728943e-02,-7.756232470273971558e-02,-3.123251080978661776e-04,3.491500806808471680e+01
-4.309410601854324341e-02,-7.757543772459030151e-02,-3.712342295330017805e-04,3.492012715339660645e+01
-4.309816658496856689e-02,-7.758893072605133057e-02,-4.287340852897614241e-04,3.492507410049438477e+01
-4.310413450002670288e-02,-7.759768515825271606e-02,-4.080758662894368172e-04,3.493018221855163574e+01
-4.311195388436317444e-02,-7.761200517416000366e-02,-4.204600118100643158e-04,3.493504309654235840e+01
-4.312186315655708313e-02,-7.762759178876876831e-02,-4.215929075144231319e-04,3.494009900093078613e+01
-4.312697798013687134e-02,-7.765274494886398315e-02,-4.265406460035592318e-04,3.494504618644714355e+01
-4.316292703151702881e-02,-7.772559672594070435e-02,-5.035722861066460609e-04,3.495011305809020996e+01
-4.317066073417663574e-02,-7.775175571441650391e-02,-4.995113122276961803e-04,3.495515418052673340e+01
-4.317190498113632202e-02,-7.777057588100433350e-02,-5.509550101123750210e-04,3.496035218238830566e+01
-4.317540675401687622e-02,-7.779653370380401611e-02,-5.699978210031986237e-04,3.496516609191894531e+01
-4.317771643400192261e-02,-7.782263308763504028e-02,-5.930659826844930649e-04,3.497026419639587402e+01
-4.317398741841316223e-02,-7.784838974475860596e-02,-6.168061518110334873e-04,3.497509908676147461e+01
-4.308411478996276855e-02,-7.765082269906997681e-02,-4.999286611564457417e-04,3.498030805587768555e+01
-4.307030513882637024e-02,-7.766703516244888306e-02,-5.152617231942713261e-04,3.498524808883666992e+01
-4.306668043136596680e-02,-7.769014686346054077e-02,-5.463970010168850422e-04,3.499023103713989258e+01
-4.305636510252952576e-02,-7.771070301532745361e-02,-5.783545784652233124e-04,3.499532198905944824e+01
-4.304582998156547546e-02,-7.773143798112869263e-02,-6.159732583910226822e-04,3.500029921531677246e+01
-4.304601624608039856e-02,-7.774595916271209717e-02,-6.737993098795413971e-04,3.500522208213806152e+01
-4.304473474621772766e-02,-7.776473462581634521e-02,-7.323108729906380177e-04,3.501042699813842773e+01
-4.311373457312583923e-02,-7.758076488971710205e-02,-6.868108175694942474e-04,3.501526308059692383e+01
-4.312431812286376953e-02,-7.758380472660064697e-02,-7.551042363047599792e-04,3.502026700973510742e+01
-4.312247782945632935e-02,-7.758439332246780396e-02,-8.106838795356452465e-04,3.502520298957824707e+01
-4.313074797391891479e-02,-7.758888602256774902e-02,-8.796274196356534958e-04,3.503033900260925293e+01
-4.313999414443969727e-02,-7.759506255388259888e-02,-9.512687684036791325e-04,3.503520202636718750e+01
-4.314024746417999268e-02,-7.761900126934051514e-02,-9.934012778103351593e-04,3.504029607772827148e+01
-4.314209893345832825e-02,-7.763773947954177856e-02,-1.044065225869417191e-03,3.504519414901733398e+01
-4.306575283408164978e-02,-7.761424034833908081e-02,-8.142758160829544067e-04,3.505036401748657227e+01
-4.308002814650535583e-02,-7.761861383914947510e-02,-7.580079836770892143e-04,3.505521821975708008e+01
-4.308441281318664551e-02,-7.761430740356445312e-02,-7.294733077287673950e-04,3.506051421165466309e+01
-4.308967664837837219e-02,-7.759778201580047607e-02,-6.830173661001026630e-04,3.506544613838195801e+01
-4.308384284377098083e-02,-7.758989930152893066e-02,-7.694336236454546452e-04,3.507037305831909180e+01
-4.308119416236877441e-02,-7.758111506700515747e-02,-8.111760835163295269e-04,3.507532715797424316e+01
-4.325446859002113342e-02,-7.794369757175445557e-02,-1.266850507818162441e-03,3.508036613464355469e+01
-4.326780140399932861e-02,-7.797118276357650757e-02,-1.275651971809566021e-03,3.508530902862548828e+01
-4.327920824289321899e-02,-7.804985344409942627e-02,-1.354543725028634071e-03,3.509035611152648926e+01
-4.329021275043487549e-02,-7.813315838575363159e-02,-1.425252994522452354e-03,3.509554600715637207e+01
-4.330120980739593506e-02,-7.821694016456604004e-02,-1.491676666773855686e-03,3.510042619705200195e+01
-4.331615939736366272e-02,-7.828810065984725952e-02,-1.504608779214322567e-03,3.510532617568969727e+01
-4.332945868372917175e-02,-7.836787402629852295e-02,-1.527298241853713989e-03,3.511037302017211914e+01
-4.296417906880378723e-02,-7.753780484199523926e-02,-4.026301903650164604e-04,3.511520218849182129e+01
-4.296797886490821838e-02,-7.755303382873535156e-02,-4.315803234931081533e-04,3.512049818038940430e+01
-4.296640679240226746e-02,-7.756324112415313721e-02,-3.973892016801983118e-04,3.512532210350036621e+01
-4.296738281846046448e-02,-7.757571339607238770e-02,-3.653579333331435919e-04,3.513056111335754395e+01
-4.297812283039093018e-02,-7.760003954172134399e-02,-3.771425399463623762e-04,3.513532519340515137e+01
-4.299030080437660217e-02,-7.762271910905838013e-02,-3.866163315251469612e-04,3.514052009582519531e+01
-4.300651699304580688e-02,-7.764749974012374878e-02,-4.124889092054218054e-04,3.514547705650329590e+01
-4.311068356037139893e-02,-7.760260254144668579e-02,-8.451155736111104488e-04,3.515048408508300781e+01
-4.313157126307487488e-02,-7.761973142623901367e-02,-9.298850782215595245e-04,3.515533399581909180e+01
-4.315328598022460938e-02,-7.764050364494323730e-02,-1.023600692860782146e-03,3.516089200973510742e+01
-4.317475110292434692e-02,-7.767296582460403442e-02,-1.077722175978124142e-03,3.516558098793029785e+01
-4.319633170962333679e-02,-7.769997417926788330e-02,-1.149351825006306171e-03,3.517039513587951660e+01
-4.321816191077232361e-02,-7.772815972566604614e-02,-1.215758849866688251e-03,3.517545413970947266e+01
-4.316343739628791809e-02,-7.751403748989105225e-02,-8.053745259530842304e-04,3.518072915077209473e+01
-4.316632822155952454e-02,-7.751434296369552612e-02,-8.282308699563145638e-04,3.518546819686889648e+01
-4.316465184092521667e-02,-7.751401513814926147e-02,-8.470173925161361694e-04,3.519057607650756836e+01
-4.315874725580215454e-02,-7.751374691724777222e-02,-8.635438862256705761e-04,3.519574618339538574e+01
-4.314223304390907288e-02,-7.752512395381927490e-02,-9.166238014586269855e-04,3.520058202743530273e+01
-4.312355816364288330e-02,-7.753099501132965088e-02,-9.511944372206926346e-04,3.520551419258117676e+01
-4.309936240315437317e-02,-7.753668725490570068e-02,-9.885061299428343773e-04,3.521042919158935547e+01
-4.299546778202056885e-02,-7.761563360691070557e-02,-9.395475499331951141e-04,3.521536803245544434e+01
-4.295453429222106934e-02,-7.763701677322387695e-02,-9.980534669011831284e-04,3.522054100036621094e+01
-4.290863871574401855e-02,-7.766180485486984253e-02,-1.061284216120839119e-03,3.522553801536560059e+01
-4.291909933090209961e-02,-7.765796035528182983e-02,-9.168068063445389271e-04,3.523050117492675781e+01
-4.288715496659278870e-02,-7.768766582012176514e-02,-9.035125258378684521e-04,3.523552417755126953e+01
-4.285376891493797302e-02,-7.771722227334976196e-02,-8.846917771734297276e-04,3.524053311347961426e+01
-4.284064471721649170e-02,-7.774956524372100830e-02,-8.708730456419289112e-04,3.524541306495666504e+01
-4.305525496602058411e-02,-7.761973142623901367e-02,-6.923298933543264866e-04,3.525074005126953125e+01
-4.306767880916595459e-02,-7.762850821018218994e-02,-6.512024556286633015e-04,3.525574898719787598e+01
-4.310815781354904175e-02,-7.764901965856552124e-02,-5.672954721376299858e-04,3.526079916954040527e+01
-4.314712062478065491e-02,-7.767063379287719727e-02,-4.907231195829808712e-04,3.526570200920104980e+01
-4.319655522704124451e-02,-7.770289480686187744e-02,-3.977793094236403704e-04,3.527076220512390137e+01
-4.325610026717185974e-02,-7.774570584297180176e-02,-2.887012960854917765e-04,3.527584218978881836e+01
-4.315523430705070496e-02,-7.758732140064239502e-02,-4.945980617776513100e-04,3.528075003623962402e+01
-4.317667707800865173e-02,-7.761099189519882202e-02,-4.767507198266685009e-04,3.528570914268493652e+01
-4.319622367620468140e-02,-7.763968408107757568e-02,-4.648198373615741730e-04,3.529059815406799316e+01
-4.319060966372489929e-02,-7.763907313346862793e-02,-5.272557027637958527e-04,3.529583811759948730e+01
-4.319178313016891479e-02,-7.766365259885787964e-02,-5.506933084689080715e-04,3.530074715614318848e+01
-4.318814352154731750e-02,-7.770838588476181030e-02,-5.636661080643534660e-04,3.530570220947265625e+01
-4.318683221936225891e-02,-7.781311869621276855e-02,-5.209522787481546402e-04,3.531072521209716797e+01
-4.288660362362861633e-02,-7.726695388555526733e-02,-1.391627010889351368e-04,3.531572413444519043e+01
-4.283943772315979004e-02,-7.721652090549468994e-02,-2.223205956397578120e-04,3.532079219818115234e+01
-4.279613867402076721e-02,-7.717543095350265503e-02,-3.467199276201426983e-04,3.532583403587341309e+01
-4.274565353989601135e-02,-7.713619619607925415e-02,-4.925329121761023998e-04,3.533077907562255859e+01
-4.269175976514816284e-02,-7.710353285074234009e-02,-6.667635170742869377e-04,3.533583402633666992e+01
-4.266100749373435974e-02,-7.709804177284240723e-02,-7.618954987265169621e-04,3.534079098701477051e+01
-4.262255877256393433e-02,-7.707834988832473755e-02,-8.999322308227419853e-04,3.534585309028625488e+01
-4.293939843773841858e-02,-7.740171998739242554e-02,-4.410937544889748096e-04,3.535077404975891113e+01
-4.293475300073623657e-02,-7.740543782711029053e-02,-4.693983355537056923e-04,3.535581421852111816e+01
-4.287790134549140930e-02,-7.746633142232894897e-02,-4.268137563485652208e-04,3.536097311973571777e+01
-4.285176843404769897e-02,-7.749421894550323486e-02,-4.050948773510754108e-04,3.536598801612854004e+01
-4.282215237617492676e-02,-7.752889394760131836e-02,-3.685890405904501677e-04,3.537078714370727539e+01
-4.280918091535568237e-02,-7.754737883806228638e-02,-3.250926092732697725e-04,3.537581801414489746e+01
-4.311238974332809448e-02,-7.767855376005172729e-02,-6.853949744254350662e-04,3.538079404830932617e+01
-4.311756789684295654e-02,-7.770870625972747803e-02,-6.457103299908339977e-04,3.538583421707153320e+01
-4.310299083590507507e-02,-7.773283869028091431e-02,-5.999054992571473122e-04,3.539070916175842285e+01
-4.309822246432304382e-02,-7.775989174842834473e-02,-5.391146405600011349e-04,3.539618015289306641e+01
-4.309166595339775085e-02,-7.778618484735488892e-02,-4.666784370783716440e-04,3.540097022056579590e+01
-4.310988634824752808e-02,-7.781425863504409790e-02,-3.977140004280954599e-04,3.540599417686462402e+01
-4.312258213758468628e-02,-7.784284651279449463e-02,-3.150438424199819565e-04,3.541086220741271973e+01
-4.304944351315498352e-02,-7.761625200510025024e-02,-4.794127598870545626e-04,3.541597318649291992e+01
-4.306579753756523132e-02,-7.763057947158813477e-02,-5.080475239083170891e-04,3.542097020149230957e+01
-4.309010505676269531e-02,-7.764876633882522583e-02,-4.967962740920484066e-04,3.542605805397033691e+01
-4.311833530664443970e-02,-7.766654342412948608e-02,-4.991601454094052315e-04,3.543128609657287598e+01
-4.313822463154792786e-02,-7.768351584672927856e-02,-5.608493811450898647e-04,3.543621420860290527e+01
-4.316429048776626587e-02,-7.770211994647979736e-02,-6.254874751903116703e-04,3.544095611572265625e+01
-4.311923682689666748e-02,-7.752121984958648682e-02,-4.901458160020411015e-04,3.544594120979309082e+01
-4.313709586858749390e-02,-7.752311229705810547e-02,-5.891251494176685810e-04,3.545108509063720703e+01
-4.313423484563827515e-02,-7.751153409481048584e-02,-6.797004607506096363e-04,3.545678901672363281e+01
-4.314292222261428833e-02,-7.750897109508514404e-02,-8.068985189311206341e-04,3.546123909950256348e+01
-4.314985126256942749e-02,-7.750444114208221436e-02,-9.550500544719398022e-04,3.546633815765380859e+01
-4.312512651085853577e-02,-7.750447839498519897e-02,-1.098670414648950100e-03,3.547110509872436523e+01
-4.310229048132896423e-02,-7.750185579061508179e-02,-1.262508332729339600e-03,3.547619414329528809e+01
-4.299793764948844910e-02,-7.754833251237869263e-02,-1.047721831128001213e-03,3.548113107681274414e+01
-4.297482594847679138e-02,-7.755786925554275513e-02,-1.176994177512824535e-03,3.548610305786132812e+01
-4.292926937341690063e-02,-7.756782323122024536e-02,-1.315040164627134800e-03,3.549109220504760742e+01
-4.287916794419288635e-02,-7.757829129695892334e-02,-1.460017403587698936e-03,3.549664115905761719e+01
-4.285425692796707153e-02,-7.758785784244537354e-02,-1.622421899810433388e-03,3.550110602378845215e+01
-4.282027855515480042e-02,-7.759878784418106079e-02,-1.792109105736017227e-03,3.550616216659545898e+01
-4.279034212231636047e-02,-7.760925590991973877e-02,-1.971921417862176895e-03,3.551092314720153809e+01
-4.293854534626007080e-02,-7.775321602821350098e-02,-1.736577250994741917e-03,3.551590514183044434e+01
-4.296393319964408875e-02,-7.776924222707748413e-02,-1.862696022726595402e-03,3.552110815048217773e+01
-4.300072789192199707e-02,-7.778450846672058105e-02,-1.980322645977139473e-03,3.552674603462219238e+01
-4.304944351315498352e-02,-7.779798656702041626e-02,-2.088628709316253662e-03,3.553122401237487793e+01
-4.311137273907661438e-02,-7.783602178096771240e-02,-2.222124021500349045e-03,3.553662919998168945e+01
-4.318454489111900330e-02,-7.786860316991806030e-02,-2.337117679417133331e-03,3.554125308990478516e+01
-4.327003657817840576e-02,-7.790173590183258057e-02,-2.459544688463211060e-03,3.554607415199279785e+01
-4.307739436626434326e-02,-7.798909395933151245e-02,-2.757837995886802673e-03,3.555122208595275879e+01
-4.313433542847633362e-02,-7.802161574363708496e-02,-2.939834725111722946e-03,3.555660319328308105e+01
-4.319347813725471497e-02,-7.805430889129638672e-02,-3.134887199848890305e-03,3.556160020828247070e+01
-4.320550337433815002e-02,-7.807784527540206909e-02,-3.303875913843512535e-03,3.556689214706420898e+01
-4.322721436619758606e-02,-7.810682058334350586e-02,-3.494988428428769112e-03,3.557129502296447754e+01
-4.323755204677581787e-02,-7.813557982444763184e-02,-3.689412027597427368e-03,3.557675313949584961e+01
-4.267011582851409912e-02,-7.814336568117141724e-02,-3.282607765868306160e-03,3.558125114440917969e+01
-4.258663207292556763e-02,-7.818569242954254150e-02,-3.370137885212898254e-03,3.558671808242797852e+01
-4.248900339007377625e-02,-7.823058217763900757e-02,-3.433028701692819595e-03,3.559135913848876953e+01
-4.239151999354362488e-02,-7.826952636241912842e-02,-3.487281035631895065e-03,3.559666800498962402e+01
-4.227706789970397949e-02,-7.831320911645889282e-02,-3.526275977492332458e-03,3.560136818885803223e+01
-4.215204715728759766e-02,-7.835907489061355591e-02,-3.551893169060349464e-03,3.560654711723327637e+01
-4.246303811669349670e-02,-7.830291986465454102e-02,-3.792898030951619148e-03,3.561167502403259277e+01
-4.237762093544006348e-02,-7.834737002849578857e-02,-3.860366996377706528e-03,3.561669301986694336e+01
-4.229085519909858704e-02,-7.839551568031311035e-02,-3.929135389626026154e-03,3.562140321731567383e+01
-4.220266267657279968e-02,-7.844917476177215576e-02,-3.994018770754337311e-03,3.562717604637145996e+01
-4.215885326266288757e-02,-7.848837971687316895e-02,-4.180394578725099564e-03,3.563151407241821289e+01
-4.209868609905242920e-02,-7.854311913251876831e-02,-4.340504761785268784e-03,3.563658905029296875e+01
-4.204592481255531311e-02,-7.860040664672851562e-02,-4.531993996351957321e-03,3.564131522178649902e+01
-4.201639816164970398e-02,-7.865621894598007202e-02,-4.665428306907415390e-03,3.564672017097473145e+01
-4.287075996398925781e-02,-7.829520106315612793e-02,-5.099958274513483047e-03,3.565151405334472656e+01
-4.293102025985717773e-02,-7.828886806964874268e-02,-5.259754136204719543e-03,3.565711402893066406e+01
-4.297128319740295410e-02,-7.829740643501281738e-02,-5.350145976990461349e-03,3.566163802146911621e+01
-4.303500801324844360e-02,-7.829820364713668823e-02,-5.465424153953790665e-03,3.566704821586608887e+01
-4.310501739382743835e-02,-7.829905301332473755e-02,-5.568205844610929489e-03,3.567150902748107910e+01
-4.317000508308410645e-02,-7.831440865993499756e-02,-5.660464987158775330e-03,3.567677116394042969e+01
-4.270839318633079529e-02,-7.856456190347671509e-02,-5.620171315968036652e-03,3.568149399757385254e+01
-4.274480417370796204e-02,-7.859787344932556152e-02,-5.689753685146570206e-03,3.568685317039489746e+01
-4.275758937001228333e-02,-7.864385843276977539e-02,-5.781058687716722488e-03,3.569151520729064941e+01
-4.278226569294929504e-02,-7.868837565183639526e-02,-5.847658496350049973e-03,3.569686913490295410e+01
-4.280526190996170044e-02,-7.873938977718353271e-02,-5.908391904085874557e-03,3.570149207115173340e+01
-4.282646626234054565e-02,-7.879640161991119385e-02,-5.961216986179351807e-03,3.570685410499572754e+01
-4.280694946646690369e-02,-7.882913202047348022e-02,-6.056012120097875595e-03,3.571149206161499023e+01
-4.243169724941253662e-02,-7.873492687940597534e-02,-5.649249535053968430e-03,3.571666312217712402e+01
-4.238399118185043335e-02,-7.876963913440704346e-02,-5.713430233299732208e-03,3.572162699699401855e+01
-4.233238473534584045e-02,-7.879272103309631348e-02,-5.778115242719650269e-03,3.572677922248840332e+01
-4.226903617382049561e-02,-7.881940901279449463e-02,-5.846761167049407959e-03,3.573156714439392090e+01
-4.219701513648033142e-02,-7.884368300437927246e-02,-5.918716546148061752e-03,3.573683905601501465e+01
-4.213042929768562317e-02,-7.888196408748626709e-02,-5.996574647724628448e-03,3.574155306816101074e+01
-4.227464646100997925e-02,-7.864587754011154175e-02,-5.668744444847106934e-03,3.574686217308044434e+01
-4.221509024500846863e-02,-7.867086678743362427e-02,-5.729869008064270020e-03,3.575149202346801758e+01
-4.219114035367965698e-02,-7.869893312454223633e-02,-5.786243360489606857e-03,3.575684618949890137e+01
-4.214873909950256348e-02,-7.872869074344635010e-02,-5.845956038683652878e-03,3.576159119606018066e+01
-4.210910946130752563e-02,-7.876145839691162109e-02,-5.905103404074907303e-03,3.576677918434143066e+01
-4.206337779760360718e-02,-7.879607379436492920e-02,-5.975169129669666290e-03,3.577160310745239258e+01
-4.202172160148620605e-02,-7.883452624082565308e-02,-6.043777801096439362e-03,3.577666711807250977e+01
-4.258356615900993347e-02,-7.883001863956451416e-02,-5.845918320119380951e-03,3.578161311149597168e+01
-4.258449375629425049e-02,-7.886821776628494263e-02,-5.911186337471008301e-03,3.578685903549194336e+01
-4.257804155349731445e-02,-7.887874543666839600e-02,-5.978407338261604309e-03,3.579155421257019043e+01
-4.257540404796600342e-02,-7.890837639570236206e-02,-6.051743403077125549e-03,3.579688119888305664e+01
-4.257173836231231689e-02,-7.893708348274230957e-02,-6.127912085503339767e-03,3.580176210403442383e+01
-4.254953563213348389e-02,-7.896926999092102051e-02,-6.222933065146207809e-03,3.580705308914184570e+01
-4.261838272213935852e-02,-7.870534807443618774e-02,-5.813913885504007339e-03,3.581176304817199707e+01
-4.259295389056205750e-02,-7.872462272644042969e-02,-5.902124568819999695e-03,3.581679320335388184e+01
-4.255967587232589722e-02,-7.875635474920272827e-02,-5.982590839266777039e-03,3.582170820236206055e+01
-4.252126440405845642e-02,-7.878271490335464478e-02,-6.076080724596977234e-03,3.582701611518859863e+01
-4.247663915157318115e-02,-7.881111651659011841e-02,-6.173737812787294388e-03,3.583185601234436035e+01
-4.243380203843116760e-02,-7.884430885314941406e-02,-6.249747239053249359e-03,3.583699202537536621e+01
-4.238364472985267639e-02,-7.887990027666091919e-02,-6.334848701953887939e-03,3.584171819686889648e+01
-4.221032932400703430e-02,-7.886625826358795166e-02,-5.874182563275098801e-03,3.584693121910095215e+01
-4.215453192591667175e-02,-7.890563458204269409e-02,-5.891856271773576736e-03,3.585184907913208008e+01
-4.209550097584724426e-02,-7.895080000162124634e-02,-5.916331894695758820e-03,3.585694909095764160e+01
-4.203231260180473328e-02,-7.900153845548629761e-02,-5.933795124292373657e-03,3.586209917068481445e+01
-4.198838397860527039e-02,-7.905664294958114624e-02,-5.957688670605421066e-03,3.586713099479675293e+01
-4.193696007132530212e-02,-7.911468297243118286e-02,-5.973523482680320740e-03,3.587172007560729980e+01
-4.188760742545127869e-02,-7.917475700378417969e-02,-5.987727548927068710e-03,3.587699198722839355e+01
-4.219933226704597473e-02,-7.901396602392196655e-02,-5.731448065489530563e-03,3.588177108764648438e+01
-4.219129309058189392e-02,-7.903473824262619019e-02,-5.781657528132200241e-03,3.588680720329284668e+01
-4.218680784106254578e-02,-7.907103747129440308e-02,-5.805912427604198456e-03,3.589180016517639160e+01
-4.218433424830436707e-02,-7.910788804292678833e-02,-5.835059564560651779e-03,3.589710807800292969e+01
-4.220214113593101501e-02,-7.914216816425323486e-02,-5.876620765775442123e-03,3.590182399749755859e+01
-4.221927002072334290e-02,-7.917565107345581055e-02,-5.923177581280469894e-03,3.590686106681823730e+01
-4.226542264223098755e-02,-7.882572710514068604e-02,-5.800992250442504883e-03,3.591182613372802734e+01
-4.232114553451538086e-02,-7.884420454502105713e-02,-5.840805824846029282e-03,3.591700410842895508e+01
-4.238338023424148560e-02,-7.885127514600753784e-02,-5.894128233194351196e-03,3.592185020446777344e+01
-4.245282709598541260e-02,-7.885970175266265869e-02,-5.951391533017158508e-03,3.592701220512390137e+01
-4.253811761736869812e-02,-7.889134436845779419e-02,-5.946689750999212265e-03,3.593210005760192871e+01
-4.262960702180862427e-02,-7.892412692308425903e-02,-5.958014633506536484e-03,3.593707609176635742e+01
-4.273105785250663757e-02,-7.896698266267776489e-02,-5.955543369054794312e-03,3.594191408157348633e+01
-4.284580051898956299e-02,-7.903390377759933472e-02,-5.910879932343959808e-03,3.594705510139465332e+01
-4.217830672860145569e-02,-7.928317785263061523e-02,-5.566844716668128967e-03,3.595199108123779297e+01
-4.227693006396293640e-02,-7.936555892229080200e-02,-5.501706153154373169e-03,3.595708298683166504e+01
-4.238519072532653809e-02,-7.945654541254043579e-02,-5.422730464488267899e-03,3.596253919601440430e+01
-4.247445985674858093e-02,-7.955291867256164551e-02,-5.294927861541509628e-03,3.596718001365661621e+01
-4.259102046489715576e-02,-7.966063916683197021e-02,-5.167003255337476730e-03,3.597217822074890137e+01
-4.271556064486503601e-02,-7.977680861949920654e-02,-5.022124852985143661e-03,3.597707915306091309e+01
-4.192542284727096558e-02,-7.919140160083770752e-02,-4.988984204828739166e-03,3.598222804069519043e+01
-4.201494902372360229e-02,-7.915639877319335938e-02,-4.925780463963747025e-03,3.598710203170776367e+01
-4.211241006851196289e-02,-7.910332083702087402e-02,-4.873094614595174789e-03,3.599217820167541504e+01
-4.219992086291313171e-02,-7.912382483482360840e-02,-4.938027355819940567e-03,3.599694108963012695e+01
-4.230171814560890198e-02,-7.908938825130462646e-02,-4.975276999175548553e-03,3.600197005271911621e+01
-4.240815714001655579e-02,-7.905026525259017944e-02,-5.042475648224353790e-03,3.600706100463867188e+01
-4.163561388850212097e-02,-7.863453775644302368e-02,-4.817077424377202988e-03,3.601218414306640625e+01
-4.169256985187530518e-02,-7.855935394763946533e-02,-4.917510319501161575e-03,3.601699399948120117e+01
-4.175379499793052673e-02,-7.847993820905685425e-02,-5.044878460466861725e-03,3.602191019058227539e+01
-4.161733388900756836e-02,-7.848133146762847900e-02,-4.853467922657728195e-03,3.602719116210937500e+01
-4.160668328404426575e-02,-7.842140644788742065e-02,-4.906433634459972382e-03,3.603216910362243652e+01
-4.158511385321617126e-02,-7.836506515741348267e-02,-4.963554441928863525e-03,3.603706812858581543e+01
-4.155297577381134033e-02,-7.831342518329620361e-02,-5.017116200178861618e-03,3.604213118553161621e+01
-4.123027622699737549e-02,-7.914942502975463867e-02,-5.562695674598217010e-03,3.604712200164794922e+01
-4.118537157773971558e-02,-7.920504361391067505e-02,-5.622915457934141159e-03,3.605215311050415039e+01
-4.113516211509704590e-02,-7.927426695823669434e-02,-5.677742417901754379e-03,3.605708217620849609e+01
-4.106371477246284485e-02,-7.927777618169784546e-02,-5.661878269165754318e-03,3.606238412857055664e+01
-4.099306836724281311e-02,-7.932682335376739502e-02,-5.667702760547399521e-03,3.606701898574829102e+01
-4.091450199484825134e-02,-7.937702536582946777e-02,-5.656630732119083405e-03,3.607213807106018066e+01
-4.081792384386062622e-02,-7.942198961973190308e-02,-5.654940847307443619e-03,3.607731914520263672e+01
-4.086566343903541565e-02,-7.951707392930984497e-02,-6.020914763212203979e-03,3.608225011825561523e+01
-4.075761884450912476e-02,-7.954651117324829102e-02,-6.032399833202362061e-03,3.608725500106811523e+01
-4.068276658654212952e-02,-7.955100387334823608e-02,-6.065095774829387665e-03,3.609225606918334961e+01
-4.058122262358665466e-02,-7.956534624099731445e-02,-6.083949469029903412e-03,3.609746313095092773e+01
-4.047644883394241333e-02,-7.957629114389419556e-02,-6.104577798396348953e-03,3.610223317146301270e+01
-4.040720313787460327e-02,-7.961644232273101807e-02,-6.126493681222200394e-03,3.610723710060119629e+01
-4.107753932476043701e-02,-7.956901192665100098e-02,-6.037195213139057159e-03,3.611224102973937988e+01
-4.107241705060005188e-02,-7.958796620368957520e-02,-6.028559990227222443e-03,3.611729907989501953e+01
-4.105901718139648438e-02,-7.959765195846557617e-02,-5.975633393973112106e-03,3.612234807014465332e+01
-4.105917736887931824e-02,-7.961592078208923340e-02,-5.932037252932786942e-03,3.612755012512207031e+01
-4.106438159942626953e-02,-7.963309437036514282e-02,-5.875449627637863159e-03,3.613235306739807129e+01
-4.107451438903808594e-02,-7.964912801980972290e-02,-5.804791115224361420e-03,3.613741111755371094e+01
-4.111190512776374817e-02,-7.967453449964523315e-02,-5.732317920774221420e-03,3.614226698875427246e+01
-4.141140356659889221e-02,-7.979270815849304199e-02,-5.825675092637538910e-03,3.614753103256225586e+01
-4.147356376051902771e-02,-7.981207221746444702e-02,-5.735568702220916748e-03,3.615238618850708008e+01
-4.152721539139747620e-02,-7.981562614440917969e-02,-5.665003322064876556e-03,3.615745806694030762e+01
-4.159648716449737549e-02,-7.982794195413589478e-02,-5.573211703449487686e-03,3.616242599487304688e+01
-4.167226701974868774e-02,-7.983975857496261597e-02,-5.476910155266523361e-03,3.616736912727355957e+01
-4.173325747251510620e-02,-7.986530661582946777e-02,-5.409827921539545059e-03,3.617229819297790527e+01
-4.144442081451416016e-02,-7.969502359628677368e-02,-5.584972444921731949e-03,3.617734122276306152e+01
-4.148036986589431763e-02,-7.969617843627929688e-02,-5.526130087673664093e-03,3.618226408958435059e+01
-4.148796200752258301e-02,-7.970504462718963623e-02,-5.527682602405548096e-03,3.618742203712463379e+01
-4.150531440973281860e-02,-7.970792800188064575e-02,-5.515723489224910736e-03,3.619251298904418945e+01
-4.151749610900878906e-02,-7.971104979515075684e-02,-5.516633857041597366e-03,3.619753599166870117e+01
-4.150976985692977905e-02,-7.971246540546417236e-02,-5.553641822189092636e-03,3.620227408409118652e+01
-4.149923473596572876e-02,-7.971735298633575439e-02,-5.598966497927904129e-03,3.620732998847961426e+01
-4.128674790263175964e-02,-7.969562709331512451e-02,-5.699127446860074997e-03,3.621247601509094238e+01
-4.123863950371742249e-02,-7.970549911260604858e-02,-5.783791653811931610e-03,3.621748518943786621e+01
-4.124276340007781982e-02,-7.970166206359863281e-02,-5.822176113724708557e-03,3.622243404388427734e+01
-4.121065884828567505e-02,-7.970596104860305786e-02,-5.908356048166751862e-03,3.622763013839721680e+01
-4.117802157998085022e-02,-7.970940321683883667e-02,-6.005174014717340469e-03,3.623232722282409668e+01
-4.115818440914154053e-02,-7.971004396677017212e-02,-6.114612799137830734e-03,3.623749899864196777e+01
-4.113601148128509521e-02,-7.971183210611343384e-02,-6.231788080185651779e-03,3.624244999885559082e+01
-4.132324829697608948e-02,-7.974232733249664307e-02,-6.138963159173727036e-03,3.624752616882324219e+01
-4.135217890143394470e-02,-7.973364740610122681e-02,-6.226242054253816605e-03,3.625247716903686523e+01
-4.137660190463066101e-02,-7.973068952560424805e-02,-6.333083380013704300e-03,3.625748705863952637e+01
-4.140776395797729492e-02,-7.972482591867446899e-02,-6.446280516684055328e-03,3.626257109642028809e+01
-4.146260768175125122e-02,-7.973454147577285767e-02,-6.554373539984226227e-03,3.626758408546447754e+01
-4.152204841375350952e-02,-7.973952591419219971e-02,-6.669570691883563995e-03,3.627241921424865723e+01
-4.156998544931411743e-02,-7.997369766235351562e-02,-6.756959948688745499e-03,3.627759218215942383e+01
-4.164578765630722046e-02,-7.999265938997268677e-02,-6.830881349742412567e-03,3.628258514404296875e+01
-4.173593595623970032e-02,-8.001705259084701538e-02,-6.921648047864437103e-03,3.628765416145324707e+01
-4.183601588010787964e-02,-8.004292845726013184e-02,-7.009319961071014404e-03,3.629259014129638672e+01
-4.193729162216186523e-02,-8.006635308265686035e-02,-7.095315027981996536e-03,3.629812812805175781e+01
-4.204999655485153198e-02,-8.009326457977294922e-02,-7.175742648541927338e-03,3.630260205268859863e+01
-4.217017069458961487e-02,-8.012092113494873047e-02,-7.252478506416082382e-03,3.630766320228576660e+01
-4.161629825830459595e-02,-8.009108901023864746e-02,-6.644390989094972610e-03,3.631261420249938965e+01
-4.169646650552749634e-02,-8.010728657245635986e-02,-6.723884027451276779e-03,3.631782317161560059e+01
-4.178571701049804688e-02,-8.012793213129043579e-02,-6.772033404558897018e-03,3.632254219055175781e+01
-4.188193008303642273e-02,-8.014810085296630859e-02,-6.828116253018379211e-03,3.632817411422729492e+01
-4.197137802839279175e-02,-8.016100525856018066e-02,-6.917131133377552032e-03,3.633277702331542969e+01
-4.206971079111099243e-02,-8.017454296350479126e-02,-7.007678970694541931e-03,3.633772921562194824e+01
-4.217109456658363342e-02,-8.018586784601211548e-02,-7.110649719834327698e-03,3.634260416030883789e+01
-4.139301553368568420e-02,-7.993116229772567749e-02,-6.891173776239156723e-03,3.634812808036804199e+01
-4.142566397786140442e-02,-7.991347461938858032e-02,-6.991771515458822250e-03,3.635273003578186035e+01
-4.146125540137290955e-02,-7.989273965358734131e-02,-7.103972136974334717e-03,3.635798907279968262e+01
-4.145183041691780090e-02,-8.003389090299606323e-02,-6.859415210783481598e-03,3.636285614967346191e+01
-4.147422686219215393e-02,-8.007007837295532227e-02,-6.850475445389747620e-03,3.636774611473083496e+01
-4.149585217237472534e-02,-8.011490106582641602e-02,-6.826047319918870926e-03,3.637265300750732422e+01
-4.150072485208511353e-02,-8.018025755882263184e-02,-6.721748504787683487e-03,3.637775921821594238e+01
-4.120101407170295715e-02,-8.035816997289657593e-02,-6.552102044224739075e-03,3.638277316093444824e+01
-4.116191342473030090e-02,-8.047144114971160889e-02,-6.383931729942560196e-03,3.638775610923767090e+01
-4.111776873469352722e-02,-8.059945702552795410e-02,-6.180536001920700073e-03,3.639299201965332031e+01
-4.103972390294075012e-02,-8.076659590005874634e-02,-5.936069879680871964e-03,3.639793801307678223e+01
-4.096859693527221680e-02,-8.093499392271041870e-02,-5.661392118781805038e-03,3.640293407440185547e+01
-4.088808223605155945e-02,-8.111885935068130493e-02,-5.351463798433542252e-03,3.640803003311157227e+01
-4.097208753228187561e-02,-8.059402555227279663e-02,-5.819804500788450241e-03,3.641288900375366211e+01
-4.085977748036384583e-02,-8.078084886074066162e-02,-5.578793585300445557e-03,3.641779613494873047e+01
-4.073652252554893494e-02,-8.098871260881423950e-02,-5.321853794157505035e-03,3.642269706726074219e+01
-4.054431989789009094e-02,-8.094540238380432129e-02,-5.156348925083875656e-03,3.642839598655700684e+01
-4.036278277635574341e-02,-8.102131634950637817e-02,-4.932256415486335754e-03,3.643287611007690430e+01
-4.016049951314926147e-02,-8.107113838195800781e-02,-4.708920139819383621e-03,3.643792104721069336e+01
-3.993174806237220764e-02,-8.116880059242248535e-02,-4.565984942018985748e-03,3.644287610054016113e+01
-4.087257757782936096e-02,-7.941463589668273926e-02,-4.392547532916069031e-03,3.644800209999084473e+01
-4.065899923443794250e-02,-7.934308797121047974e-02,-4.292166326195001602e-03,3.645289611816406250e+01
-4.048774391412734985e-02,-7.922480255365371704e-02,-4.105155356228351593e-03,3.645816302299499512e+01
-4.027294740080833435e-02,-7.911464571952819824e-02,-3.979297354817390442e-03,3.646314907073974609e+01
-4.004813730716705322e-02,-7.899078726768493652e-02,-3.855271730571985245e-03,3.646789908409118652e+01
-3.981297463178634644e-02,-7.885430753231048584e-02,-3.734791651368141174e-03,3.647295713424682617e+01
-3.965020924806594849e-02,-7.880977541208267212e-02,-3.646451048552989960e-03,3.647792506217956543e+01
-4.165934398770332336e-02,-7.929711043834686279e-02,-3.865514881908893585e-03,3.648300004005432129e+01
-4.162044450640678406e-02,-7.927263528108596802e-02,-3.804363310337066650e-03,3.648789906501770020e+01
-4.166830703616142273e-02,-7.922352105379104614e-02,-3.759658196941018105e-03,3.649312710762023926e+01
-4.168874397873878479e-02,-7.919714599847793579e-02,-3.720100270584225655e-03,3.649831008911132812e+01
-4.172729328274726868e-02,-7.917417585849761963e-02,-3.691415302455425262e-03,3.650299215316772461e+01
-4.177612438797950745e-02,-7.916444540023803711e-02,-3.643700852990150452e-03,3.650799012184143066e+01
-4.272966459393501282e-02,-7.964351028203964233e-02,-3.543036524206399918e-03,3.651298308372497559e+01
-4.286915063858032227e-02,-7.967040687799453735e-02,-3.480054438114166260e-03,3.651800513267517090e+01
-4.294301941990852356e-02,-7.964410632848739624e-02,-3.431774443015456200e-03,3.652298402786254883e+01
-4.306166991591453552e-02,-7.964362949132919312e-02,-3.381134476512670517e-03,3.652847814559936523e+01
-4.318150877952575684e-02,-7.963742315769195557e-02,-3.335780464112758636e-03,3.653318905830383301e+01
-4.325636476278305054e-02,-7.963689416646957397e-02,-3.309832420200109482e-03,3.653815317153930664e+01
-4.333926737308502197e-02,-7.963020354509353638e-02,-3.284733276814222336e-03,3.654316210746765137e+01
-4.277291521430015564e-02,-7.948943227529525757e-02,-3.326143138110637665e-03,3.654829502105712891e+01
-4.277506098151206970e-02,-7.947812974452972412e-02,-3.362694289535284042e-03,3.655334711074829102e+01
-4.276491701602935791e-02,-7.946448028087615967e-02,-3.393275663256645203e-03,3.655817604064941406e+01
-4.274308681488037109e-02,-7.945376634597778320e-02,-3.444514004513621330e-03,3.656341814994812012e+01
-4.270983487367630005e-02,-7.944573462009429932e-02,-3.512495663017034531e-03,3.656850314140319824e+01
-4.269982129335403442e-02,-7.943427562713623047e-02,-3.525724634528160095e-03,3.657321214675903320e+01
-4.266690462827682495e-02,-7.942762970924377441e-02,-3.581622615456581116e-03,3.657816505432128906e+01
-4.275679215788841248e-02,-7.962651550769805908e-02,-3.728644223883748055e-03,3.658317708969116211e+01
-4.272264987230300903e-02,-7.962382584810256958e-02,-3.758315928280353546e-03,3.658822607994079590e+01
-4.268584027886390686e-02,-7.962746173143386841e-02,-3.801279701292514801e-03,3.659317708015441895e+01
-4.264345765113830566e-02,-7.963053882122039795e-02,-3.845458384603261948e-03,3.659837102890014648e+01
-4.263968765735626221e-02,-7.962574064731597900e-02,-3.885543672367930412e-03,3.660316610336303711e+01
-4.262400791049003601e-02,-7.962206751108169556e-02,-3.928203601390123367e-03,3.660820508003234863e+01
-4.280135408043861389e-02,-7.965838164091110229e-02,-4.343649838119745255e-03,3.661303019523620605e+01
-4.284313693642616272e-02,-7.965400815010070801e-02,-4.411081317812204361e-03,3.661819505691528320e+01
-4.288682714104652405e-02,-7.964917272329330444e-02,-4.474985878914594650e-03,3.662324810028076172e+01
-4.294079542160034180e-02,-7.964345812797546387e-02,-4.536580760031938553e-03,3.662842607498168945e+01
-4.300534725189208984e-02,-7.965414226055145264e-02,-4.630302079021930695e-03,3.663325119018554688e+01
-4.307991638779640198e-02,-7.966022193431854248e-02,-4.719235934317111969e-03,3.663819909095764160e+01
-4.316473752260208130e-02,-7.966991513967514038e-02,-4.817261826246976852e-03,3.664324307441711426e+01
-4.305272921919822693e-02,-7.986178249120712280e-02,-4.886958748102188110e-03,3.664814615249633789e+01
-4.305471107363700867e-02,-7.986847311258316040e-02,-5.004419945180416107e-03,3.665321707725524902e+01
-4.310281947255134583e-02,-7.988509535789489746e-02,-5.136384628713130951e-03,3.665825104713439941e+01
-4.314956441521644592e-02,-7.990445196628570557e-02,-5.277269519865512848e-03,3.666331100463867188e+01
-4.317364096641540527e-02,-7.991901040077209473e-02,-5.371787119656801224e-03,3.666828703880310059e+01
-4.319871217012405396e-02,-7.993486523628234863e-02,-5.484712775796651840e-03,3.667324304580688477e+01
-4.281831905245780945e-02,-7.998488098382949829e-02,-5.298506002873182297e-03,3.667840099334716797e+01
-4.279082641005516052e-02,-8.000367879867553711e-02,-5.396325141191482544e-03,3.668327903747558594e+01
-4.275366663932800293e-02,-8.001042157411575317e-02,-5.479421466588973999e-03,3.668846106529235840e+01
-4.270956292748451233e-02,-8.001798391342163086e-02,-5.563314538449048996e-03,3.669347810745239258e+01
-4.266827926039695740e-02,-8.003485947847366333e-02,-5.688197445124387741e-03,3.669834899902343750e+01
-4.261858388781547546e-02,-8.005235344171524048e-02,-5.809499416500329971e-03,3.670329499244689941e+01
-4.256470501422882080e-02,-8.007420599460601807e-02,-5.945459008216857910e-03,3.670846104621887207e+01
-4.269625619053840637e-02,-8.024391531944274902e-02,-6.218853872269392014e-03,3.671338319778442383e+01
-4.266993328928947449e-02,-8.029058575630187988e-02,-6.349817384034395218e-03,3.671838617324829102e+01
-4.264475777745246887e-02,-8.034208416938781738e-02,-6.480992306023836136e-03,3.672337317466735840e+01
-4.262092709541320801e-02,-8.039763569831848145e-02,-6.610053591430187225e-03,3.672868013381958008e+01
-4.259089007973670959e-02,-8.043649792671203613e-02,-6.602225825190544128e-03,3.673335504531860352e+01
-4.256486892700195312e-02,-8.048670738935470581e-02,-6.638638675212860107e-03,3.673839521408081055e+01
-4.253879189491271973e-02,-8.053746074438095093e-02,-6.650661118328571320e-03,3.674347019195556641e+01
-4.280965775251388550e-02,-8.030439913272857666e-02,-6.062596105039119720e-03,3.674843311309814453e+01
-4.280034825205802917e-02,-8.033275604248046875e-02,-5.971253383904695511e-03,3.675348615646362305e+01
-4.279061034321784973e-02,-8.036167174577713013e-02,-5.855344235897064209e-03,3.675866818428039551e+01
-4.278097301721572876e-02,-8.039920777082443237e-02,-5.904882214963436127e-03,3.676364421844482422e+01
-4.277057573199272156e-02,-8.043672889471054077e-02,-5.859200842678546906e-03,3.676858305931091309e+01
-4.275946691632270813e-02,-8.047703653573989868e-02,-5.823277402669191360e-03,3.677349019050598145e+01
-4.275811836123466492e-02,-8.052280545234680176e-02,-5.851930472999811172e-03,3.677871608734130859e+01
-4.280793294310569763e-02,-8.036907017230987549e-02,-6.366787012666463852e-03,3.678354406356811523e+01
-4.281780868768692017e-02,-8.040206879377365112e-02,-6.470719818025827408e-03,3.678859615325927734e+01
-4.284147545695304871e-02,-8.042127639055252075e-02,-6.486191414296627045e-03,3.679377603530883789e+01
-4.286397993564605713e-02,-8.045098185539245605e-02,-6.561717018485069275e-03,3.679865813255310059e+01
-4.289107397198677063e-02,-8.048000186681747437e-02,-6.637609563767910004e-03,3.680357718467712402e+01
-4.290945082902908325e-02,-8.050827682018280029e-02,-6.650789175182580948e-03,3.680865120887756348e+01
-4.280751198530197144e-02,-8.023568987846374512e-02,-6.095164921134710312e-03,3.681351613998413086e+01
-4.282679408788681030e-02,-8.024130016565322876e-02,-6.043375004082918167e-03,3.681863903999328613e+01
-4.284718632698059082e-02,-8.024654537439346313e-02,-5.974266212433576584e-03,3.682365798950195312e+01
-4.286140948534011841e-02,-8.027840405702590942e-02,-5.903026089072227478e-03,3.682873916625976562e+01
-4.287925362586975098e-02,-8.029734343290328979e-02,-5.803416948765516281e-03,3.683364605903625488e+01
-4.289708659052848816e-02,-8.031961321830749512e-02,-5.686019547283649445e-03,3.683863019943237305e+01
-4.290201514959335327e-02,-8.033832907676696777e-02,-5.621479824185371399e-03,3.684360218048095703e+01
-4.261873662471771240e-02,-8.023478835821151733e-02,-5.986480973660945892e-03,3.684864902496337891e+01
-4.260268434882164001e-02,-8.025109767913818359e-02,-5.968565586954355240e-03,3.685360312461853027e+01
-4.256123676896095276e-02,-8.028512448072433472e-02,-6.045464426279067993e-03,3.685867619514465332e+01
-4.252365604043006897e-02,-8.031313121318817139e-02,-6.096769589930772781e-03,3.686377000808715820e+01
-4.247824102640151978e-02,-8.034480363130569458e-02,-6.171837449073791504e-03,3.686884713172912598e+01
-4.243976622819900513e-02,-8.036810904741287231e-02,-6.271337624639272690e-03,3.687367105484008789e+01
-4.239160940051078796e-02,-8.039730042219161987e-02,-6.390274036675691605e-03,3.687867403030395508e+01
-4.213535785675048828e-02,-8.015287667512893677e-02,-6.031695287674665451e-03,3.688374805450439453e+01
-4.209101572632789612e-02,-8.015119284391403198e-02,-6.026101298630237579e-03,3.688868999481201172e+01
-4.203857854008674622e-02,-8.015661686658859253e-02,-6.082951091229915619e-03,3.689390301704406738e+01
-4.198544099926948547e-02,-8.016166836023330688e-02,-6.137047894299030304e-03,3.689875817298889160e+01
-4.193178564310073853e-02,-8.016563206911087036e-02,-6.186895538121461868e-03,3.690371704101562500e+01
-4.186895117163658142e-02,-8.017505705356597900e-02,-6.120183970779180527e-03,3.690878415107727051e+01
-4.220780357718467712e-02,-8.018690347671508789e-02,-6.041035987436771393e-03,3.691376805305480957e+01
-4.216910898685455322e-02,-8.019059896469116211e-02,-5.951932631433010101e-03,3.691875004768371582e+01
-4.213076457381248474e-02,-8.020586520433425903e-02,-5.904804449528455734e-03,3.692369699478149414e+01
-4.208886250853538513e-02,-8.021479845046997070e-02,-5.805250257253646851e-03,3.692897915840148926e+01
-4.204542934894561768e-02,-8.022516220808029175e-02,-5.689939018338918686e-03,3.693370199203491211e+01
-4.199635237455368042e-02,-8.025389164686203003e-02,-5.674196872860193253e-03,3.693875503540039062e+01
-4.194612056016921997e-02,-8.028221130371093750e-02,-5.626220721751451492e-03,3.694370818138122559e+01
-4.217436909675598145e-02,-8.025110512971878052e-02,-6.031383760273456573e-03,3.694872403144836426e+01
-4.217554256319999695e-02,-8.027271926403045654e-02,-6.125653162598609924e-03,3.695374202728271484e+01
-4.216261580586433411e-02,-8.031153678894042969e-02,-6.222595460712909698e-03,3.695869612693786621e+01
-4.215241596102714539e-02,-8.035255223512649536e-02,-6.342643406242132187e-03,3.696385121345520020e+01
-4.216403886675834656e-02,-8.038431406021118164e-02,-6.375851575285196304e-03,3.696932101249694824e+01
-4.217560589313507080e-02,-8.042033761739730835e-02,-6.451022811233997345e-03,3.697396612167358398e+01
-4.236340522766113281e-02,-7.997047901153564453e-02,-5.382628180086612701e-03,3.697914004325866699e+01
-4.240608960390090942e-02,-7.994889467954635620e-02,-5.246073007583618164e-03,3.698430919647216797e+01
-4.245736077427864075e-02,-7.992449402809143066e-02,-5.116361193358898163e-03,3.698892307281494141e+01
-4.251672700047492981e-02,-7.989395409822463989e-02,-4.963029175996780396e-03,3.699403309822082520e+01
-4.258528351783752441e-02,-7.986088842153549194e-02,-4.789147060364484787e-03,3.699901103973388672e+01
-4.263755306601524353e-02,-7.985405623912811279e-02,-4.702684469521045685e-03,3.700408506393432617e+01
-4.270519688725471497e-02,-7.983026653528213501e-02,-4.560744855552911758e-03,3.700892901420593262e+01
-4.237571358680725098e-02,-7.996853440999984741e-02,-5.697463639080524445e-03,3.701391506195068359e+01
-4.239892587065696716e-02,-8.000197261571884155e-02,-5.748178809881210327e-03,3.701901006698608398e+01
-4.243372753262519836e-02,-8.002520352602005005e-02,-5.760703701525926590e-03,3.702390313148498535e+01
-4.246856272220611572e-02,-8.005589246749877930e-02,-5.783053580671548843e-03,3.702918505668640137e+01
-4.250232130289077759e-02,-8.009070158004760742e-02,-5.805911030620336533e-03,3.703402209281921387e+01
-4.253609851002693176e-02,-8.013291656970977783e-02,-5.842159036546945572e-03,3.703904509544372559e+01
-4.256948083639144897e-02,-8.018187433481216431e-02,-5.884791724383831024e-03,3.704405403137207031e+01
-4.208116978406906128e-02,-8.009355515241622925e-02,-5.424305796623229980e-03,3.704903602600097656e+01
-4.207401350140571594e-02,-8.011151850223541260e-02,-5.392394494265317917e-03,3.705401706695556641e+01
-4.206378757953643799e-02,-8.012598007917404175e-02,-5.348109640181064606e-03,3.705898404121398926e+01
-4.204213619232177734e-02,-8.012511581182479858e-02,-5.311270244419574738e-03,3.706410598754882812e+01
-4.201817512512207031e-02,-8.012469112873077393e-02,-5.263046827167272568e-03,3.706919312477111816e+01
-4.198839515447616577e-02,-8.011902868747711182e-02,-5.209819413721561432e-03,3.707402420043945312e+01
-4.197975248098373413e-02,-7.989659905433654785e-02,-5.416831467300653458e-03,3.707905912399291992e+01
-4.192202910780906677e-02,-7.989898324012756348e-02,-5.533923394978046417e-03,3.708419513702392578e+01
-4.186822474002838135e-02,-7.987941801548004150e-02,-5.578850395977497101e-03,3.708904719352722168e+01
-4.180615395307540894e-02,-7.986114174127578735e-02,-5.640400107949972153e-03,3.709427714347839355e+01
-4.175628721714019775e-02,-7.984021306037902832e-02,-5.746406968683004379e-03,3.709917306900024414e+01
-4.169455170631408691e-02,-7.981847226619720459e-02,-5.865662358701229095e-03,3.710410714149475098e+01
-4.162963479757308960e-02,-7.979530096054077148e-02,-6.008832249790430069e-03,3.710918116569519043e+01
-4.166256263852119446e-02,-7.993043959140777588e-02,-6.148033775389194489e-03,3.711414813995361328e+01
-4.160832613706588745e-02,-7.990457117557525635e-02,-6.360468454658985138e-03,3.711918401718139648e+01
-4.155116528272628784e-02,-7.987619936466217041e-02,-6.600955966860055923e-03,3.712417221069335938e+01
-4.147486388683319092e-02,-8.001558482646942139e-02,-6.354581564664840698e-03,3.712945199012756348e+01
-4.140480607748031616e-02,-8.004626631736755371e-02,-6.460151635110378265e-03,3.713414216041564941e+01
-4.133050143718719482e-02,-8.009012788534164429e-02,-6.555420346558094025e-03,3.713918399810791016e+01
-4.123650863766670227e-02,-8.013348281383514404e-02,-6.601655390113592148e-03,3.714431214332580566e+01
-4.163572564721107483e-02,-8.043465018272399902e-02,-6.332298275083303452e-03,3.714918398857116699e+01
-4.156950488686561584e-02,-8.051541447639465332e-02,-6.291261408478021622e-03,3.715428304672241211e+01
-4.149534925818443298e-02,-8.060315996408462524e-02,-6.226632278412580490e-03,3.715935707092285156e+01
-4.153544455766677856e-02,-8.063867688179016113e-02,-6.220969837158918381e-03,3.716432213783264160e+01
-4.151349142193794250e-02,-8.070833981037139893e-02,-6.145681254565715790e-03,3.716932106018066406e+01
-4.149993881583213806e-02,-8.077638596296310425e-02,-6.053047720342874527e-03,3.717426609992980957e+01
-4.199048504233360291e-02,-8.024935424327850342e-02,-6.131730973720550537e-03,3.717932009696960449e+01
-4.207965359091758728e-02,-8.023798465728759766e-02,-6.070175673812627792e-03,3.718432021141052246e+01
-4.218446835875511169e-02,-8.021865040063858032e-02,-6.004414055496454239e-03,3.718935203552246094e+01
-4.225717112421989441e-02,-8.022970706224441528e-02,-6.041719578206539154e-03,3.719440412521362305e+01
-4.236347973346710205e-02,-8.021818846464157104e-02,-6.034826859831809998e-03,3.719945406913757324e+01
-4.247753694653511047e-02,-8.020497113466262817e-02,-6.039955187588930130e-03,3.720422315597534180e+01
-4.256578534841537476e-02,-8.021006733179092407e-02,-6.100055761635303497e-03,3.720937514305114746e+01
-4.165619611740112305e-02,-8.006431162357330322e-02,-5.925460252910852432e-03,3.721427702903747559e+01
-4.168051108717918396e-02,-8.007104694843292236e-02,-6.040397565811872482e-03,3.721935009956359863e+01
-4.174783080816268921e-02,-8.008899539709091187e-02,-6.058852653950452805e-03,3.722430801391601562e+01
-4.179777204990386963e-02,-8.010964095592498779e-02,-6.151712965220212936e-03,3.722956705093383789e+01
-4.185388982295989990e-02,-8.013545721769332886e-02,-6.252761930227279663e-03,3.723441100120544434e+01
-4.190861433744430542e-02,-8.016087114810943604e-02,-6.272377911955118179e-03,3.723956799507141113e+01
-4.197097942233085632e-02,-8.019326627254486084e-02,-6.309172138571739197e-03,3.724437308311462402e+01
-4.147294163703918457e-02,-8.033068478107452393e-02,-5.939295981079339981e-03,3.724945402145385742e+01
-4.152017831802368164e-02,-8.037728071212768555e-02,-5.867797415703535080e-03,3.725439810752868652e+01
-4.152685031294822693e-02,-8.035267889499664307e-02,-5.822768434882164001e-03,3.725956416130065918e+01
-4.155734926462173462e-02,-8.036561310291290283e-02,-5.735254846513271332e-03,3.726450800895690918e+01
-4.158564284443855286e-02,-8.037200570106506348e-02,-5.632741842418909073e-03,3.726929116249084473e+01
-4.162263125181198120e-02,-8.040560036897659302e-02,-5.599820055067539215e-03,3.727429103851318359e+01
-4.119507968425750732e-02,-8.022995293140411377e-02,-6.098087877035140991e-03,3.727952718734741211e+01
-4.120576381683349609e-02,-8.024621754884719849e-02,-6.125201005488634109e-03,3.728455400466918945e+01
-4.119557514786720276e-02,-8.026845753192901611e-02,-6.164950784295797348e-03,3.728922820091247559e+01
-4.119416698813438416e-02,-8.029282093048095703e-02,-6.213994696736335754e-03,3.729461312294006348e+01
-4.118963703513145447e-02,-8.032093197107315063e-02,-6.274331361055374146e-03,3.729964208602905273e+01
-4.119937494397163391e-02,-8.036489039659500122e-02,-6.317654624581336975e-03,3.730435013771057129e+01
-4.120360314846038818e-02,-8.041026443243026733e-02,-6.374031305313110352e-03,3.730945801734924316e+01
-4.118448495864868164e-02,-8.036914467811584473e-02,-6.037997081875801086e-03,3.731446409225463867e+01
-4.118749499320983887e-02,-8.039487898349761963e-02,-6.013874895870685577e-03,3.731956505775451660e+01
-4.119636118412017822e-02,-8.043695986270904541e-02,-6.000116001814603806e-03,3.732459807395935059e+01
-4.120508953928947449e-02,-8.048075437545776367e-02,-5.977828055620193481e-03,3.732968306541442871e+01
-4.121375828981399536e-02,-8.052653819322586060e-02,-5.945392418652772903e-03,3.733449506759643555e+01
-4.122735187411308289e-02,-8.056325465440750122e-02,-5.863810889422893524e-03,3.733946514129638672e+01
-4.163384437561035156e-02,-8.033549040555953979e-02,-5.702094174921512604e-03,3.734452509880065918e+01
-4.168011620640754700e-02,-8.034568279981613159e-02,-5.582234822213649750e-03,3.734952807426452637e+01
-4.171577095985412598e-02,-8.035714179277420044e-02,-5.448201205581426620e-03,3.735448002815246582e+01
-4.175693541765213013e-02,-8.036851882934570312e-02,-5.296314135193824768e-03,3.735968613624572754e+01
-4.179725795984268188e-02,-8.038051426410675049e-02,-5.127826705574989319e-03,3.736452102661132812e+01
-4.182137176394462585e-02,-8.040416240692138672e-02,-4.982793703675270081e-03,3.736952400207519531e+01
-4.184662178158760071e-02,-8.042579144239425659e-02,-4.813896957784891129e-03,3.737456321716308594e+01
-4.175554960966110229e-02,-8.029334247112274170e-02,-4.971838090568780899e-03,3.737968611717224121e+01
-4.175750166177749634e-02,-8.030815422534942627e-02,-4.862281959503889084e-03,3.738462519645690918e+01
-4.175785556435585022e-02,-8.032441884279251099e-02,-4.732805769890546799e-03,3.738957810401916504e+01
-4.175104945898056030e-02,-8.034377545118331909e-02,-4.606048576533794403e-03,3.739482808113098145e+01
-4.173657298088073730e-02,-8.034685254096984863e-02,-4.504755139350891113e-03,3.739960122108459473e+01
-4.171524569392204285e-02,-8.035581558942794800e-02,-4.398950375616550446e-03,3.740457320213317871e+01
-4.168683290481567383e-02,-8.036264777183532715e-02,-4.299252294003963470e-03,3.740961098670959473e+01
-4.126005247235298157e-02,-8.013184368610382080e-02,-3.790893359109759331e-03,3.741458606719970703e+01
-4.124585539102554321e-02,-8.011286705732345581e-02,-3.702146699652075768e-03,3.741984200477600098e+01
-4.120206832885742188e-02,-8.009282499551773071e-02,-3.610260784626007080e-03,3.742468619346618652e+01
-4.115856066346168518e-02,-8.007320761680603027e-02,-3.527159802615642548e-03,3.742991304397583008e+01
-4.112915694713592529e-02,-8.006325364112854004e-02,-3.453368088230490685e-03,3.743464016914367676e+01
-4.109805077314376831e-02,-8.004843443632125854e-02,-3.389769000932574272e-03,3.743977022171020508e+01
-4.112743586301803589e-02,-7.994857430458068848e-02,-3.225595923140645027e-03,3.744470214843750000e+01
-4.110815748572349548e-02,-7.993361353874206543e-02,-3.150152973830699921e-03,3.744980716705322266e+01
-4.109740629792213440e-02,-7.991546392440795898e-02,-3.087593242526054382e-03,3.745469617843627930e+01
-4.108823835849761963e-02,-7.989941537380218506e-02,-3.032744396477937698e-03,3.745988702774047852e+01
-4.109210520982742310e-02,-7.989042997360229492e-02,-2.998875686898827553e-03,3.746476006507873535e+01
-4.109608009457588196e-02,-7.988056540489196777e-02,-2.969092456623911858e-03,3.746977210044860840e+01
-4.110510274767875671e-02,-7.987244427204132080e-02,-2.947392640635371208e-03,3.747474908828735352e+01
-4.103304073214530945e-02,-7.993374764919281006e-02,-2.728709019720554352e-03,3.747970604896545410e+01
-4.103596508502960205e-02,-7.992354035377502441e-02,-2.689368091523647308e-03,3.748486804962158203e+01
-4.103959724307060242e-02,-7.991404086351394653e-02,-2.652340568602085114e-03,3.748980116844177246e+01
-4.103134945034980774e-02,-7.990830391645431519e-02,-2.576231956481933594e-03,3.749511313438415527e+01
-4.102611914277076721e-02,-7.990060001611709595e-02,-2.508521545678377151e-03,3.749990105628967285e+01
-4.101784527301788330e-02,-7.989440113306045532e-02,-2.431247849017381668e-03,3.750484704971313477e+01
-4.100626707077026367e-02,-7.988921552896499634e-02,-2.345366170629858971e-03,3.750989198684692383e+01
-4.087541624903678894e-02,-7.993285357952117920e-02,-2.179733477532863617e-03,3.751487708091735840e+01
-4.085911810398101807e-02,-7.992704212665557861e-02,-2.075793221592903137e-03,3.751990914344787598e+01
-4.084169492125511169e-02,-7.991772890090942383e-02,-1.969859004020690918e-03,3.752487015724182129e+01
-4.085146635770797729e-02,-7.990261912345886230e-02,-2.184496261179447174e-03,3.753001904487609863e+01
-4.085125401616096497e-02,-7.990249991416931152e-02,-2.257184125483036041e-03,3.753487110137939453e+01
-4.085619375109672546e-02,-7.990599423646926880e-02,-2.369440626353025436e-03,3.753990101814270020e+01
-4.082680493593215942e-02,-7.991763204336166382e-02,-2.430865541100502014e-03,3.754494118690490723e+01
-4.084623977541923523e-02,-8.000489324331283569e-02,-3.303861711174249649e-03,3.754990315437316895e+01
-4.081179574131965637e-02,-8.001148700714111328e-02,-3.537355223670601845e-03,3.755497503280639648e+01
-4.086234048008918762e-02,-8.001093566417694092e-02,-3.583005862310528755e-03,3.756021118164062500e+01
-4.087352752685546875e-02,-8.001108467578887939e-02,-3.739281091839075089e-03,3.756500315666198730e+01
-4.089436307549476624e-02,-8.000991493463516235e-02,-3.887749277055263519e-03,3.756989002227783203e+01
-4.087167605757713318e-02,-8.001596480607986450e-02,-3.944884054362773895e-03,3.757488512992858887e+01
-4.088709875941276550e-02,-8.011723309755325317e-02,-3.067379118874669075e-03,3.758008503913879395e+01
-4.087457060813903809e-02,-8.012813329696655273e-02,-2.975185401737689972e-03,3.758498620986938477e+01
-4.085686057806015015e-02,-8.013915270566940308e-02,-2.845668932422995567e-03,3.759004020690917969e+01
-4.085449874401092529e-02,-8.015632629394531250e-02,-2.810924546793103218e-03,3.759511613845825195e+01
-4.083758220076560974e-02,-8.017183095216751099e-02,-2.684980863705277443e-03,3.760006213188171387e+01
-4.081782326102256775e-02,-8.018820732831954956e-02,-2.543678972870111465e-03,3.760492205619812012e+01
-4.080772027373313904e-02,-8.021433651447296143e-02,-2.447061473503708839e-03,3.760992598533630371e+01
-4.083620384335517883e-02,-8.032629638910293579e-02,-3.306529717519879341e-03,3.761499810218811035e+01
-4.083485156297683716e-02,-8.036641031503677368e-02,-3.264898201450705528e-03,3.762007713317871094e+01
-4.081756249070167542e-02,-8.040131628513336182e-02,-3.270017215982079506e-03,3.762502002716064453e+01
-4.080814495682716370e-02,-8.044332265853881836e-02,-3.252264577895402908e-03,3.763030004501342773e+01
-4.079712182283401489e-02,-8.048844337463378906e-02,-3.239781362935900688e-03,3.763509702682495117e+01
-4.080674052238464355e-02,-8.052673935890197754e-02,-3.253920702263712883e-03,3.764005517959594727e+01
-4.082975536584854126e-02,-8.025404065847396851e-02,-3.111760364845395088e-03,3.764504408836364746e+01
-4.084499925374984741e-02,-8.026317507028579712e-02,-3.136792220175266266e-03,3.765016913414001465e+01
-4.083332419395446777e-02,-8.027775585651397705e-02,-3.145205555483698845e-03,3.765508413314819336e+01
-4.083678498864173889e-02,-8.028806746006011963e-02,-3.171536605805158615e-03,3.766035103797912598e+01
-4.083912819623947144e-02,-8.029584586620330811e-02,-3.200075356289744377e-03,3.766512608528137207e+01
-4.084030911326408386e-02,-8.030109107494354248e-02,-3.230052301660180092e-03,3.767007613182067871e+01
-4.083501547574996948e-02,-8.032263070344924927e-02,-3.280882956460118294e-03,3.767502212524414062e+01
-4.081845283508300781e-02,-8.025102317333221436e-02,-3.133522346615791321e-03,3.768021202087402344e+01
-4.080745950341224670e-02,-8.025397360324859619e-02,-3.161592874675989151e-03,3.768511605262756348e+01
-4.078982025384902954e-02,-8.026273548603057861e-02,-3.206145716831088066e-03,3.769016408920288086e+01
-4.077122360467910767e-02,-8.027274161577224731e-02,-3.251464338973164558e-03,3.769532108306884766e+01
-4.075029864907264709e-02,-8.028604090213775635e-02,-3.303523641079664230e-03,3.770024299621582031e+01
-4.072472825646400452e-02,-8.030431717634201050e-02,-3.342570038512349129e-03,3.770506000518798828e+01
-4.069702699780464172e-02,-8.032280951738357544e-02,-3.390247002243995667e-03,3.771013402938842773e+01
-4.072676599025726318e-02,-8.038370311260223389e-02,-3.404510905966162682e-03,3.771528720855712891e+01
-4.074022173881530762e-02,-8.039636909961700439e-02,-3.386871889233589172e-03,3.772029209136962891e+01
-4.073458909988403320e-02,-8.041087538003921509e-02,-3.391973907127976418e-03,3.772520208358764648e+01
-4.073334485292434692e-02,-8.042640239000320435e-02,-3.388672368600964546e-03,3.773035812377929688e+01
-4.073205217719078064e-02,-8.044543117284774780e-02,-3.365420503541827202e-03,3.773522400856018066e+01
-4.073578491806983948e-02,-8.046449720859527588e-02,-3.335050074383616447e-03,3.774033713340759277e+01
-4.087557643651962280e-02,-8.048181235790252686e-02,-3.274542512372136116e-03,3.774524903297424316e+01
-4.088797047734260559e-02,-8.050577342510223389e-02,-3.254567738622426987e-03,3.775035119056701660e+01
-4.090686887502670288e-02,-8.053050935268402100e-02,-3.205331508070230484e-03,3.775522613525390625e+01
-4.092692583799362183e-02,-8.055805414915084839e-02,-3.154739271849393845e-03,3.776050901412963867e+01
-4.094814881682395935e-02,-8.058699220418930054e-02,-3.100534901022911072e-03,3.776533818244934082e+01
-4.094813391566276550e-02,-8.061613142490386963e-02,-3.088074503466486931e-03,3.777034401893615723e+01
-4.095646366477012634e-02,-8.064858615398406982e-02,-3.061194205656647682e-03,3.777521610260009766e+01
-4.075671359896659851e-02,-8.048523217439651489e-02,-3.338760696351528168e-03,3.778039813041687012e+01
-4.073930159211158752e-02,-8.050229400396347046e-02,-3.382460214197635651e-03,3.778530621528625488e+01
-4.071940854191780090e-02,-8.051879703998565674e-02,-3.413825761526823044e-03,3.779036211967468262e+01
-4.069646075367927551e-02,-8.053471148014068604e-02,-3.451486583799123764e-03,3.779555010795593262e+01
-4.068452119827270508e-02,-8.054868876934051514e-02,-3.488295013085007668e-03,3.780040311813354492e+01
-4.066734388470649719e-02,-8.056452870368957520e-02,-3.538548015058040619e-03,3.780525803565979004e+01
-4.065069183707237244e-02,-8.058072626590728760e-02,-3.598339855670928955e-03,3.781035614013671875e+01
-4.076331108808517456e-02,-8.050924539566040039e-02,-3.509233240038156509e-03,3.781533813476562500e+01
-4.075964167714118958e-02,-8.052607625722885132e-02,-3.568450687453150749e-03,3.782038402557373047e+01
-4.075640439987182617e-02,-8.054590225219726562e-02,-3.633210202679038048e-03,3.782533907890319824e+01
-4.075844958424568176e-02,-8.057201653718948364e-02,-3.676014486700296402e-03,3.783048510551452637e+01
-4.075995460152626038e-02,-8.059754967689514160e-02,-3.728009294718503952e-03,3.783541917800903320e+01
-4.076308384537696838e-02,-8.062522113323211670e-02,-3.778228070586919785e-03,3.784041404724121094e+01
-4.078709334135055542e-02,-8.057270944118499756e-02,-3.522690618410706520e-03,3.784534907341003418e+01
-4.078809916973114014e-02,-8.057994395494461060e-02,-3.494977718219161034e-03,3.785054111480712891e+01
-4.079438000917434692e-02,-8.059532940387725830e-02,-3.483674256131052971e-03,3.785541510581970215e+01
-4.080075398087501526e-02,-8.061167597770690918e-02,-3.467423608526587486e-03,3.786061310768127441e+01
-4.080241918563842773e-02,-8.063041418790817261e-02,-3.447343595325946808e-03,3.786544704437255859e+01
-4.080545529723167419e-02,-8.064933121204376221e-02,-3.419916145503520966e-03,3.787057209014892578e+01
-4.080752655863761902e-02,-8.066818118095397949e-02,-3.386144293472170830e-03,3.787549018859863281e+01
-4.076518490910530090e-02,-8.063813298940658569e-02,-3.440698841586709023e-03,3.788051509857177734e+01
-4.075974971055984497e-02,-8.066064864397048950e-02,-3.405813360586762428e-03,3.788546514511108398e+01
-4.075331240892410278e-02,-8.068495988845825195e-02,-3.364643547683954239e-03,3.789048814773559570e+01
-4.076485335826873779e-02,-8.070863038301467896e-02,-3.442865796387195587e-03,3.789571499824523926e+01
-4.076331481337547302e-02,-8.072878420352935791e-02,-3.440800122916698456e-03,3.790060019493103027e+01
-4.076195135712623596e-02,-8.074788004159927368e-02,-3.445407608523964882e-03,3.790544700622558594e+01
-4.075831919908523560e-02,-8.076206594705581665e-02,-3.469088580459356308e-03,3.791055703163146973e+01
-4.073502495884895325e-02,-8.063650131225585938e-02,-3.522115061059594154e-03,3.791551208496093750e+01
-4.073160886764526367e-02,-8.065368980169296265e-02,-3.547441214323043823e-03,3.792068004608154297e+01
-4.072830453515052795e-02,-8.067260682582855225e-02,-3.573419060558080673e-03,3.792593121528625488e+01
-4.072456061840057373e-02,-8.069220930337905884e-02,-3.611595369875431061e-03,3.793082404136657715e+01
-4.072052612900733948e-02,-8.071368187665939331e-02,-3.659507259726524353e-03,3.793556308746337891e+01
-4.071629419922828674e-02,-8.073790371417999268e-02,-3.716375445947051048e-03,3.794068002700805664e+01
-4.073492065072059631e-02,-8.064925670623779297e-02,-3.641862655058503151e-03,3.794557213783264160e+01
-4.073259234428405762e-02,-8.066765218973159790e-02,-3.686376847326755524e-03,3.795068502426147461e+01
-4.073026403784751892e-02,-8.068837970495223999e-02,-3.735342761501669884e-03,3.795577716827392578e+01
-4.072405770421028137e-02,-8.071240037679672241e-02,-3.750907024368643761e-03,3.796093320846557617e+01
-4.071938991546630859e-02,-8.073621243238449097e-02,-3.782573854550719261e-03,3.796569514274597168e+01
-4.071409627795219421e-02,-8.076188713312149048e-02,-3.810947760939598083e-03,3.797067403793334961e+01
-4.071030020713806152e-02,-8.078550547361373901e-02,-3.823812818154692650e-03,3.797566413879394531e+01
-4.074233397841453552e-02,-8.065880089998245239e-02,-3.612299449741840363e-03,3.798078298568725586e+01
-4.074155911803245544e-02,-8.067307621240615845e-02,-3.602001350373029709e-03,3.798575806617736816e+01
-4.074290394783020020e-02,-8.069259673357009888e-02,-3.594631096348166466e-03,3.799078607559204102e+01
-4.074338078498840332e-02,-8.071174472570419312e-02,-3.578229108825325966e-03,3.799587106704711914e+01
-4.074421152472496033e-02,-8.073328435420989990e-02,-3.556560026481747627e-03,3.800078415870666504e+01
-4.074484482407569885e-02,-8.075658231973648071e-02,-3.540626727044582367e-03,3.800574612617492676e+01
-4.074581339955329895e-02,-8.078134804964065552e-02,-3.520945087075233459e-03,3.801078414916992188e+01
-4.070350155234336853e-02,-8.070746064186096191e-02,-3.715065307915210724e-03,3.801577305793762207e+01
-4.070233553647994995e-02,-8.072692155838012695e-02,-3.722990863025188446e-03,3.802078318595886230e+01
-4.070084542036056519e-02,-8.074188232421875000e-02,-3.737953258678317070e-03,3.802586221694946289e+01
-4.069975018501281738e-02,-8.076234906911849976e-02,-3.753562225028872490e-03,3.803090906143188477e+01
-4.069880396127700806e-02,-8.078582584857940674e-02,-3.772710449993610382e-03,3.803571915626525879e+01
-4.069608077406883240e-02,-8.081677556037902832e-02,-3.802102291956543922e-03,3.804082918167114258e+01
-4.069130495190620422e-02,-8.065478503704071045e-02,-3.625817829743027687e-03,3.804587411880493164e+01
-4.068752378225326538e-02,-8.065950125455856323e-02,-3.640670329332351685e-03,3.805081200599670410e+01
-4.068328440189361572e-02,-8.066645264625549316e-02,-3.660556627437472343e-03,3.805586409568786621e+01
-4.067852348089218140e-02,-8.067471534013748169e-02,-3.683621296659111977e-03,3.806103301048278809e+01
-4.067319259047508240e-02,-8.068501204252243042e-02,-3.711963305249810219e-03,3.806586813926696777e+01
-4.066765680909156799e-02,-8.070096373558044434e-02,-3.741648280993103981e-03,3.807091999053955078e+01
-4.066155105829238892e-02,-8.071577548980712891e-02,-3.774138167500495911e-03,3.807587218284606934e+01
-4.069313406944274902e-02,-8.067855983972549438e-02,-3.708304138854146004e-03,3.808087110519409180e+01
-4.069821909070014954e-02,-8.068536221981048584e-02,-3.716992214322090149e-03,3.808579421043395996e+01
-4.070072248578071594e-02,-8.069622516632080078e-02,-3.733024001121520996e-03,3.809091210365295410e+01
-4.070285707712173462e-02,-8.070699125528335571e-02,-3.750189673155546188e-03,3.809619808197021484e+01
-4.070539399981498718e-02,-8.071862906217575073e-02,-3.768700873479247093e-03,3.810105109214782715e+01
-4.070777818560600281e-02,-8.073219656944274902e-02,-3.760797670111060143e-03,3.810594511032104492e+01
-4.067138582468032837e-02,-8.069900423288345337e-02,-3.639983246102929115e-03,3.811093020439147949e+01
-4.067622125148773193e-02,-8.071453124284744263e-02,-3.621213370934128761e-03,3.811607313156127930e+01
-4.067852348089218140e-02,-8.074399083852767944e-02,-3.604318946599960327e-03,3.812104821205139160e+01
-4.068175330758094788e-02,-8.076489716768264771e-02,-3.583968151360750198e-03,3.812606501579284668e+01
-4.068446159362792969e-02,-8.078656345605850220e-02,-3.562549827620387077e-03,3.813103699684143066e+01
-4.068735614418983459e-02,-8.079864829778671265e-02,-3.551514819264411926e-03,3.813607907295227051e+01
-4.068979248404502869e-02,-8.081635832786560059e-02,-3.535687923431396484e-03,3.814105916023254395e+01
-4.063357040286064148e-02,-8.074059337377548218e-02,-3.696887753903865814e-03,3.814602708816528320e+01
-4.063123464584350586e-02,-8.075458556413650513e-02,-3.705912036821246147e-03,3.815103411674499512e+01
-4.063015431165695190e-02,-8.076680451631546021e-02,-3.708646865561604500e-03,3.815606117248535156e+01
-4.062874242663383484e-02,-8.077961206436157227e-02,-3.712607547640800476e-03,3.816115021705627441e+01
-4.062696546316146851e-02,-8.079243451356887817e-02,-3.717794083058834076e-03,3.816667699813842773e+01
-4.062475636601448059e-02,-8.080679178237915039e-02,-3.726392285898327827e-03,3.817105221748352051e+01
-4.062194377183914185e-02,-8.082120120525360107e-02,-3.739512059837579727e-03,3.817603015899658203e+01
-4.060252755880355835e-02,-8.074395358562469482e-02,-3.690489567816257477e-03,3.818131804466247559e+01
-4.059867560863494873e-02,-8.075494319200515747e-02,-3.695549443364143372e-03,3.818671798706054688e+01
-4.059522971510887146e-02,-8.076406270265579224e-02,-3.697821637615561485e-03,3.819122099876403809e+01
-4.059189185500144958e-02,-8.077041804790496826e-02,-3.699938999488949776e-03,3.819692420959472656e+01
-4.058827832341194153e-02,-8.078758418560028076e-02,-3.714144695550203323e-03,3.820113420486450195e+01
-4.058370739221572876e-02,-8.079817146062850952e-02,-3.732349723577499390e-03,3.820622801780700684e+01
-4.057820513844490051e-02,-8.081262558698654175e-02,-3.757036523893475533e-03,3.821120905876159668e+01
-4.057687520980834961e-02,-8.077721297740936279e-02,-3.726981347426772118e-03,3.821627211570739746e+01
-4.057502746582031250e-02,-8.078623563051223755e-02,-3.733414458110928535e-03,3.822121810913085938e+01
-4.057315737009048462e-02,-8.079555630683898926e-02,-3.741582855582237244e-03,3.822631216049194336e+01
-4.057075083255767822e-02,-8.081402629613876343e-02,-3.738811472430825233e-03,3.823121213912963867e+01
-4.056871309876441956e-02,-8.083207160234451294e-02,-3.740137908607721329e-03,3.823613619804382324e+01
-4.056630656123161316e-02,-8.085173368453979492e-02,-3.741039196029305458e-03,3.824121499061584473e+01
-4.054041206836700439e-02,-8.086545765399932861e-02,-3.719187108799815178e-03,3.824625015258789062e+01
-4.054527357220649719e-02,-8.087803423404693604e-02,-3.705378156155347824e-03,3.825134706497192383e+01
-4.055178165435791016e-02,-8.089348673820495605e-02,-3.693172242492437363e-03,3.825672101974487305e+01
-4.054691269993782043e-02,-8.093654364347457886e-02,-3.695476567372679710e-03,3.826145315170288086e+01
-4.054717347025871277e-02,-8.096732944250106812e-02,-3.695272607728838921e-03,3.826628017425537109e+01
-4.054568707942962646e-02,-8.100354671478271484e-02,-3.695033257827162743e-03,3.827134704589843750e+01
-4.054264724254608154e-02,-8.104467391967773438e-02,-3.696007421240210533e-03,3.827667403221130371e+01
-4.054535180330276489e-02,-8.083646744489669800e-02,-3.666411386802792549e-03,3.828134012222290039e+01
-4.054232686758041382e-02,-8.085172623395919800e-02,-3.669713856652379036e-03,3.828631210327148438e+01
-4.053910821676254272e-02,-8.086898177862167358e-02,-3.674289677292108536e-03,3.829131913185119629e+01
-4.053451865911483765e-02,-8.088698238134384155e-02,-3.704036818817257881e-03,3.829655408859252930e+01
-4.053054749965667725e-02,-8.090804517269134521e-02,-3.723715431988239288e-03,3.830124020576477051e+01
-4.052660614252090454e-02,-8.093363791704177856e-02,-3.743709763512015343e-03,3.830629801750183105e+01
-4.053932428359985352e-02,-8.075629174709320068e-02,-3.547377884387969971e-03,3.831121110916137695e+01
-4.052593186497688293e-02,-8.076335489749908447e-02,-3.561698365956544876e-03,3.831672620773315430e+01
-4.050954058766365051e-02,-8.077014237642288208e-02,-3.578229341655969620e-03,3.832142806053161621e+01
-4.052021354436874390e-02,-8.078367263078689575e-02,-3.588521387428045273e-03,3.832709598541259766e+01
-4.051755741238594055e-02,-8.079559355974197388e-02,-3.604431869462132454e-03,3.833143711090087891e+01
-4.051732644438743591e-02,-8.080852031707763672e-02,-3.622372634708881378e-03,3.833677005767822266e+01
-4.050093889236450195e-02,-8.082342147827148438e-02,-3.641065442934632301e-03,3.834126806259155273e+01
-4.055256396532058716e-02,-8.069437742233276367e-02,-3.543029073625802994e-03,3.834691619873046875e+01
-4.054184257984161377e-02,-8.070645481348037720e-02,-3.546145046129822731e-03,3.835139918327331543e+01
-4.052838310599327087e-02,-8.071913570165634155e-02,-3.548473352566361427e-03,3.835704421997070312e+01
-4.055694118142127991e-02,-8.073262125253677368e-02,-3.559855045750737190e-03,3.836164116859436035e+01
-4.056328535079956055e-02,-8.074847608804702759e-02,-3.565061837434768677e-03,3.836670303344726562e+01
-4.057350382208824158e-02,-8.076475560665130615e-02,-3.569873282685875893e-03,3.837139320373535156e+01
-4.058466106653213501e-02,-8.077941089868545532e-02,-3.564988728612661362e-03,3.837657809257507324e+01
-4.062683135271072388e-02,-8.057798445224761963e-02,-3.425488248467445374e-03,3.838130998611450195e+01
-4.064869508147239685e-02,-8.059577643871307373e-02,-3.420221386477351189e-03,3.838715100288391113e+01
-4.067302495241165161e-02,-8.062528073787689209e-02,-3.422025125473737717e-03,3.839140605926513672e+01
-4.069926589727401733e-02,-8.065047860145568848e-02,-3.422373672947287560e-03,3.839681410789489746e+01
-4.072775691747665405e-02,-8.067968487739562988e-02,-3.426067763939499855e-03,3.840159511566162109e+01
-4.076255112886428833e-02,-8.069813996553421021e-02,-3.451877273619174957e-03,3.840720319747924805e+01
-4.069745540618896484e-02,-8.054962009191513062e-02,-3.423757152631878853e-03,3.841143918037414551e+01
-4.073186218738555908e-02,-8.054883033037185669e-02,-3.438990330323576927e-03,3.841707921028137207e+01
-4.069583117961883545e-02,-8.056700229644775391e-02,-3.462662221863865852e-03,3.842140722274780273e+01
-4.068822786211967468e-02,-8.057694137096405029e-02,-3.486774396151304245e-03,3.842686820030212402e+01
-4.067050665616989136e-02,-8.058947324752807617e-02,-3.513387404382228851e-03,3.843165612220764160e+01
-4.064309969544410706e-02,-8.060740679502487183e-02,-3.536114003509283066e-03,3.843685007095336914e+01
-4.060538485646247864e-02,-8.062652498483657837e-02,-3.565017599612474442e-03,3.844153404235839844e+01
-4.044810682535171509e-02,-8.056292682886123657e-02,-3.459746716544032097e-03,3.844723510742187500e+01
-4.037721455097198486e-02,-8.058303594589233398e-02,-3.496892983093857765e-03,3.845161104202270508e+01
-4.036833718419075012e-02,-8.059558272361755371e-02,-3.481810446828603745e-03,3.845690703392028809e+01
-4.031986370682716370e-02,-8.061532676219940186e-02,-3.491445910185575485e-03,3.846175599098205566e+01
-4.027230665087699890e-02,-8.063742518424987793e-02,-3.494187025353312492e-03,3.846688914299011230e+01
-4.024304449558258057e-02,-8.065994828939437866e-02,-3.474727040156722069e-03,3.847165322303771973e+01
-4.021137952804565430e-02,-8.068309724330902100e-02,-3.452466335147619247e-03,3.847679615020751953e+01
-4.057031124830245972e-02,-8.056353032588958740e-02,-3.340692725032567978e-03,3.848166012763977051e+01
-4.061637446284294128e-02,-8.058201521635055542e-02,-3.346971934661269188e-03,3.848688507080078125e+01
-4.065666720271110535e-02,-8.059527724981307983e-02,-3.324016463011503220e-03,3.849162507057189941e+01
-4.070762544870376587e-02,-8.060950785875320435e-02,-3.301632823422551155e-03,3.849677705764770508e+01
-4.073706269264221191e-02,-8.061740547418594360e-02,-3.301667282357811928e-03,3.850166416168212891e+01
-4.078201577067375183e-02,-8.063013851642608643e-02,-3.299076342955231667e-03,3.850689411163330078e+01
-4.075947776436805725e-02,-8.028171211481094360e-02,-3.209516638889908791e-03,3.851160621643066406e+01
-4.071619361639022827e-02,-8.028881996870040894e-02,-3.207445843145251274e-03,3.851675009727478027e+01
-4.069248214364051819e-02,-8.028934150934219360e-02,-3.215599339455366135e-03,3.852180600166320801e+01
-4.066010192036628723e-02,-8.029123395681381226e-02,-3.227573353797197342e-03,3.852694916725158691e+01
-4.061921685934066772e-02,-8.029582351446151733e-02,-3.246210515499114990e-03,3.853196907043457031e+01
-4.059069603681564331e-02,-8.030248433351516724e-02,-3.254453418776392937e-03,3.853698801994323730e+01
-4.054665192961692810e-02,-8.031181991100311279e-02,-3.275575581938028336e-03,3.854169106483459473e+01
-4.085161909461021423e-02,-8.013145625591278076e-02,-3.218814963474869728e-03,3.854706215858459473e+01
-4.083913564682006836e-02,-8.013877272605895996e-02,-3.242459148168563843e-03,3.855176615715026855e+01
-4.081299901008605957e-02,-8.014927804470062256e-02,-3.272348083555698395e-03,3.855699205398559570e+01
-4.078535363078117371e-02,-8.016001433134078979e-02,-3.306351602077484131e-03,3.856192421913146973e+01
-4.077179729938507080e-02,-8.017218858003616333e-02,-3.339923918247222900e-03,3.856694722175598145e+01
-4.075448960065841675e-02,-8.018564432859420776e-02,-3.375422442331910133e-03,3.857183098793029785e+01
-4.083745181560516357e-02,-8.019638806581497192e-02,-3.130052471533417702e-03,3.857688999176025391e+01
-4.084490612149238586e-02,-8.020381629467010498e-02,-3.134936792775988579e-03,3.858181118965148926e+01
-4.085481166839599609e-02,-8.021713048219680786e-02,-3.139132633805274963e-03,3.858700108528137207e+01
-4.086843132972717285e-02,-8.023085445165634155e-02,-3.141483291983604431e-03,3.859182715415954590e+01
-4.088127985596656799e-02,-8.024726063013076782e-02,-3.132551210001111031e-03,3.859693121910095215e+01
-4.089836031198501587e-02,-8.026369661092758179e-02,-3.125038696452975273e-03,3.860194802284240723e+01
-4.091777279973030090e-02,-8.028133213520050049e-02,-3.113084239885210991e-03,3.860690617561340332e+01
-4.103792458772659302e-02,-8.000887930393218994e-02,-3.174302866682410240e-03,3.861187911033630371e+01
-4.105262458324432373e-02,-8.003263175487518311e-02,-3.145767608657479286e-03,3.861708998680114746e+01
-4.107469320297241211e-02,-8.004909753799438477e-02,-3.125409828498959541e-03,3.862194705009460449e+01
-4.109715670347213745e-02,-8.006655424833297729e-02,-3.100457601249217987e-03,3.862715506553649902e+01
-4.110022634267807007e-02,-8.008351922035217285e-02,-3.089823294430971146e-03,3.863208603858947754e+01
-4.110664874315261841e-02,-8.010318130254745483e-02,-3.069868544116616249e-03,3.863705301284790039e+01
-4.110796749591827393e-02,-8.012400567531585693e-02,-3.048790385946631432e-03,3.864216303825378418e+01
-4.103103280067443848e-02,-7.977548241615295410e-02,-3.005096456035971642e-03,3.864701604843139648e+01
-4.101761803030967712e-02,-7.978805154561996460e-02,-3.018666524440050125e-03,3.865205621719360352e+01
-4.100209102034568787e-02,-7.980152964591979980e-02,-3.038251539692282677e-03,3.865722703933715820e+01
-4.100116714835166931e-02,-7.981649041175842285e-02,-3.056794172152876854e-03,3.866213798522949219e+01
-4.099251329898834229e-02,-7.983319461345672607e-02,-3.080786205828189850e-03,3.866702508926391602e+01
-4.098490998148918152e-02,-7.985187321901321411e-02,-3.108263015747070312e-03,3.867190909385681152e+01
-4.098732024431228638e-02,-7.987483590841293335e-02,-3.131712088361382484e-03,3.867709112167358398e+01
-4.120181128382682800e-02,-7.958509027957916260e-02,-2.898948034271597862e-03,3.868223810195922852e+01
-4.122057184576988220e-02,-7.959974557161331177e-02,-2.922318177297711372e-03,3.868713021278381348e+01
-4.123262688517570496e-02,-7.960259914398193359e-02,-2.940498525276780128e-03,3.869214606285095215e+01
-4.125163704156875610e-02,-7.961656153202056885e-02,-2.966993721202015877e-03,3.869711709022521973e+01
-4.127234593033790588e-02,-7.963166385889053345e-02,-2.995090559124946594e-03,3.870209002494812012e+01
-4.129479825496673584e-02,-7.964657992124557495e-02,-3.023014636710286140e-03,3.870709204673767090e+01
-4.129058867692947388e-02,-7.941941916942596436e-02,-2.870639320462942123e-03,3.871191310882568359e+01
-4.129858687520027161e-02,-7.942617684602737427e-02,-2.880032872781157494e-03,3.871722912788391113e+01
-4.130498692393302917e-02,-7.943411171436309814e-02,-2.887098351493477821e-03,3.872192502021789551e+01
-4.130482301115989685e-02,-7.944317907094955444e-02,-2.872743410989642143e-03,3.872734808921813965e+01
-4.130491614341735840e-02,-7.945335656404495239e-02,-2.865694230422377586e-03,3.873210000991821289e+01
-4.130262136459350586e-02,-7.946446537971496582e-02,-2.852914854884147644e-03,3.873725700378417969e+01
-4.130609333515167236e-02,-7.947714626789093018e-02,-2.841217210516333580e-03,3.874218606948852539e+01
-4.103908687829971313e-02,-7.953648269176483154e-02,-2.688031410798430443e-03,3.874719715118408203e+01
-4.103095829486846924e-02,-7.955583930015563965e-02,-2.672630362212657928e-03,3.875224614143371582e+01
-4.103180393576622009e-02,-7.956341654062271118e-02,-2.667137887328863144e-03,3.875724601745605469e+01
-4.102887958288192749e-02,-7.957617938518524170e-02,-2.660418394953012466e-03,3.876246809959411621e+01
-4.102734103798866272e-02,-7.958599179983139038e-02,-2.655397634953260422e-03,3.876724219322204590e+01
-4.103376716375350952e-02,-7.960056513547897339e-02,-2.665542997419834137e-03,3.877528905868530273e+01
-4.104102030396461487e-02,-7.961402833461761475e-02,-2.672973088920116425e-03,3.877747106552124023e+01
-4.127401486039161682e-02,-7.937014847993850708e-02,-2.650368493050336838e-03,3.878213310241699219e+01
-4.130129143595695496e-02,-7.939260452985763550e-02,-2.665647305548191071e-03,3.878732419013977051e+01
-4.131346568465232849e-02,-7.940230518579483032e-02,-2.706211293116211891e-03,3.879233407974243164e+01
-4.133769869804382324e-02,-7.941955327987670898e-02,-2.736505819484591484e-03,3.879750919342041016e+01
-4.136278480291366577e-02,-7.943560183048248291e-02,-2.773168729618191719e-03,3.880223608016967773e+01
-4.137467965483665466e-02,-7.945343106985092163e-02,-2.793959109112620354e-03,3.880738210678100586e+01
-4.138951003551483154e-02,-7.947231084108352661e-02,-2.825567731633782387e-03,3.881238913536071777e+01
-4.124703630805015564e-02,-7.918873429298400879e-02,-2.615196630358695984e-03,3.881724810600280762e+01
-4.124264419078826904e-02,-7.920855283737182617e-02,-2.629752736538648605e-03,3.882227921485900879e+01
-4.123416170477867126e-02,-7.922804355621337891e-02,-2.642163773998618126e-03,3.882747602462768555e+01
-4.122309386730194092e-02,-7.924907654523849487e-02,-2.654236275702714920e-03,3.883242917060852051e+01
-4.120977967977523804e-02,-7.926621288061141968e-02,-2.654633019119501114e-03,3.883725404739379883e+01
-4.119386896491050720e-02,-7.928737252950668335e-02,-2.657320117577910423e-03,3.884230709075927734e+01
-4.115915298461914062e-02,-7.903548330068588257e-02,-2.499950584024190903e-03,3.884723305702209473e+01
-4.116469994187355042e-02,-7.904054224491119385e-02,-2.503834664821624756e-03,3.885232520103454590e+01
-4.115929082036018372e-02,-7.905123382806777954e-02,-2.499643946066498756e-03,3.885751509666442871e+01
-4.115686193108558655e-02,-7.906229794025421143e-02,-2.494867658242583275e-03,3.886259818077087402e+01
-4.115733131766319275e-02,-7.907317578792572021e-02,-2.490281127393245697e-03,3.886756801605224609e+01
-4.115544259548187256e-02,-7.908897101879119873e-02,-2.490848070010542870e-03,3.887232899665832520e+01
-4.115791246294975281e-02,-7.910292595624923706e-02,-2.488828497007489204e-03,3.887750506401062012e+01
-4.121621698141098022e-02,-7.895214855670928955e-02,-2.442340366542339325e-03,3.888241219520568848e+01
-4.121582955121994019e-02,-7.896005362272262573e-02,-2.454061061143875122e-03,3.888747906684875488e+01
-4.122138768434524536e-02,-7.897166907787322998e-02,-2.463022479787468910e-03,3.889244008064270020e+01
-4.122697934508323669e-02,-7.898417860269546509e-02,-2.474830020219087601e-03,3.889748620986938477e+01
-4.123112186789512634e-02,-7.900072634220123291e-02,-2.488667378202080727e-03,3.890241718292236328e+01
-4.123560339212417603e-02,-7.901711016893386841e-02,-2.504863776266574860e-03,3.890745520591735840e+01
-4.108852520585060120e-02,-7.897132635116577148e-02,-2.423769328743219376e-03,3.891245508193969727e+01
-4.107665270566940308e-02,-7.898564636707305908e-02,-2.439509611576795578e-03,3.891745209693908691e+01
-4.106764122843742371e-02,-7.900327444076538086e-02,-2.453743480145931244e-03,3.892241716384887695e+01
-4.105685651302337646e-02,-7.902351021766662598e-02,-2.471526386216282845e-03,3.892767000198364258e+01
-4.104624316096305847e-02,-7.904469221830368042e-02,-2.487109741196036339e-03,3.893252706527709961e+01
-4.103353247046470642e-02,-7.906734943389892578e-02,-2.506785793229937553e-03,3.893770003318786621e+01
-4.101948440074920654e-02,-7.909170538187026978e-02,-2.529558725655078888e-03,3.894257307052612305e+01
-4.100009426474571228e-02,-7.892999053001403809e-02,-2.410387620329856873e-03,3.894759106636047363e+01
-4.098966717720031738e-02,-7.894174009561538696e-02,-2.414505928754806519e-03,3.895256614685058594e+01
-4.097773134708404541e-02,-7.895284146070480347e-02,-2.417508047074079514e-03,3.895764613151550293e+01
-4.096513614058494568e-02,-7.896430045366287231e-02,-2.418209100142121315e-03,3.896279001235961914e+01
-4.098426550626754761e-02,-7.897553592920303345e-02,-2.422610763460397720e-03,3.896758699417114258e+01
-4.099217429757118225e-02,-7.898765802383422852e-02,-2.426554681733250618e-03,3.897254204750061035e+01
-4.103247821331024170e-02,-7.891910523176193237e-02,-2.423417987301945686e-03,3.897762107849121094e+01
-4.104441776871681213e-02,-7.893462479114532471e-02,-2.431752858683466911e-03,3.898254513740539551e+01
-4.106914624571800232e-02,-7.894669473171234131e-02,-2.434497699141502380e-03,3.898757600784301758e+01
-4.109651222825050354e-02,-7.895993441343307495e-02,-2.439012983813881874e-03,3.899267816543579102e+01
-4.111576080322265625e-02,-7.897213846445083618e-02,-2.454194240272045135e-03,3.899771809577941895e+01
-4.113926365971565247e-02,-7.898692786693572998e-02,-2.468627644702792168e-03,3.900267004966735840e+01
-4.116247594356536865e-02,-7.900408655405044556e-02,-2.486567478626966476e-03,3.900771307945251465e+01
-4.096262529492378235e-02,-7.895246148109436035e-02,-2.533099148422479630e-03,3.901261901855468750e+01
-4.094860330224037170e-02,-7.896812260150909424e-02,-2.552128396928310394e-03,3.901800513267517090e+01
-4.092806950211524963e-02,-7.898529618978500366e-02,-2.572285942733287811e-03,3.902272915840148926e+01
-4.091980308294296265e-02,-7.899265736341476440e-02,-2.583712805062532425e-03,3.902778720855712891e+01
-4.090254008769989014e-02,-7.900617271661758423e-02,-2.596324542537331581e-03,3.903280019760131836e+01
-4.088423028588294983e-02,-7.901962101459503174e-02,-2.606287132948637009e-03,3.903770112991333008e+01
-4.086480289697647095e-02,-7.903263717889785767e-02,-2.613082295283675194e-03,3.904267811775207520e+01
-4.106383770704269409e-02,-7.890460640192031860e-02,-2.585281152278184891e-03,3.904767107963562012e+01
-4.108752682805061340e-02,-7.891120016574859619e-02,-2.606224967166781425e-03,3.905265021324157715e+01
-4.111606255173683167e-02,-7.891763001680374146e-02,-2.628948772326111794e-03,3.905766320228576660e+01
-4.114750772714614868e-02,-7.892014831304550171e-02,-2.693189540877938271e-03,3.906287312507629395e+01
-4.118542000651359558e-02,-7.892592251300811768e-02,-2.741375472396612167e-03,3.906817603111267090e+01
-4.122868552803993225e-02,-7.893223315477371216e-02,-2.796415006741881371e-03,3.907281613349914551e+01
-4.111121222376823425e-02,-7.887080311775207520e-02,-2.719381125643849373e-03,3.907782316207885742e+01
-4.113854467868804932e-02,-7.887221872806549072e-02,-2.790055703371763229e-03,3.908269500732421875e+01
-4.116659983992576599e-02,-7.887355983257293701e-02,-2.871067030355334282e-03,3.908810710906982422e+01
-4.117523506283760071e-02,-7.887534797191619873e-02,-2.943476894870400429e-03,3.909289717674255371e+01
-4.119165241718292236e-02,-7.887732982635498047e-02,-3.032256849110126495e-03,3.909779405593872070e+01
-4.120509326457977295e-02,-7.887953519821166992e-02,-3.128374693915247917e-03,3.910281300544738770e+01
-4.121273756027221680e-02,-7.888671010732650757e-02,-3.193953307345509529e-03,3.910783410072326660e+01
-4.103365167975425720e-02,-7.891761511564254761e-02,-2.841141307726502419e-03,3.911276221275329590e+01
-4.102483391761779785e-02,-7.892952114343643188e-02,-2.868749201297760010e-03,3.911791706085205078e+01
-4.101254418492317200e-02,-7.894339412450790405e-02,-2.891423879191279411e-03,3.912296009063720703e+01
-4.100943356752395630e-02,-7.896689325571060181e-02,-2.873213263228535652e-03,3.912811017036437988e+01
-4.099655523896217346e-02,-7.898692041635513306e-02,-2.870127093046903610e-03,3.913293004035949707e+01
-4.098150134086608887e-02,-7.900943607091903687e-02,-2.859564032405614853e-03,3.913813614845275879e+01
-4.096505418419837952e-02,-7.903411984443664551e-02,-2.860737964510917664e-03,3.914292907714843750e+01
-4.098245128989219666e-02,-7.898225635290145874e-02,-2.989803208038210869e-03,3.914800310134887695e+01
-4.096898064017295837e-02,-7.900710403919219971e-02,-2.986361971125006676e-03,3.915287399291992188e+01
-4.095440730452537537e-02,-7.902478426694869995e-02,-3.016966395080089569e-03,3.915815305709838867e+01
-4.093807563185691833e-02,-7.905013859272003174e-02,-3.024748060852289200e-03,3.916307711601257324e+01
-4.092007875442504883e-02,-7.907671481370925903e-02,-3.032932057976722717e-03,3.916822314262390137e+01
-4.091131687164306641e-02,-7.909645885229110718e-02,-3.055333392694592476e-03,3.917472720146179199e+01
-4.089940339326858521e-02,-7.911842316389083862e-02,-3.077442059293389320e-03,3.917809104919433594e+01
-4.098919406533241272e-02,-7.892187684774398804e-02,-3.157225204631686211e-03,3.918288707733154297e+01
-4.100611433386802673e-02,-7.893290370702743530e-02,-3.213103394955396652e-03,3.918800616264343262e+01
-4.102002084255218506e-02,-7.893886417150497437e-02,-3.271487308666110039e-03,3.919343113899230957e+01
-4.103760793805122375e-02,-7.894223183393478394e-02,-3.337889676913619041e-03,3.919809508323669434e+01
-4.104648530483245850e-02,-7.895490527153015137e-02,-3.400385379791259766e-03,3.920304608345031738e+01
-4.106105118989944458e-02,-7.896678894758224487e-02,-3.472273470833897591e-03,3.920811700820922852e+01
-4.108419641852378845e-02,-7.884466648101806641e-02,-3.212557639926671982e-03,3.921295404434204102e+01
-4.109813645482063293e-02,-7.886870205402374268e-02,-3.266920801252126694e-03,3.921806001663208008e+01
-4.111124575138092041e-02,-7.888491451740264893e-02,-3.279614262282848358e-03,3.922304606437683105e+01
-4.112569242715835571e-02,-7.891023159027099609e-02,-3.312761429697275162e-03,3.922822403907775879e+01
-4.114057496190071106e-02,-7.893640547990798950e-02,-3.341799369081854820e-03,3.923305201530456543e+01
-4.114617779850959778e-02,-7.895749807357788086e-02,-3.349888604134321213e-03,3.923801708221435547e+01
-4.115317016839981079e-02,-7.898239046335220337e-02,-3.359532449394464493e-03,3.924304199218750000e+01
-4.118994995951652527e-02,-7.879203557968139648e-02,-3.236535238102078438e-03,3.924808406829833984e+01
-4.119981825351715088e-02,-7.882270961999893188e-02,-3.238742938265204430e-03,3.925305318832397461e+01
-4.120291024446487427e-02,-7.885021716356277466e-02,-3.231392009183764458e-03,3.925805711746215820e+01
-4.120515286922454834e-02,-7.887964695692062378e-02,-3.220989601686596870e-03,3.926317715644836426e+01
-4.121901094913482666e-02,-7.890688627958297729e-02,-3.225063439458608627e-03,3.926809620857238770e+01
-4.123029485344886780e-02,-7.893758267164230347e-02,-3.221093909814953804e-03,3.927305102348327637e+01
-4.130533710122108459e-02,-7.876668125391006470e-02,-3.424709429964423180e-03,3.927800321578979492e+01
-4.131284356117248535e-02,-7.878874242305755615e-02,-3.432326018810272217e-03,3.928303599357604980e+01
-4.132882878184318542e-02,-7.881564646959304810e-02,-3.447709605097770691e-03,3.928824210166931152e+01
-4.134442284703254700e-02,-7.884466648101806641e-02,-3.461421001702547073e-03,3.929327416419982910e+01
-4.135968163609504700e-02,-7.887576520442962646e-02,-3.472289303317666054e-03,3.929817914962768555e+01
-4.138699173927307129e-02,-7.890502363443374634e-02,-3.483402309939265251e-03,3.930317115783691406e+01
-4.140981659293174744e-02,-7.893580198287963867e-02,-3.493839409202337265e-03,3.930823302268981934e+01
-4.137087240815162659e-02,-7.863124459981918335e-02,-3.260778496041893959e-03,3.931311202049255371e+01
-4.138679429888725281e-02,-7.865353673696517944e-02,-3.250212874263525009e-03,3.931851601600646973e+01
-4.140834882855415344e-02,-7.867579162120819092e-02,-3.241607220843434334e-03,3.932322812080383301e+01
-4.143077507615089417e-02,-7.869933545589447021e-02,-3.230448113754391670e-03,3.932845902442932129e+01
-4.145857691764831543e-02,-7.872170954942703247e-02,-3.227913985028862953e-03,3.933317399024963379e+01
-4.148642718791961670e-02,-7.874577492475509644e-02,-3.222213592380285263e-03,3.933817815780639648e+01
-4.130693152546882629e-02,-7.845161855220794678e-02,-3.181121079251170158e-03,3.934317898750305176e+01
-4.134215787053108215e-02,-7.844855636358261108e-02,-3.195460652932524681e-03,3.934825205802917480e+01
-4.137364029884338379e-02,-7.845378667116165161e-02,-3.214317373931407928e-03,3.935326814651489258e+01
-4.140936583280563354e-02,-7.845857739448547363e-02,-3.240769729018211365e-03,3.935831212997436523e+01
-4.144467413425445557e-02,-7.846877723932266235e-02,-3.270741784945130348e-03,3.936327004432678223e+01
-4.148505628108978271e-02,-7.847686111927032471e-02,-3.303122473880648613e-03,3.936845898628234863e+01
-4.152868688106536865e-02,-7.848776131868362427e-02,-3.340135794132947922e-03,3.937331199645996094e+01
-4.136565327644348145e-02,-7.833848148584365845e-02,-3.091242397204041481e-03,3.937858319282531738e+01
-4.139750078320503235e-02,-7.834117859601974487e-02,-3.089579287916421890e-03,3.938330101966857910e+01
-4.142975807189941406e-02,-7.834653556346893311e-02,-3.089619800448417664e-03,3.938836312294006348e+01
-4.146249219775199890e-02,-7.835523039102554321e-02,-3.090228652581572533e-03,3.939356112480163574e+01
-4.147723689675331116e-02,-7.837624847888946533e-02,-3.073777770623564720e-03,3.939844012260437012e+01
-4.149844124913215637e-02,-7.839894294738769531e-02,-3.060294780880212784e-03,3.940330815315246582e+01
-4.151633009314537048e-02,-7.842667400836944580e-02,-3.042637137696146965e-03,3.940835499763488770e+01
-4.147144779562950134e-02,-7.837209850549697876e-02,-2.940579317510128021e-03,3.941323304176330566e+01
-4.148174822330474854e-02,-7.840539515018463135e-02,-2.919819205999374390e-03,3.941845107078552246e+01
-4.148868471384048462e-02,-7.844338566064834595e-02,-2.896957797929644585e-03,3.942342805862426758e+01
-4.145529866218566895e-02,-7.843076437711715698e-02,-2.932396484538912773e-03,3.942857503890991211e+01
-4.144132882356643677e-02,-7.845968008041381836e-02,-2.926005050539970398e-03,3.943343520164489746e+01
-4.142116010189056396e-02,-7.848794013261795044e-02,-2.918861340731382370e-03,3.943843007087707520e+01
-4.140135273337364197e-02,-7.851701229810714722e-02,-2.916732104495167732e-03,3.944343113899230957e+01
-4.142179340124130249e-02,-7.825149595737457275e-02,-2.694140654057264328e-03,3.944842314720153809e+01
-4.139849916100502014e-02,-7.825917005538940430e-02,-2.696534385904669762e-03,3.945344114303588867e+01
-4.138854146003723145e-02,-7.827510684728622437e-02,-2.655059797689318657e-03,3.945842504501342773e+01
-4.136849194765090942e-02,-7.828497141599655151e-02,-2.633279887959361076e-03,3.946371102333068848e+01
-4.134764149785041809e-02,-7.829515635967254639e-02,-2.605067566037178040e-03,3.946848106384277344e+01
-4.132585600018501282e-02,-7.830536365509033203e-02,-2.571074757725000381e-03,3.947343921661376953e+01
-4.132436588406562805e-02,-7.819896936416625977e-02,-2.147430554032325745e-03,3.947843503952026367e+01
-4.131883010268211365e-02,-7.821410149335861206e-02,-2.060918835923075676e-03,3.948356199264526367e+01
-4.131402075290679932e-02,-7.823096215724945068e-02,-1.966088544577360153e-03,3.948858308792114258e+01
-4.127888381481170654e-02,-7.825607061386108398e-02,-1.873268396593630314e-03,3.949368810653686523e+01
-4.125696793198585510e-02,-7.828204333782196045e-02,-1.764915534295141697e-03,3.949857521057128906e+01
-4.123084992170333862e-02,-7.831203192472457886e-02,-1.649611862376332283e-03,3.950356817245483398e+01
-4.119317606091499329e-02,-7.834760099649429321e-02,-1.537356642074882984e-03,3.950858306884765625e+01
-4.128725081682205200e-02,-7.833489775657653809e-02,-1.621985225938260555e-03,3.951363420486450195e+01
-4.124792292714118958e-02,-7.836386561393737793e-02,-1.499341567978262901e-03,3.951856899261474609e+01
-4.121113941073417664e-02,-7.838273793458938599e-02,-1.393531332723796368e-03,3.952355909347534180e+01
-4.116514325141906738e-02,-7.841046899557113647e-02,-1.274363021366298199e-03,3.952883505821228027e+01
-4.111451283097267151e-02,-7.844019681215286255e-02,-1.154069206677377224e-03,3.953356504440307617e+01
-4.107373952865600586e-02,-7.847465574741363525e-02,-1.052521169185638428e-03,3.953859710693359375e+01
-4.123682528734207153e-02,-7.824994623661041260e-02,-8.016144274733960629e-04,3.954355406761169434e+01
-4.121545702219009399e-02,-7.825259864330291748e-02,-6.887431954964995384e-04,3.954855799674987793e+01
-4.119392111897468567e-02,-7.825595140457153320e-02,-5.795601173304021358e-04,3.955368399620056152e+01
-4.120093584060668945e-02,-7.825490832328796387e-02,-5.229390226304531097e-04,3.955870413780212402e+01
-4.119477793574333191e-02,-7.825722545385360718e-02,-4.483860102482140064e-04,3.956366300582885742e+01
-4.119197279214859009e-02,-7.825927436351776123e-02,-3.838744014501571655e-04,3.956873106956481934e+01
-4.120730608701705933e-02,-7.825697213411331177e-02,-3.377826069481670856e-04,3.957678318023681641e+01
-4.122395068407058716e-02,-7.825587689876556396e-02,-3.025210462510585785e-04,3.957870721817016602e+01
-4.141179099678993225e-02,-7.821872085332870483e-02,-7.852868293412029743e-05,3.958372402191162109e+01
-4.148157685995101929e-02,-7.820851355791091919e-02,-1.987323230423498899e-05,3.958866310119628906e+01
-4.155418649315834045e-02,-7.819503545761108398e-02,9.730523743201047182e-06,3.959435510635375977e+01
-4.163684695959091187e-02,-7.818207889795303345e-02,2.913609023380558938e-05,3.959881305694580078e+01
-4.170385375618934631e-02,-7.817905396223068237e-02,8.010135206859558821e-05,3.960370802879333496e+01
-4.178432747721672058e-02,-7.817380875349044800e-02,1.171473413705825806e-04,3.960868811607360840e+01
-4.140815511345863342e-02,-7.822099328041076660e-02,2.595578844193369150e-04,3.961378002166748047e+01
-4.143417626619338989e-02,-7.821729779243469238e-02,3.360477567184716463e-04,3.961886620521545410e+01
-4.147303104400634766e-02,-7.821752130985260010e-02,4.186806036159396172e-04,3.962365102767944336e+01
-4.150849580764770508e-02,-7.821924239397048950e-02,5.052285268902778625e-04,3.962896800041198730e+01
-4.154793918132781982e-02,-7.822454720735549927e-02,5.452817422337830067e-04,3.963381218910217285e+01
-4.158311709761619568e-02,-7.823165506124496460e-02,5.954743246547877789e-04,3.963877916336059570e+01
-4.161700978875160217e-02,-7.823992520570755005e-02,6.335641373880207539e-04,3.964371919631958008e+01
-4.147527366876602173e-02,-7.842869311571121216e-02,1.216275850310921669e-04,3.964869809150695801e+01
-4.152910783886909485e-02,-7.842410355806350708e-02,4.470039493753574789e-05,3.965374612808227539e+01
-4.157008603215217590e-02,-7.843133062124252319e-02,-1.717027771519497037e-05,3.965873003005981445e+01
-4.161391779780387878e-02,-7.843733578920364380e-02,-9.724331175675615668e-05,3.966388821601867676e+01
-4.167106375098228455e-02,-7.844141870737075806e-02,-1.811258262023329735e-04,3.966874098777770996e+01
-4.172946140170097351e-02,-7.844527065753936768e-02,-2.870699099730700254e-04,3.967372512817382812e+01
-4.151127487421035767e-02,-7.842341810464859009e-02,-4.037130274809896946e-04,3.967873215675354004e+01
-4.153408482670783997e-02,-7.841715961694717407e-02,-4.654581716749817133e-04,3.968385219573974609e+01
-4.157595708966255188e-02,-7.840999215841293335e-02,-5.686896038241684437e-04,3.968886709213256836e+01
-4.161690548062324524e-02,-7.840268313884735107e-02,-6.780878757126629353e-04,3.969402003288269043e+01
-4.162587970495223999e-02,-7.840669155120849609e-02,-7.702843286097049713e-04,3.969887018203735352e+01
-4.163871333003044128e-02,-7.840718328952789307e-02,-8.687617955729365349e-04,3.970385408401489258e+01
-4.164191335439682007e-02,-7.841017097234725952e-02,-9.655328467488288879e-04,3.970887517929077148e+01
-4.110950231552124023e-02,-7.879327982664108276e-02,-1.539883902296423912e-03,3.971387410163879395e+01
-4.104171320796012878e-02,-7.882591336965560913e-02,-1.648964826017618179e-03,3.971886920928955078e+01
-4.096148163080215454e-02,-7.886519283056259155e-02,-1.759149599820375443e-03,3.972386717796325684e+01
-4.086894169449806213e-02,-7.890988141298294067e-02,-1.868385472334921360e-03,3.972914814949035645e+01
-4.076561331748962402e-02,-7.894767075777053833e-02,-1.978362444788217545e-03,3.973385620117187500e+01
-4.064944013953208923e-02,-7.899586856365203857e-02,-2.085356041789054871e-03,3.973885703086853027e+01
-4.032474383711814880e-02,-7.913868874311447144e-02,-3.029811894521117210e-03,3.974387502670288086e+01
-4.024567082524299622e-02,-7.915174961090087891e-02,-3.173581557348370552e-03,3.974893808364868164e+01
-4.012522846460342407e-02,-7.918395102024078369e-02,-3.317021531984210014e-03,3.975404620170593262e+01
-4.000386223196983337e-02,-7.921336591243743896e-02,-3.461446147412061691e-03,3.975906300544738770e+01
-3.988899663090705872e-02,-7.925117760896682739e-02,-3.605724545195698738e-03,3.976419711112976074e+01
-3.977241367101669312e-02,-7.928416877985000610e-02,-3.747127251699566841e-03,3.976906299591064453e+01
-3.965717926621437073e-02,-7.931569963693618774e-02,-3.884861944243311882e-03,3.977401304244995117e+01
-3.975090757012367249e-02,-7.927908003330230713e-02,-3.910593688488006592e-03,3.977932500839233398e+01
-3.969090804457664490e-02,-7.929728925228118896e-02,-3.989720717072486877e-03,3.978409600257873535e+01
-3.964125737547874451e-02,-7.931116223335266113e-02,-4.058716353029012680e-03,3.978918719291687012e+01
-3.959830477833747864e-02,-7.934241741895675659e-02,-4.078287165611982346e-03,3.979418301582336426e+01
-3.956705331802368164e-02,-7.936724275350570679e-02,-4.089102614670991898e-03,3.979918217658996582e+01
-3.954554349184036255e-02,-7.939481735229492188e-02,-4.075226373970508575e-03,3.980413103103637695e+01
-3.953394293785095215e-02,-7.942572981119155884e-02,-4.037514328956604004e-03,3.980902504920959473e+01
-3.973345831036567688e-02,-7.935614138841629028e-02,-3.687579883262515068e-03,3.981403112411499023e+01
-3.973026573657989502e-02,-7.940024137496948242e-02,-3.578556003049015999e-03,3.981916022300720215e+01
-3.973245620727539062e-02,-7.944791018962860107e-02,-3.448206232860684395e-03,3.982421422004699707e+01
-3.973835334181785583e-02,-7.949603348970413208e-02,-3.405764000490307808e-03,3.982922101020812988e+01
-3.974982351064682007e-02,-7.955056428909301758e-02,-3.298890544101595879e-03,3.983411407470703125e+01
-3.976603597402572632e-02,-7.960979640483856201e-02,-3.188970498740673065e-03,3.983916306495666504e+01
-3.980771079659461975e-02,-7.927590608596801758e-02,-3.425784176215529442e-03,3.984423017501831055e+01
-3.981718048453330994e-02,-7.928472757339477539e-02,-3.382292576134204865e-03,3.984916710853576660e+01
-3.982774168252944946e-02,-7.929085940122604370e-02,-3.344809170812368393e-03,3.985416102409362793e+01
-3.984165191650390625e-02,-7.932133227586746216e-02,-3.290204796940088272e-03,3.985928416252136230e+01
-3.985564410686492920e-02,-7.933683693408966064e-02,-3.251049667596817017e-03,3.986433911323547363e+01
-3.987106308341026306e-02,-7.935253530740737915e-02,-3.214995842427015305e-03,3.986917400360107422e+01
-3.987707197666168213e-02,-7.935676723718643188e-02,-3.148604650050401688e-03,3.987416601181030273e+01
-4.014836624264717102e-02,-7.911762595176696777e-02,-2.718931762501597404e-03,3.987918114662170410e+01
-4.016477242112159729e-02,-7.911949604749679565e-02,-2.619986655190587044e-03,3.988434720039367676e+01
-4.016524553298950195e-02,-7.914979010820388794e-02,-2.540630521252751350e-03,3.988943505287170410e+01
-4.016898572444915771e-02,-7.917147874832153320e-02,-2.444544574245810509e-03,3.989441418647766113e+01
-4.016841202974319458e-02,-7.919916510581970215e-02,-2.345549175515770912e-03,3.989926505088806152e+01
-4.016364738345146179e-02,-7.923419773578643799e-02,-2.244646660983562469e-03,3.990429711341857910e+01
-4.014100506901741028e-02,-7.924762368202209473e-02,-2.203489420935511589e-03,3.990930318832397461e+01
-4.037370905280113220e-02,-7.926413416862487793e-02,-2.456918125972151756e-03,3.991429209709167480e+01
-4.035644605755805969e-02,-7.928659766912460327e-02,-2.436444628983736038e-03,3.991924309730529785e+01
-4.034097120165824890e-02,-7.930639386177062988e-02,-2.507707336917519569e-03,3.992432117462158203e+01
-4.031507670879364014e-02,-7.932866364717483521e-02,-2.554963575676083565e-03,3.992962908744812012e+01
-4.028362035751342773e-02,-7.935220003128051758e-02,-2.625362249091267586e-03,3.993432211875915527e+01
-4.024696722626686096e-02,-7.937046140432357788e-02,-2.702676458284258842e-03,3.993927907943725586e+01
-4.022372514009475708e-02,-7.910867035388946533e-02,-2.437793416902422905e-03,3.994433021545410156e+01
-4.018532484769821167e-02,-7.910287380218505859e-02,-2.525033429265022278e-03,3.994920921325683594e+01
-4.016697779297828674e-02,-7.909610867500305176e-02,-2.575009362772107124e-03,3.995433521270751953e+01
-4.013474285602569580e-02,-7.908686250448226929e-02,-2.661147387698292732e-03,3.995938301086425781e+01
-4.010193049907684326e-02,-7.907477766275405884e-02,-2.751179039478302002e-03,3.996425509452819824e+01
-4.007212072610855103e-02,-7.906489819288253784e-02,-2.836264204233884811e-03,3.996936821937561035e+01
-4.004092141985893250e-02,-7.905408740043640137e-02,-2.933370647951960564e-03,3.997695302963256836e+01
-4.001003876328468323e-02,-7.904264330863952637e-02,-3.035029163584113121e-03,3.997930312156677246e+01
-4.030672833323478699e-02,-7.915794104337692261e-02,-3.144399262964725494e-03,3.998447799682617188e+01
-4.036255553364753723e-02,-7.918655127286911011e-02,-3.224130254238843918e-03,3.998943400382995605e+01
-4.038944095373153687e-02,-7.920552045106887817e-02,-3.327246988192200661e-03,3.999449205398559570e+01
-4.042597487568855286e-02,-7.922676950693130493e-02,-3.434564452618360519e-03,3.999952006340026855e+01
-4.045236483216285706e-02,-7.921664416790008545e-02,-3.493412164971232414e-03,4.000437903404235840e+01
-4.049173742532730103e-02,-7.921716570854187012e-02,-3.561000572517514229e-03,4.000943303108215332e+01
-4.037164524197578430e-02,-7.923376560211181641e-02,-3.495643846690654755e-03,4.001445317268371582e+01
-4.039173945784568787e-02,-7.927054911851882935e-02,-3.494347678497433662e-03,4.001949906349182129e+01
-4.042277112603187561e-02,-7.928311079740524292e-02,-3.479612991213798523e-03,4.002453517913818359e+01
-4.045483097434043884e-02,-7.929791510105133057e-02,-3.455284750089049339e-03,4.002971100807189941e+01
-4.046711698174476624e-02,-7.930707186460494995e-02,-3.471237141638994217e-03,4.003446102142333984e+01
-4.048379138112068176e-02,-7.932241261005401611e-02,-3.463100176304578781e-03,4.003961515426635742e+01
-4.010484740138053894e-02,-7.928947359323501587e-02,-3.573967609554529190e-03,4.004447913169860840e+01
-4.009562358260154724e-02,-7.932036370038986206e-02,-3.554136725142598152e-03,4.004958009719848633e+01
-4.007753729820251465e-02,-7.935053855180740356e-02,-3.538181539624929428e-03,4.005448102951049805e+01
-4.005756601691246033e-02,-7.938551157712936401e-02,-3.517982084304094315e-03,4.005965018272399902e+01
-4.003579169511795044e-02,-7.942600548267364502e-02,-3.493549302220344543e-03,4.006460714340209961e+01
-4.002479836344718933e-02,-7.944387942552566528e-02,-3.428987227380275726e-03,4.006948518753051758e+01
-4.000760987401008606e-02,-7.947538048028945923e-02,-3.370383521541953087e-03,4.007454609870910645e+01
-4.010184109210968018e-02,-7.930795848369598389e-02,-3.422857727855443954e-03,4.007948112487792969e+01
-4.011985659599304199e-02,-7.932582497596740723e-02,-3.317181486636400223e-03,4.008463811874389648e+01
-4.012890905141830444e-02,-7.934027165174484253e-02,-3.212218405678868294e-03,4.008966302871704102e+01
-4.014197364449501038e-02,-7.935404777526855469e-02,-3.092934610322117805e-03,4.009477019309997559e+01
-4.015706479549407959e-02,-7.937256246805191040e-02,-2.965107094496488571e-03,4.009966421127319336e+01
-4.017607867717742920e-02,-7.939156144857406616e-02,-2.821062225848436356e-03,4.010467505455017090e+01
-4.028557240962982178e-02,-7.930763065814971924e-02,-2.957869786769151688e-03,4.010967516899108887e+01
-4.033485427498817444e-02,-7.930558174848556519e-02,-2.790256636217236519e-03,4.011465406417846680e+01
-4.038235172629356384e-02,-7.931829988956451416e-02,-2.610672963783144951e-03,4.011967110633850098e+01
-4.043654724955558777e-02,-7.933065295219421387e-02,-2.413311041891574860e-03,4.012465715408325195e+01
-4.049824550747871399e-02,-7.935582101345062256e-02,-2.194433240219950676e-03,4.012980508804321289e+01
-4.056636989116668701e-02,-7.937715947628021240e-02,-1.959332963451743126e-03,4.013464403152465820e+01
-4.064141586422920227e-02,-7.940068095922470093e-02,-1.704875845462083817e-03,4.013968205451965332e+01
-4.036947339773178101e-02,-7.920289784669876099e-02,-1.391114201396703720e-03,4.014478921890258789e+01
-4.040914401412010193e-02,-7.921098172664642334e-02,-1.118710963055491447e-03,4.014968609809875488e+01
-4.044574499130249023e-02,-7.922092825174331665e-02,-8.349353447556495667e-04,4.015481209754943848e+01
-4.047937691211700439e-02,-7.923191040754318237e-02,-5.413813050836324692e-04,4.015998506546020508e+01
-4.050739482045173645e-02,-7.925197482109069824e-02,-3.099847526755183935e-04,4.016475915908813477e+01
-4.053246229887008667e-02,-7.927536964416503906e-02,-5.157109262654557824e-05,4.016979503631591797e+01
-4.055404290556907654e-02,-7.930393517017364502e-02,2.075346274068579078e-04,4.017477607727050781e+01
-4.042970761656761169e-02,-7.912268489599227905e-02,1.861710043158382177e-04,4.017981004714965820e+01
-4.043434932827949524e-02,-7.913070172071456909e-02,4.158259253017604351e-04,4.018478322029113770e+01
-4.043556377291679382e-02,-7.914168387651443481e-02,6.446609040722250938e-04,4.018980216979980469e+01
-4.045346379280090332e-02,-7.908762991428375244e-02,9.084816556423902512e-04,4.019503307342529297e+01
-4.045592993497848511e-02,-7.907816022634506226e-02,1.146873575635254383e-03,4.019981122016906738e+01
-4.045636579394340515e-02,-7.906302809715270996e-02,1.384695991873741150e-03,4.020480799674987793e+01
-4.040077701210975647e-02,-7.903584837913513184e-02,1.299132825806736946e-03,4.020996713638305664e+01
-4.038978740572929382e-02,-7.903252542018890381e-02,1.528722699731588364e-03,4.021480512619018555e+01
-4.037490487098693848e-02,-7.903150469064712524e-02,1.760429702699184418e-03,4.022000718116760254e+01
-4.038005322217941284e-02,-7.903257757425308228e-02,1.959176268428564072e-03,4.022482705116271973e+01
-4.037360846996307373e-02,-7.903455942869186401e-02,2.174926688894629478e-03,4.023007416725158691e+01
-4.036791250109672546e-02,-7.903901487588882446e-02,2.387539483606815338e-03,4.023478913307189941e+01
-4.036290943622589111e-02,-7.904564589262008667e-02,2.595120342448353767e-03,4.023990201950073242e+01
-4.030293598771095276e-02,-7.900389283895492554e-02,2.307209186255931854e-03,4.024486613273620605e+01
-4.030798003077507019e-02,-7.900401204824447632e-02,2.447090111672878265e-03,4.024990701675415039e+01
-4.031577333807945251e-02,-7.900482416152954102e-02,2.575962804257869720e-03,4.025486016273498535e+01
-4.031302407383918762e-02,-7.900578528642654419e-02,2.671609399840235710e-03,4.026003599166870117e+01
-4.031888395547866821e-02,-7.900650054216384888e-02,2.769895363599061966e-03,4.026502799987792969e+01
-4.032552242279052734e-02,-7.900716364383697510e-02,2.856068778783082962e-03,4.026990199089050293e+01
-4.031414911150932312e-02,-7.900977879762649536e-02,2.927924273535609245e-03,4.027485918998718262e+01
-4.005861654877662659e-02,-7.910709083080291748e-02,3.335466608405113220e-03,4.027991199493408203e+01
-4.002907499670982361e-02,-7.911011576652526855e-02,3.411320038139820099e-03,4.028500509262084961e+01
-3.997648879885673523e-02,-7.911539077758789062e-02,3.428607713431119919e-03,4.028990316390991211e+01
-3.992578014731407166e-02,-7.912254333496093750e-02,3.447437193244695663e-03,4.029512000083923340e+01
-3.986718133091926575e-02,-7.913181185722351074e-02,3.444136120378971100e-03,4.030007910728454590e+01
-3.981186076998710632e-02,-7.913578301668167114e-02,3.414851380512118340e-03,4.030499315261840820e+01
-4.004385694861412048e-02,-7.903109490871429443e-02,3.822088008746504784e-03,4.031007719039916992e+01
-3.999102860689163208e-02,-7.902620732784271240e-02,3.772581461817026138e-03,4.031491899490356445e+01
-3.995770588517189026e-02,-7.901351898908615112e-02,3.697854233905673027e-03,4.032040119171142578e+01
-3.991176933050155640e-02,-7.900179177522659302e-02,3.600707743316888809e-03,4.032499814033508301e+01
-3.986592590808868408e-02,-7.898773252964019775e-02,3.481569932773709297e-03,4.033021521568298340e+01
-3.982018679380416870e-02,-7.897239923477172852e-02,3.338675480335950851e-03,4.033493018150329590e+01
-3.977429121732711792e-02,-7.896897941827774048e-02,3.209734102711081505e-03,4.034005498886108398e+01
-3.978922218084335327e-02,-7.909384369850158691e-02,3.375980537384748459e-03,4.034500408172607422e+01
-3.974641114473342896e-02,-7.909513264894485474e-02,3.215791657567024231e-03,4.035005712509155273e+01
-3.968252986669540405e-02,-7.910525798797607422e-02,3.031440079212188721e-03,4.035501313209533691e+01
-3.962707519531250000e-02,-7.911308854818344116e-02,2.839779481291770935e-03,4.036026811599731445e+01
-3.956840187311172485e-02,-7.912405580282211304e-02,2.634019590914249420e-03,4.036516618728637695e+01
-3.951307013630867004e-02,-7.913478463888168335e-02,2.382681705057621002e-03,4.037002110481262207e+01
-3.945321589708328247e-02,-7.914695143699645996e-02,2.117696916684508324e-03,4.037609314918518066e+01
-3.981705009937286377e-02,-7.934118807315826416e-02,2.383395563811063766e-03,4.038027405738830566e+01
-3.979490697383880615e-02,-7.934086024761199951e-02,2.040047198534011841e-03,4.038517904281616211e+01
-3.976459801197052002e-02,-7.934901863336563110e-02,1.685680705122649670e-03,4.039019918441772461e+01
-3.973644599318504333e-02,-7.935571670532226562e-02,1.292983652092516422e-03,4.039524602890014648e+01
-3.970343247056007385e-02,-7.936455309391021729e-02,8.511549676768481731e-04,4.040018606185913086e+01
-3.967361524701118469e-02,-7.936947047710418701e-02,3.758829261641949415e-04,4.040515017509460449e+01
-3.964374214410781860e-02,-7.937269657850265503e-02,-1.384208590025082231e-04,4.041018509864807129e+01
-3.981726244091987610e-02,-7.940664142370223999e-02,1.612034975551068783e-04,4.041517519950866699e+01
-3.979445248842239380e-02,-7.940472662448883057e-02,-3.738921950571238995e-04,4.042025518417358398e+01
-3.977271169424057007e-02,-7.939812541007995605e-02,-9.487781208008527756e-04,4.042510414123535156e+01
-3.975074365735054016e-02,-7.938878238201141357e-02,-1.561484299600124359e-03,4.043034005165100098e+01
-3.971966728568077087e-02,-7.939759641885757446e-02,-2.174564171582460403e-03,4.043520903587341309e+01
-3.968931734561920166e-02,-7.940031588077545166e-02,-2.832740778103470802e-03,4.044032001495361328e+01
-3.980067372322082520e-02,-7.982334494590759277e-02,-3.271607449278235435e-03,4.044529104232788086e+01
-3.968102484941482544e-02,-7.992293685674667358e-02,-3.689320757985115051e-03,4.045032811164855957e+01
-3.959014266729354858e-02,-7.999800890684127808e-02,-4.228668287396430969e-03,4.045529317855834961e+01
-3.948067873716354370e-02,-8.008228242397308350e-02,-4.747670143842697144e-03,4.046043705940246582e+01
-3.947016969323158264e-02,-8.014009892940521240e-02,-4.901479929685592651e-03,4.046523118019104004e+01
-3.942442312836647034e-02,-8.021861314773559570e-02,-5.088782869279384613e-03,4.047024822235107422e+01
-3.939368203282356262e-02,-8.030046522617340088e-02,-5.158304236829280853e-03,4.047513413429260254e+01
-3.970494493842124939e-02,-8.056656271219253540e-02,-4.956864751875400543e-03,4.048022103309631348e+01
-3.975464031100273132e-02,-8.061514049768447876e-02,-4.643333610147237778e-03,4.048510122299194336e+01
-3.982543572783470154e-02,-8.066006749868392944e-02,-4.174774512648582458e-03,4.049025321006774902e+01
-3.991410508751869202e-02,-8.069655299186706543e-02,-3.559572156518697739e-03,4.049551200866699219e+01
-3.987414017319679260e-02,-8.088563382625579834e-02,-3.464087378233671188e-03,4.050041413307189941e+01
-3.990137949585914612e-02,-8.102346956729888916e-02,-2.999891992658376694e-03,4.050512719154357910e+01
-3.981280699372291565e-02,-8.083564043045043945e-02,-4.270103294402360916e-03,4.051036620140075684e+01
-3.989036381244659424e-02,-8.083610981702804565e-02,-4.395052790641784668e-03,4.051524806022644043e+01
-3.991885110735893250e-02,-8.093693852424621582e-02,-4.340532701462507248e-03,4.052044200897216797e+01
-3.995211049914360046e-02,-8.103298395872116089e-02,-4.332861863076686859e-03,4.052535820007324219e+01
-3.992033749818801880e-02,-8.115277439355850220e-02,-4.452681168913841248e-03,4.053040909767150879e+01
-3.990397229790687561e-02,-8.126275986433029175e-02,-4.600425250828266144e-03,4.053535699844360352e+01
-3.987254202365875244e-02,-8.137743175029754639e-02,-4.814813844859600067e-03,4.054044914245605469e+01
-3.979625180363655090e-02,-7.987924665212631226e-02,-4.252324346452951431e-03,4.054535508155822754e+01
-3.984262794256210327e-02,-7.986731827259063721e-02,-4.475356079638004303e-03,4.055040812492370605e+01
-3.991077095270156860e-02,-7.985051721334457397e-02,-4.736207891255617142e-03,4.055538821220397949e+01
-3.990835696458816528e-02,-7.983577996492385864e-02,-4.740057978779077530e-03,4.056046915054321289e+01
-3.994081169366836548e-02,-7.981741428375244141e-02,-4.824690986424684525e-03,4.056548619270324707e+01
-3.996879979968070984e-02,-7.979783415794372559e-02,-4.860755521804094315e-03,4.057032108306884766e+01
-3.997493162751197815e-02,-7.979397475719451904e-02,-4.829782526940107346e-03,4.057576513290405273e+01
-3.972275182604789734e-02,-7.992324233055114746e-02,-4.587158095091581345e-03,4.058054113388061523e+01
-3.968644887208938599e-02,-7.993867993354797363e-02,-4.416916985064744949e-03,4.058550405502319336e+01
-3.964002802968025208e-02,-7.995686680078506470e-02,-4.199022892862558365e-03,4.059053301811218262e+01
-3.967250883579254150e-02,-7.999411225318908691e-02,-4.275488201528787613e-03,4.059579110145568848e+01
-3.965811058878898621e-02,-8.002681285142898560e-02,-4.152356181293725967e-03,4.060062408447265625e+01
-3.964729607105255127e-02,-8.006457239389419556e-02,-4.030265379697084427e-03,4.060557198524475098e+01
-3.978853300213813782e-02,-7.997192442417144775e-02,-4.696057178080081940e-03,4.061066222190856934e+01
-3.978436067700386047e-02,-7.999774813652038574e-02,-4.730663262307643890e-03,4.061549401283264160e+01
-3.977845981717109680e-02,-8.002350479364395142e-02,-4.784455057233572006e-03,4.062066102027893066e+01
-3.976102918386459351e-02,-8.004559576511383057e-02,-4.891590215265750885e-03,4.062556505203247070e+01
-3.974556177854537964e-02,-8.007076382637023926e-02,-5.003693513572216034e-03,4.063077211380004883e+01
-3.972676396369934082e-02,-8.009520918130874634e-02,-5.138644482940435410e-03,4.063549399375915527e+01
-3.976380452513694763e-02,-8.010399341583251953e-02,-5.288380663841962814e-03,4.064053320884704590e+01
-3.953878208994865417e-02,-7.964818924665451050e-02,-3.918788861483335495e-03,4.064564800262451172e+01
-3.957792744040489197e-02,-7.962341606616973877e-02,-4.033486824482679367e-03,4.065052413940429688e+01
-3.957724571228027344e-02,-7.961665093898773193e-02,-4.068755544722080231e-03,4.065560507774353027e+01
-3.960752114653587341e-02,-7.959815114736557007e-02,-4.153299145400524139e-03,4.066079115867614746e+01
-3.964121267199516296e-02,-7.957972586154937744e-02,-4.236185923218727112e-03,4.066572117805480957e+01
-3.967822343111038208e-02,-7.956101000308990479e-02,-4.317976534366607666e-03,4.067056918144226074e+01
-3.968099132180213928e-02,-7.955180108547210693e-02,-4.348486661911010742e-03,4.067547607421875000e+01
-3.956914320588111877e-02,-7.973241806030273438e-02,-4.071833565831184387e-03,4.068067002296447754e+01
-3.956165164709091187e-02,-7.973869144916534424e-02,-4.058089107275009155e-03,4.068550920486450195e+01
-3.952668607234954834e-02,-7.975504547357559204e-02,-4.102246835827827454e-03,4.069051313400268555e+01
-3.949725255370140076e-02,-7.976943999528884888e-02,-4.105515778064727783e-03,4.069585919380187988e+01
-3.946036472916603088e-02,-7.978678494691848755e-02,-4.105058964341878891e-03,4.070069599151611328e+01
-3.941801935434341431e-02,-7.979258149862289429e-02,-4.122100304812192917e-03,4.070564413070678711e+01
-3.923762589693069458e-02,-7.974537461996078491e-02,-4.196289926767349243e-03,4.071082520484924316e+01
-3.917459398508071899e-02,-7.975273579359054565e-02,-4.249397199600934982e-03,4.071583199501037598e+01
-3.913764283061027527e-02,-7.977400720119476318e-02,-4.284822847694158554e-03,4.072082400321960449e+01
-3.908199444413185120e-02,-7.978644967079162598e-02,-4.335354547947645187e-03,4.072597408294677734e+01
-3.902532905340194702e-02,-7.979881763458251953e-02,-4.386264830827713013e-03,4.073082613945007324e+01
-3.898100182414054871e-02,-7.979777455329895020e-02,-4.429094027727842331e-03,4.073566508293151855e+01
-3.893381729722023010e-02,-7.980134338140487671e-02,-4.475865978747606277e-03,4.074073219299316406e+01
-3.921956568956375122e-02,-7.966240495443344116e-02,-4.206763580441474915e-03,4.074581313133239746e+01
-3.920707851648330688e-02,-7.965830713510513306e-02,-4.228733479976654053e-03,4.075083208084106445e+01
-3.922453895211219788e-02,-7.966776937246322632e-02,-4.283292684704065323e-03,4.075579619407653809e+01
-3.923298791050910950e-02,-7.966988533735275269e-02,-4.322966095060110092e-03,4.076109313964843750e+01
-3.924811631441116333e-02,-7.967370003461837769e-02,-4.366544540971517563e-03,4.076585412025451660e+01
-3.925349563360214233e-02,-7.968433946371078491e-02,-4.404614213854074478e-03,4.077090907096862793e+01
-3.926775977015495300e-02,-7.969408482313156128e-02,-4.447896964848041534e-03,4.077591109275817871e+01
-3.938335925340652466e-02,-7.964292168617248535e-02,-4.566019866615533829e-03,4.078092718124389648e+01
-3.941375762224197388e-02,-7.966589182615280151e-02,-4.599612206220626831e-03,4.078592014312744141e+01
-3.944234177470207214e-02,-7.968414574861526489e-02,-4.637166857719421387e-03,4.079101109504699707e+01
-3.947438299655914307e-02,-7.970612496137619019e-02,-4.670271649956703186e-03,4.079609203338623047e+01
-3.949931636452674866e-02,-7.972114533185958862e-02,-4.704740829765796661e-03,4.080092906951904297e+01
-3.952943533658981323e-02,-7.974060624837875366e-02,-4.736906383186578751e-03,4.080590820312500000e+01
-3.956019878387451172e-02,-7.976070791482925415e-02,-4.768512677401304245e-03,4.081093311309814453e+01
-3.956661745905876160e-02,-7.967263460159301758e-02,-4.678796511143445969e-03,4.081600308418273926e+01
-3.957896679639816284e-02,-7.969383895397186279e-02,-4.725507460534572601e-03,4.082098913192749023e+01
-3.958821296691894531e-02,-7.971837371587753296e-02,-4.779490642249584198e-03,4.082601809501647949e+01
-3.960359841585159302e-02,-7.974766194820404053e-02,-4.826377145946025848e-03,4.083119511604309082e+01
-3.961470350623130798e-02,-7.977829873561859131e-02,-4.878611303865909576e-03,4.083587813377380371e+01
-3.962536528706550598e-02,-7.981119304895401001e-02,-4.932498093694448471e-03,4.084098720550537109e+01
-3.959673270583152771e-02,-7.960920780897140503e-02,-4.831864032894372940e-03,4.084598517417907715e+01
-3.962291404604911804e-02,-7.964517921209335327e-02,-4.848479758948087692e-03,4.085107421875000000e+01
-3.964116051793098450e-02,-7.967828214168548584e-02,-4.872009158134460449e-03,4.085606718063354492e+01
-3.966171666979789734e-02,-7.971454411745071411e-02,-4.891491029411554337e-03,4.086135220527648926e+01
-3.969608247280120850e-02,-7.974950969219207764e-02,-4.913000855594873428e-03,4.086608505249023438e+01
-3.973099589347839355e-02,-7.978979498147964478e-02,-4.931238945573568344e-03,4.087103199958801270e+01
-3.950096666812896729e-02,-7.957210391759872437e-02,-4.822758492082357407e-03,4.087616014480590820e+01
-3.949801996350288391e-02,-7.957895100116729736e-02,-4.856888670474290848e-03,4.088112020492553711e+01
-3.951472789049148560e-02,-7.960283011198043823e-02,-4.886575043201446533e-03,4.088606715202331543e+01
-3.953041881322860718e-02,-7.962638139724731445e-02,-4.914965014904737473e-03,4.089109015464782715e+01
-3.956188634037971497e-02,-7.965643703937530518e-02,-4.952219780534505844e-03,4.089621114730834961e+01
-3.958973661065101624e-02,-7.968333363533020020e-02,-4.988514352589845657e-03,4.090107011795043945e+01
-3.962146118283271790e-02,-7.971135526895523071e-02,-5.027285777032375336e-03,4.090615415573120117e+01
-3.953515365719795227e-02,-7.936985045671463013e-02,-4.786178469657897949e-03,4.091110301017761230e+01
-3.956672921776771545e-02,-7.936618477106094360e-02,-4.816550295799970627e-03,4.091614198684692383e+01
-3.960189223289489746e-02,-7.936109602451324463e-02,-4.850732162594795227e-03,4.092132902145385742e+01
-3.964079543948173523e-02,-7.935490459203720093e-02,-4.888340365141630173e-03,4.092690300941467285e+01
-3.982719406485557556e-02,-7.941660284996032715e-02,-4.945740103721618652e-03,4.093118500709533691e+01
-3.992513194680213928e-02,-7.942620664834976196e-02,-4.998306278139352798e-03,4.093678617477416992e+01
-4.003617540001869202e-02,-7.943727076053619385e-02,-5.056136287748813629e-03,4.094116902351379395e+01
-3.985551744699478149e-02,-7.941129803657531738e-02,-4.941452294588088989e-03,4.094678401947021484e+01
-3.995897620916366577e-02,-7.943357527256011963e-02,-4.990002606064081192e-03,4.095108819007873535e+01
-4.007108137011528015e-02,-7.946142554283142090e-02,-5.038514733314514160e-03,4.095620799064636230e+01
-4.015825316309928894e-02,-7.949427515268325806e-02,-5.047978367656469345e-03,4.096149706840515137e+01
-4.025880619883537292e-02,-7.952836155891418457e-02,-5.060699302703142166e-03,4.096667313575744629e+01
-4.035843908786773682e-02,-7.956425845623016357e-02,-5.059425253421068192e-03,4.097116112709045410e+01
-4.043528810143470764e-02,-7.957795262336730957e-02,-5.026730243116617203e-03,4.097629404067993164e+01
-3.973973914980888367e-02,-7.935696840286254883e-02,-4.747733008116483688e-03,4.098117518424987793e+01
-3.973183035850524902e-02,-7.936001569032669067e-02,-4.684242885559797287e-03,4.098649811744689941e+01
-3.973880037665367126e-02,-7.939393073320388794e-02,-4.649050999432802200e-03,4.099135303497314453e+01
-3.973096609115600586e-02,-7.941076159477233887e-02,-4.586986266076564789e-03,4.099667716026306152e+01
-3.972020372748374939e-02,-7.943210005760192871e-02,-4.519542679190635681e-03,4.100141811370849609e+01
-3.970653936266899109e-02,-7.945805042982101440e-02,-4.444702994078397751e-03,4.100688815116882324e+01
-3.974855691194534302e-02,-7.948347926139831543e-02,-4.328993614763021469e-03,4.101129102706909180e+01
-3.974183276295661926e-02,-7.952681928873062134e-02,-4.279123153537511826e-03,4.101667904853820801e+01
-3.973652794957160950e-02,-7.957542687654495239e-02,-4.228736273944377899e-03,4.102125310897827148e+01
-3.970034420490264893e-02,-7.961361110210418701e-02,-4.171860869973897934e-03,4.102674698829650879e+01
-3.967903181910514832e-02,-7.966557890176773071e-02,-4.120750352740287781e-03,4.103118014335632324e+01
-3.965422138571739197e-02,-7.972188293933868408e-02,-4.070776049047708511e-03,4.103652620315551758e+01
-3.958516567945480347e-02,-7.977078855037689209e-02,-4.014615900814533234e-03,4.104121303558349609e+01
-3.939908742904663086e-02,-7.960339635610580444e-02,-3.661631839349865913e-03,4.104684615135192871e+01
-3.928330913186073303e-02,-7.962793111801147461e-02,-3.581680124625563622e-03,4.105138516426086426e+01
-3.910702839493751526e-02,-7.966370135545730591e-02,-3.491731826215982437e-03,4.105678415298461914e+01
-3.893171250820159912e-02,-7.969686388969421387e-02,-3.403492039069533348e-03,4.106162118911743164e+01
-3.873313963413238525e-02,-7.973162084817886353e-02,-3.313551656901836395e-03,4.106690502166748047e+01
-3.854009881615638733e-02,-7.977075874805450439e-02,-3.224509768187999725e-03,4.107135605812072754e+01
-3.831986710429191589e-02,-7.981105893850326538e-02,-3.128220094367861748e-03,4.107691001892089844e+01
-3.907163441181182861e-02,-7.958700507879257202e-02,-3.206201130524277687e-03,4.108150100708007812e+01
-3.895786404609680176e-02,-7.959166914224624634e-02,-3.169425297528505325e-03,4.108721613883972168e+01
-3.880491480231285095e-02,-7.960532605648040771e-02,-3.108358941972255707e-03,4.109136700630187988e+01
-3.865096718072891235e-02,-7.961999624967575073e-02,-3.058391856029629707e-03,4.109698605537414551e+01
-3.849612921476364136e-02,-7.963565737009048462e-02,-3.018102375790476799e-03,4.110143399238586426e+01
-3.840629383921623230e-02,-7.964339107275009155e-02,-3.046156838536262512e-03,4.110686111450195312e+01
-3.829429671168327332e-02,-7.965651899576187134e-02,-3.068253165110945702e-03,4.111142301559448242e+01
-3.973705321550369263e-02,-7.964898645877838135e-02,-3.439298830926418304e-03,4.111680507659912109e+01
-3.973865136504173279e-02,-7.965508103370666504e-02,-3.511495888233184814e-03,4.112148118019104004e+01
-3.976005688309669495e-02,-7.965754717588424683e-02,-3.612907603383064270e-03,4.112688302993774414e+01
-3.979049250483512878e-02,-7.966128736734390259e-02,-3.729819320142269135e-03,4.113153409957885742e+01
-3.983626887202262878e-02,-7.965684682130813599e-02,-3.838652744889259338e-03,4.113666105270385742e+01
-3.988983109593391418e-02,-7.965363562107086182e-02,-3.969856072217226028e-03,4.114155220985412598e+01
-4.041010513901710510e-02,-7.963875681161880493e-02,-3.355139400810003281e-03,4.114682602882385254e+01
-4.048003256320953369e-02,-7.964092493057250977e-02,-3.401793539524078369e-03,4.115161108970642090e+01
-4.056963324546813965e-02,-7.963314652442932129e-02,-3.477344755083322525e-03,4.115689110755920410e+01
-4.066464677453041077e-02,-7.962545007467269897e-02,-3.554386552423238754e-03,4.116164517402648926e+01
-4.071106389164924622e-02,-7.961610704660415649e-02,-3.600527299568057060e-03,4.116644620895385742e+01
-4.077070578932762146e-02,-7.960911095142364502e-02,-3.653779393061995506e-03,4.117538714408874512e+01
-4.082049429416656494e-02,-7.960347086191177368e-02,-3.698982764035463333e-03,4.117694520950317383e+01
-4.059589654207229614e-02,-7.988376170396804810e-02,-3.324099117890000343e-03,4.118167400360107422e+01
-4.059058800339698792e-02,-7.989810407161712646e-02,-3.323892131447792053e-03,4.118682003021240234e+01
-4.057551920413970947e-02,-7.991351187229156494e-02,-3.316202200949192047e-03,4.119187211990356445e+01
-4.055073112249374390e-02,-7.992935925722122192e-02,-3.301055170595645905e-03,4.119712400436401367e+01
-4.052780196070671082e-02,-7.994469255208969116e-02,-3.311545122414827347e-03,4.120169615745544434e+01
-4.049346596002578735e-02,-7.996232062578201294e-02,-3.310231724753975868e-03,4.120697212219238281e+01
-4.068368300795555115e-02,-7.996949553489685059e-02,-3.531379392370581627e-03,4.121169209480285645e+01
-4.070111364126205444e-02,-7.998382300138473511e-02,-3.577176714316010475e-03,4.121696019172668457e+01
-4.069297015666961670e-02,-8.000101894140243530e-02,-3.616918809711933136e-03,4.122158503532409668e+01
-4.068661481142044067e-02,-8.001782000064849854e-02,-3.662521485239267349e-03,4.122689199447631836e+01
-4.069014266133308411e-02,-8.003045618534088135e-02,-3.717549843713641167e-03,4.123167014122009277e+01
-4.069430008530616760e-02,-8.004458993673324585e-02,-3.777856705710291862e-03,4.123684501647949219e+01
-4.070263728499412537e-02,-8.005760610103607178e-02,-3.844695165753364563e-03,4.124173808097839355e+01
-4.086632654070854187e-02,-7.992837578058242798e-02,-3.943341318517923355e-03,4.124684405326843262e+01
-4.089450091123580933e-02,-7.993457466363906860e-02,-4.013979807496070862e-03,4.125174498558044434e+01
-4.092612117528915405e-02,-7.994199544191360474e-02,-4.087002016603946686e-03,4.125708007812500000e+01
-4.094363749027252197e-02,-7.995035499334335327e-02,-4.145446233451366425e-03,4.126235818862915039e+01
-4.096716269850730896e-02,-7.995890825986862183e-02,-4.209081642329692841e-03,4.126701903343200684e+01
-4.098920151591300964e-02,-7.996757328510284424e-02,-4.269170574843883514e-03,4.127178215980529785e+01
-4.075212776660919189e-02,-7.994204759597778320e-02,-4.223179537802934647e-03,4.127704215049743652e+01
-4.074838757514953613e-02,-7.996216416358947754e-02,-4.267157521098852158e-03,4.128177499771118164e+01
-4.074413329362869263e-02,-7.997728884220123291e-02,-4.310260992497205734e-03,4.128697299957275391e+01
-4.073814675211906433e-02,-7.999430596828460693e-02,-4.347343463450670242e-03,4.129186320304870605e+01
-4.073034226894378662e-02,-8.001913875341415405e-02,-4.382238723337650299e-03,4.129720616340637207e+01
-4.072040691971778870e-02,-8.004567027091979980e-02,-4.413485061377286911e-03,4.130186104774475098e+01
-4.070853069424629211e-02,-8.007727563381195068e-02,-4.442512057721614838e-03,4.130703520774841309e+01
-4.071575775742530823e-02,-8.013387769460678101e-02,-4.458724986761808395e-03,4.131182909011840820e+01
-4.070791602134704590e-02,-8.016988635063171387e-02,-4.491863306611776352e-03,4.131700110435485840e+01
-4.070010408759117126e-02,-8.020830899477005005e-02,-4.523992538452148438e-03,4.132186222076416016e+01
-4.069753363728523254e-02,-8.023580908775329590e-02,-4.543610848486423492e-03,4.132710814476013184e+01
-4.069292545318603516e-02,-8.027078956365585327e-02,-4.568258766084909439e-03,4.133202600479125977e+01
-4.068903997540473938e-02,-8.030813187360763550e-02,-4.593527410179376602e-03,4.133718609809875488e+01
-4.068890959024429321e-02,-8.034700155258178711e-02,-4.626466892659664154e-03,4.134198999404907227e+01
-4.071184247732162476e-02,-8.011376112699508667e-02,-4.418382886797189713e-03,4.134710407257080078e+01
-4.071732610464096069e-02,-8.012893795967102051e-02,-4.418204072862863541e-03,4.135203599929809570e+01
-4.072447493672370911e-02,-8.014585077762603760e-02,-4.416524432599544525e-03,4.135702300071716309e+01
-4.072319343686103821e-02,-8.017803728580474854e-02,-4.429605789482593536e-03,4.136208415031433105e+01
-4.072835668921470642e-02,-8.019975572824478149e-02,-4.431040026247501373e-03,4.136700916290283203e+01
-4.073413833975791931e-02,-8.022233843803405762e-02,-4.430466331541538239e-03,4.137180399894714355e+01
-4.067790508270263672e-02,-8.004982024431228638e-02,-4.401026759296655655e-03,4.137704300880432129e+01
-4.066454246640205383e-02,-8.006709814071655273e-02,-4.417978227138519287e-03,4.138196706771850586e+01
-4.064745455980300903e-02,-8.008801192045211792e-02,-4.439157433807849884e-03,4.138697004318237305e+01
-4.060464352369308472e-02,-8.011309057474136353e-02,-4.454975947737693787e-03,4.139175009727478027e+01
-4.056616127490997314e-02,-8.014110475778579712e-02,-4.478510934859514236e-03,4.139718008041381836e+01
-4.052018374204635620e-02,-8.017224073410034180e-02,-4.503959789872169495e-03,4.140207600593566895e+01
-4.047781601548194885e-02,-8.019988983869552612e-02,-4.510563332587480545e-03,4.140693712234497070e+01
-4.065638408064842224e-02,-8.011037856340408325e-02,-4.483511205762624741e-03,4.141207814216613770e+01
-4.062094911932945251e-02,-8.014269173145294189e-02,-4.485821351408958435e-03,4.141706800460815430e+01
-4.058731719851493835e-02,-8.015185594558715820e-02,-4.488944076001644135e-03,4.142201304435729980e+01
-4.054768010973930359e-02,-8.017400652170181274e-02,-4.483258817344903946e-03,4.142717313766479492e+01
-4.050488024950027466e-02,-8.019479364156723022e-02,-4.475467372685670853e-03,4.143211913108825684e+01
-4.045894369482994080e-02,-8.021466434001922607e-02,-4.466484766453504562e-03,4.143696022033691406e+01
-4.042594134807586670e-02,-8.023343235254287720e-02,-4.477606620639562607e-03,4.144201207160949707e+01
-4.047853872179985046e-02,-7.992706447839736938e-02,-4.461983218789100647e-03,4.144708204269409180e+01
-4.045314714312553406e-02,-7.992582023143768311e-02,-4.479496739804744720e-03,4.145222616195678711e+01
-4.041457921266555786e-02,-7.993495464324951172e-02,-4.506244789808988571e-03,4.145713615417480469e+01
-4.038145765662193298e-02,-7.994100451469421387e-02,-4.534706939011812210e-03,4.146228003501892090e+01
-4.034648090600967407e-02,-7.994864881038665771e-02,-4.568807315081357956e-03,4.146714711189270020e+01
-4.030359163880348206e-02,-7.996869087219238281e-02,-4.600962158292531967e-03,4.147220206260681152e+01
-4.025971516966819763e-02,-7.998814433813095093e-02,-4.636788740754127502e-03,4.147730898857116699e+01
-4.027374088764190674e-02,-7.990378141403198242e-02,-4.365871660411357880e-03,4.148224806785583496e+01
-4.023060575127601624e-02,-7.993070036172866821e-02,-4.365209024399518967e-03,4.148732209205627441e+01
-4.018346965312957764e-02,-7.996506989002227783e-02,-4.371393471956253052e-03,4.149231410026550293e+01
-4.013260453939437866e-02,-8.000684529542922974e-02,-4.379505757242441177e-03,4.149744009971618652e+01
-4.008454456925392151e-02,-8.005286753177642822e-02,-4.397644195705652237e-03,4.150226020812988281e+01
-4.003211110830307007e-02,-8.010061830282211304e-02,-4.413236398249864578e-03,4.150732207298278809e+01
-4.016146808862686157e-02,-7.982423156499862671e-02,-4.530368372797966003e-03,4.151218914985656738e+01
-4.017385095357894897e-02,-7.983256131410598755e-02,-4.514425527304410934e-03,4.151750206947326660e+01
-4.017044231295585632e-02,-7.984772324562072754e-02,-4.509571008384227753e-03,4.152227616310119629e+01
-4.017401486635208130e-02,-7.986148446798324585e-02,-4.497134126722812653e-03,4.152745604515075684e+01
-4.018440842628479004e-02,-7.987434417009353638e-02,-4.475820343941450119e-03,4.153231406211853027e+01
-4.022011905908584595e-02,-7.987987250089645386e-02,-4.466080106794834137e-03,4.153734517097473145e+01
-4.025663435459136963e-02,-7.988839596509933472e-02,-4.441945813596248627e-03,4.154228305816650391e+01
-4.030678421258926392e-02,-7.963974773883819580e-02,-4.603847861289978027e-03,4.154737019538879395e+01
-4.036156460642814636e-02,-7.967060804367065430e-02,-4.628533031791448593e-03,4.155231404304504395e+01
-4.043411463499069214e-02,-7.968519628047943115e-02,-4.632208030670881271e-03,4.155737209320068359e+01
-4.051392152905464172e-02,-7.970366626977920532e-02,-4.638129379600286484e-03,4.156252598762512207e+01
-4.058679565787315369e-02,-7.971364259719848633e-02,-4.647273104637861252e-03,4.156736302375793457e+01
-4.066914692521095276e-02,-7.973098754882812500e-02,-4.659774247556924820e-03,4.157524704933166504e+01
-4.075484350323677063e-02,-7.975012063980102539e-02,-4.676950629800558090e-03,4.157737302780151367e+01
-4.007640108466148376e-02,-7.958044856786727905e-02,-4.400713834911584854e-03,4.158229112625122070e+01
-4.012182727456092834e-02,-7.959891110658645630e-02,-4.388973582535982132e-03,4.158755517005920410e+01
-4.017036035656929016e-02,-7.961978018283843994e-02,-4.373484756797552109e-03,4.159272599220275879e+01
-4.022805392742156982e-02,-7.963781803846359253e-02,-4.328749608248472214e-03,4.159751510620117188e+01
-4.028802365064620972e-02,-7.965862751007080078e-02,-4.285478964447975159e-03,4.160245418548583984e+01
-4.035291075706481934e-02,-7.967995107173919678e-02,-4.231600090861320496e-03,4.160758709907531738e+01
-3.975103795528411865e-02,-7.954885065555572510e-02,-4.226410295814275742e-03,4.161246609687805176e+01
-3.977862745523452759e-02,-7.953482866287231445e-02,-4.191109910607337952e-03,4.161756205558776855e+01
-3.981667384505271912e-02,-7.953303307294845581e-02,-4.132161848247051239e-03,4.162249898910522461e+01
-3.985778242349624634e-02,-7.952730357646942139e-02,-4.068997222930192947e-03,4.162762403488159180e+01
-3.989662230014801025e-02,-7.952751964330673218e-02,-4.055265802890062332e-03,4.163249611854553223e+01
-3.993950039148330688e-02,-7.952401041984558105e-02,-4.028850700706243515e-03,4.163751411437988281e+01
-3.998386114835739136e-02,-7.952175289392471313e-02,-4.011659882962703705e-03,4.164248704910278320e+01
-3.953492641448974609e-02,-7.940125465393066406e-02,-4.296842496842145920e-03,4.164757609367370605e+01
-3.954010829329490662e-02,-7.940451800823211670e-02,-4.341816063970327377e-03,4.165259504318237305e+01
-3.954376280307769775e-02,-7.940952479839324951e-02,-4.397915676236152649e-03,4.165757918357849121e+01
-3.954171761870384216e-02,-7.940872758626937866e-02,-4.440706688910722733e-03,4.166268420219421387e+01
-3.953870758414268494e-02,-7.941256463527679443e-02,-4.501292016357183456e-03,4.166764116287231445e+01
-3.953297436237335205e-02,-7.941727340221405029e-02,-4.569277167320251465e-03,4.167263317108154297e+01
-3.931742534041404724e-02,-7.940579205751419067e-02,-4.203142598271369934e-03,4.167766213417053223e+01
-3.929480537772178650e-02,-7.941605150699615479e-02,-4.231653176248073578e-03,4.168263721466064453e+01
-3.926971554756164551e-02,-7.942909747362136841e-02,-4.254948347806930542e-03,4.168752908706665039e+01
-3.924243152141571045e-02,-7.944435626268386841e-02,-4.274345934391021729e-03,4.169269299507141113e+01
-3.919567167758941650e-02,-7.945050299167633057e-02,-4.280806053429841995e-03,4.169775700569152832e+01
-3.915261849761009216e-02,-7.946153730154037476e-02,-4.280203022062778473e-03,4.170261216163635254e+01
-3.910410404205322266e-02,-7.947313785552978516e-02,-4.271556623280048370e-03,4.170771312713623047e+01
-3.927091509103775024e-02,-7.936014980077743530e-02,-4.203433170914649963e-03,4.171263599395751953e+01
-3.923339769244194031e-02,-7.936589419841766357e-02,-4.207501653581857681e-03,4.171772217750549316e+01
-3.919219225645065308e-02,-7.937213033437728882e-02,-4.210751503705978394e-03,4.172269511222839355e+01
-3.915495052933692932e-02,-7.939582318067550659e-02,-4.247877746820449829e-03,4.172789716720581055e+01
-3.911058977246284485e-02,-7.941098511219024658e-02,-4.275501705706119537e-03,4.173264002799987793e+01
-3.906347602605819702e-02,-7.942865043878555298e-02,-4.310763906687498093e-03,4.173766303062438965e+01
-3.901384025812149048e-02,-7.944767177104949951e-02,-4.348001908510923386e-03,4.174265718460083008e+01
-3.920494019985198975e-02,-7.934139668941497803e-02,-4.379305522888898849e-03,4.174770307540893555e+01
-3.916938975453376770e-02,-7.936201989650726318e-02,-4.420008976012468338e-03,4.175266218185424805e+01
-3.912313655018806458e-02,-7.938044518232345581e-02,-4.414458759129047394e-03,4.175771999359130859e+01
-3.907718881964683533e-02,-7.940437644720077515e-02,-4.430564586073160172e-03,4.176294422149658203e+01
-3.902726992964744568e-02,-7.943041622638702393e-02,-4.440704360604286194e-03,4.176756215095520020e+01
-3.896685689687728882e-02,-7.946266233921051025e-02,-4.442705772817134857e-03,4.177280211448669434e+01
-3.924869745969772339e-02,-7.935243099927902222e-02,-4.378803540021181107e-03,4.177758407592773438e+01
-3.920356929302215576e-02,-7.937970012426376343e-02,-4.366023931652307510e-03,4.178266716003417969e+01
-3.915199637413024902e-02,-7.940950244665145874e-02,-4.346681758761405945e-03,4.178782606124877930e+01
-3.913656249642372131e-02,-7.943177223205566406e-02,-4.333144985139369965e-03,4.179279804229736328e+01
-3.909781947731971741e-02,-7.946237176656723022e-02,-4.302843008190393448e-03,4.179782009124755859e+01
-3.905947133898735046e-02,-7.949503511190414429e-02,-4.264164250344038010e-03,4.180282902717590332e+01
-3.903440758585929871e-02,-7.952661067247390747e-02,-4.225212614983320236e-03,4.180785799026489258e+01
-3.925548121333122253e-02,-7.929903268814086914e-02,-4.315887577831745148e-03,4.181283903121948242e+01
-3.926387801766395569e-02,-7.930936664342880249e-02,-4.291599150747060776e-03,4.181768608093261719e+01
-3.928874060511589050e-02,-7.932311296463012695e-02,-4.298130050301551819e-03,4.182282400131225586e+01
-3.931287303566932678e-02,-7.933482527732849121e-02,-4.292594268918037415e-03,4.182807207107543945e+01
-3.934308513998985291e-02,-7.934674620628356934e-02,-4.291893914341926575e-03,4.183283615112304688e+01
-3.936960175633430481e-02,-7.936577498912811279e-02,-4.292641300708055496e-03,4.183767819404602051e+01
-3.940358757972717285e-02,-7.938406616449356079e-02,-4.298737272620201111e-03,4.184282112121582031e+01
-3.944246843457221985e-02,-7.916358113288879395e-02,-4.130998626351356506e-03,4.184783220291137695e+01
-3.946715593338012695e-02,-7.917757332324981689e-02,-4.133325535804033279e-03,4.185281705856323242e+01
-3.949946910142898560e-02,-7.919475436210632324e-02,-4.131636582314968109e-03,4.185796499252319336e+01
-3.953233361244201660e-02,-7.921203970909118652e-02,-4.134092014282941818e-03,4.186304616928100586e+01
-3.956586495041847229e-02,-7.922992855310440063e-02,-4.141949582844972610e-03,4.186801004409790039e+01
-3.960553184151649475e-02,-7.924063503742218018e-02,-4.138320684432983398e-03,4.187292718887329102e+01
-3.927450627088546753e-02,-7.906972616910934448e-02,-4.153413698077201843e-03,4.187800312042236328e+01
-3.929173946380615234e-02,-7.906891405582427979e-02,-4.163068719208240509e-03,4.188295316696166992e+01
-3.931533917784690857e-02,-7.905390858650207520e-02,-4.201076459139585495e-03,4.188804316520690918e+01
-3.933916240930557251e-02,-7.904416322708129883e-02,-4.226882942020893097e-03,4.189307498931884766e+01
-3.936552628874778748e-02,-7.903189212083816528e-02,-4.258109722286462784e-03,4.189809799194335938e+01
-3.938942030072212219e-02,-7.903021574020385742e-02,-4.307973664253950119e-03,4.190293502807617188e+01
-3.941683471202850342e-02,-7.902342081069946289e-02,-4.360537976026535034e-03,4.190801715850830078e+01
-3.910301998257637024e-02,-7.891529798507690430e-02,-4.139126744121313095e-03,4.191294121742248535e+01
-3.910223394632339478e-02,-7.892084866762161255e-02,-4.166703671216964722e-03,4.191805100440979004e+01
-3.910560905933380127e-02,-7.891993224620819092e-02,-4.210437182337045670e-03,4.192294502258300781e+01
-3.910816833376884460e-02,-7.892000675201416016e-02,-4.256500396877527237e-03,4.192827105522155762e+01
-3.910388424992561340e-02,-7.892706990242004395e-02,-4.290849436074495316e-03,4.193295907974243164e+01
-3.909959271550178528e-02,-7.893571257591247559e-02,-4.332914948463439941e-03,4.193793106079101562e+01
-3.909286856651306152e-02,-7.894720882177352905e-02,-4.376322962343692780e-03,4.194308614730834961e+01
-3.886956721544265747e-02,-7.902877032756805420e-02,-4.268185701221227646e-03,4.194808816909790039e+01
-3.881216049194335938e-02,-7.905911654233932495e-02,-4.260945599526166916e-03,4.195305109024047852e+01
-3.876691684126853943e-02,-7.909500598907470703e-02,-4.276912659406661987e-03,4.195812416076660156e+01
-3.871473297476768494e-02,-7.913494855165481567e-02,-4.287815187126398087e-03,4.196333217620849609e+01
-3.866532817482948303e-02,-7.916174083948135376e-02,-4.289144650101661682e-03,4.196830320358276367e+01
-3.860767558217048645e-02,-7.919458299875259399e-02,-4.285540431737899780e-03,4.197434020042419434e+01
-3.877290710806846619e-02,-7.891737669706344604e-02,-4.188627470284700394e-03,4.197819900512695312e+01
-3.874842822551727295e-02,-7.891231775283813477e-02,-4.189065191894769669e-03,4.198304414749145508e+01
-3.871243819594383240e-02,-7.891166955232620239e-02,-4.172717686742544174e-03,4.198811221122741699e+01
-3.867524117231369019e-02,-7.891020178794860840e-02,-4.155292641371488571e-03,4.199330306053161621e+01
-3.863787278532981873e-02,-7.891902327537536621e-02,-4.164391197264194489e-03,4.199836015701293945e+01
-3.859914466738700867e-02,-7.892259955406188965e-02,-4.167777020484209061e-03,4.200320005416870117e+01
-3.855941444635391235e-02,-7.892618328332901001e-02,-4.178311210125684738e-03,4.200828218460083008e+01
-3.871171176433563232e-02,-7.881265133619308472e-02,-4.298412706702947617e-03,4.201314115524291992e+01
-3.866591304540634155e-02,-7.881715148687362671e-02,-4.328555427491664886e-03,4.201846098899841309e+01
-3.861278668045997620e-02,-7.882440090179443359e-02,-4.361140541732311249e-03,4.202319121360778809e+01
-3.852593526244163513e-02,-7.884309440851211548e-02,-4.377344157546758652e-03,4.202837109565734863e+01
-3.843472152948379517e-02,-7.886032015085220337e-02,-4.403064958751201630e-03,4.203310799598693848e+01
-3.832842782139778137e-02,-7.888133078813552856e-02,-4.427910316735506058e-03,4.203823113441467285e+01
-3.831696137785911560e-02,-7.888676226139068604e-02,-4.617984872311353683e-03,4.204322600364685059e+01
-3.820255026221275330e-02,-7.890941947698593140e-02,-4.626125562936067581e-03,4.204829216003417969e+01
-3.806680813431739807e-02,-7.893399894237518311e-02,-4.647089168429374695e-03,4.205317020416259766e+01
-3.791796416044235229e-02,-7.896028459072113037e-02,-4.666491411626338959e-03,4.205840110778808594e+01
-3.776598349213600159e-02,-7.898330688476562500e-02,-4.679696168750524521e-03,4.206334519386291504e+01
-3.759955242276191711e-02,-7.901014387607574463e-02,-4.687648732215166092e-03,4.206821417808532715e+01
-3.742301836609840393e-02,-7.903824001550674438e-02,-4.688764922320842743e-03,4.207330012321472168e+01
-3.811720013618469238e-02,-7.889733463525772095e-02,-4.644004162400960922e-03,4.207815408706665039e+01
-3.800526261329650879e-02,-7.892081141471862793e-02,-4.634866956621408463e-03,4.208328604698181152e+01
-3.788852691650390625e-02,-7.894581556320190430e-02,-4.623051732778549194e-03,4.208851504325866699e+01
-3.777144104242324829e-02,-7.897987961769104004e-02,-4.629298113286495209e-03,4.209336614608764648e+01
-3.764874860644340515e-02,-7.901393622159957886e-02,-4.630781710147857666e-03,4.209827613830566406e+01
-3.752232342958450317e-02,-7.905177026987075806e-02,-4.637580830603837967e-03,4.210310101509094238e+01
-3.738412261009216309e-02,-7.910058647394180298e-02,-4.645831882953643799e-03,4.210838508605957031e+01
-3.803614154458045959e-02,-7.893002033233642578e-02,-4.847335163503885269e-03,4.211319708824157715e+01
-3.795517981052398682e-02,-7.897318899631500244e-02,-4.862374160438776016e-03,4.211838603019714355e+01
-3.786850348114967346e-02,-7.902222126722335815e-02,-4.878761712461709976e-03,4.212338900566101074e+01
-3.777010738849639893e-02,-7.908795028924942017e-02,-4.867654759436845779e-03,4.212879705429077148e+01
-3.766810148954391479e-02,-7.915068417787551880e-02,-4.867115523666143417e-03,4.213330316543579102e+01
-3.755915164947509766e-02,-7.921890914440155029e-02,-4.861445166170597076e-03,4.213836312294006348e+01
-3.788975626230239868e-02,-7.897955924272537231e-02,-4.699082113802433014e-03,4.214341402053833008e+01
-3.782342001795768738e-02,-7.903740555047988892e-02,-4.651440307497978210e-03,4.214850711822509766e+01
-3.775292262434959412e-02,-7.910113036632537842e-02,-4.594036843627691269e-03,4.215339612960815430e+01
-3.776028007268905640e-02,-7.915034890174865723e-02,-4.536670632660388947e-03,4.215850710868835449e+01
-3.773239254951477051e-02,-7.921133190393447876e-02,-4.467219579964876175e-03,4.216341400146484375e+01
-3.771398589015007019e-02,-7.927259057760238647e-02,-4.390606656670570374e-03,4.216848516464233398e+01
-3.777648136019706726e-02,-7.931050658226013184e-02,-4.319868516176939011e-03,4.217349720001220703e+01
-3.808091580867767334e-02,-7.894227653741836548e-02,-4.371428396552801132e-03,4.217849421501159668e+01
-3.823003172874450684e-02,-7.896032184362411499e-02,-4.305059555917978287e-03,4.218350315093994141e+01
-3.849861025810241699e-02,-7.897808402776718140e-02,-4.229497630149126053e-03,4.218836212158203125e+01
-3.876756504178047180e-02,-7.898831367492675781e-02,-4.149321001023054123e-03,4.219383907318115234e+01
-3.908336535096168518e-02,-7.899342477321624756e-02,-4.064048174768686295e-03,4.219856214523315430e+01
-3.941102698445320129e-02,-7.898388057947158813e-02,-4.000078886747360229e-03,4.220376300811767578e+01
-3.979086130857467651e-02,-7.897542417049407959e-02,-3.927681129425764084e-03,4.220847511291503906e+01
-3.851287811994552612e-02,-7.859046757221221924e-02,-3.728470532223582268e-03,4.221364212036132812e+01
-3.886165842413902283e-02,-7.855600118637084961e-02,-3.661034163087606430e-03,4.221849799156188965e+01
-3.917403891682624817e-02,-7.853652536869049072e-02,-3.724205540493130684e-03,4.222341513633728027e+01
-3.955467417836189270e-02,-7.850619405508041382e-02,-3.735056845471262932e-03,4.222878408432006836e+01
-3.996156901121139526e-02,-7.847665995359420776e-02,-3.769427305087447166e-03,4.223363709449768066e+01
-4.029806703329086304e-02,-7.846080511808395386e-02,-3.833084367215633392e-03,4.223847508430480957e+01
-4.067444801330566406e-02,-7.844021171331405640e-02,-3.917255438864231110e-03,4.224358606338500977e+01
-3.803457319736480713e-02,-7.858245074748992920e-02,-3.858631942421197891e-03,4.224859499931335449e+01
-3.803216665983200073e-02,-7.854680716991424561e-02,-3.839523997157812119e-03,4.225360107421875000e+01
-3.808438405394554138e-02,-7.851847261190414429e-02,-3.889464773237705231e-03,4.225861811637878418e+01
-3.810770437121391296e-02,-7.848886400461196899e-02,-3.937211353331804276e-03,4.226382398605346680e+01
-3.810892999172210693e-02,-7.845964282751083374e-02,-3.940587863326072693e-03,4.226869821548461914e+01
-3.808013722300529480e-02,-7.842709869146347046e-02,-3.950467798858880997e-03,4.227377605438232422e+01
-3.668395429849624634e-02,-7.859853655099868774e-02,-3.421142697334289551e-03,4.227878212928771973e+01
-3.656798973679542542e-02,-7.860516756772994995e-02,-3.394304076209664345e-03,4.228375315666198730e+01
-3.640903905034065247e-02,-7.860068976879119873e-02,-3.348089521750807762e-03,4.228884911537170410e+01
-3.623227402567863464e-02,-7.860065996646881104e-02,-3.294399240985512733e-03,4.229390716552734375e+01
-3.603782504796981812e-02,-7.860391587018966675e-02,-3.233751049265265465e-03,4.229891610145568848e+01
-3.584694117307662964e-02,-7.860455662012100220e-02,-3.191661322489380836e-03,4.230383515357971191e+01
-3.563155606389045715e-02,-7.861161977052688599e-02,-3.129671793431043625e-03,4.230887222290039062e+01
-3.622189164161682129e-02,-7.885020971298217773e-02,-3.414100268855690956e-03,4.231357908248901367e+01
-3.618387505412101746e-02,-7.886366546154022217e-02,-3.391685197129845619e-03,4.231881618499755859e+01
-3.607763350009918213e-02,-7.888416945934295654e-02,-3.366674296557903290e-03,4.232377314567565918e+01
-3.597948327660560608e-02,-7.890619337558746338e-02,-3.345408011227846146e-03,4.232902812957763672e+01
-3.588667139410972595e-02,-7.891784608364105225e-02,-3.340615890920162201e-03,4.233376908302307129e+01
-3.580260276794433594e-02,-7.893203198909759521e-02,-3.333677770569920540e-03,4.233887004852294922e+01
-3.653879091143608093e-02,-7.867760956287384033e-02,-3.244375111535191536e-03,4.234371900558471680e+01
-3.654965013265609741e-02,-7.869580388069152832e-02,-3.257065545767545700e-03,4.234893012046813965e+01
-3.656217083334922791e-02,-7.870253920555114746e-02,-3.269654931500554085e-03,4.235386800765991211e+01
-3.658489137887954712e-02,-7.870946079492568970e-02,-3.292429726570844650e-03,4.235891103744506836e+01
-3.660856187343597412e-02,-7.870796322822570801e-02,-3.335608635097742081e-03,4.236387920379638672e+01
-3.664392605423927307e-02,-7.871031761169433594e-02,-3.382366849109530449e-03,4.237231016159057617e+01
-3.668690845370292664e-02,-7.871131598949432373e-02,-3.440277185291051865e-03,4.237402915954589844e+01
-3.706046938896179199e-02,-7.854895293712615967e-02,-3.571516135707497597e-03,4.237887716293334961e+01
-3.707862645387649536e-02,-7.856365293264389038e-02,-3.626456251367926598e-03,4.238388705253601074e+01
-3.712837025523185730e-02,-7.856914401054382324e-02,-3.696369240060448647e-03,4.238908600807189941e+01
-3.717830404639244080e-02,-7.857495546340942383e-02,-3.772350028157234192e-03,4.239405417442321777e+01
-3.722421452403068542e-02,-7.857456803321838379e-02,-3.824377432465553284e-03,4.239898014068603516e+01
-3.727086633443832397e-02,-7.857678085565567017e-02,-3.885812358930706978e-03,4.240386199951171875e+01
-3.719300404191017151e-02,-7.853449881076812744e-02,-3.516756929457187653e-03,4.240905499458312988e+01
-3.724015504121780396e-02,-7.853225618600845337e-02,-3.524105064570903778e-03,4.241396117210388184e+01
-3.727978467941284180e-02,-7.853286713361740112e-02,-3.524635918438434601e-03,4.241897320747375488e+01
-3.732141107320785522e-02,-7.853195071220397949e-02,-3.521146252751350403e-03,4.242402505874633789e+01
-3.737947717308998108e-02,-7.853502780199050903e-02,-3.542617429047822952e-03,4.242948508262634277e+01
-3.743754699826240540e-02,-7.853698730468750000e-02,-3.555660834535956383e-03,4.243405103683471680e+01
-3.750171884894371033e-02,-7.853956520557403564e-02,-3.573142923414707184e-03,4.243900108337402344e+01
-3.754105046391487122e-02,-7.850763201713562012e-02,-3.967869561165571213e-03,4.244402313232421875e+01
-3.761781379580497742e-02,-7.852040231227874756e-02,-4.034732468426227570e-03,4.244902610778808594e+01
-3.770260512828826904e-02,-7.853413373231887817e-02,-4.108305554836988449e-03,4.245397901535034180e+01
-3.778028488159179688e-02,-7.854275405406951904e-02,-4.174398723989725113e-03,4.245924615859985352e+01
-3.786826878786087036e-02,-7.855367660522460938e-02,-4.245733842253684998e-03,4.246408605575561523e+01
-3.796022757887840271e-02,-7.856456190347671509e-02,-4.314970225095748901e-03,4.246903514862060547e+01
-3.778662160038948059e-02,-7.836074382066726685e-02,-4.151707980781793594e-03,4.247399711608886719e+01
-3.784271329641342163e-02,-7.833746075630187988e-02,-4.178058821707963943e-03,4.247930622100830078e+01
-3.790682181715965271e-02,-7.832161337137222290e-02,-4.217911045998334885e-03,4.248405218124389648e+01
-3.797321394085884094e-02,-7.830289006233215332e-02,-4.255186766386032104e-03,4.248907303810119629e+01
-3.803080692887306213e-02,-7.827312499284744263e-02,-4.290232434868812561e-03,4.249425005912780762e+01
-3.809208050370216370e-02,-7.824109494686126709e-02,-4.322549793869256973e-03,4.249925398826599121e+01
-3.815245255827903748e-02,-7.820379734039306641e-02,-4.351292271167039871e-03,4.250412917137145996e+01
-3.822515532374382019e-02,-7.816120982170104980e-02,-4.371405113488435745e-03,4.250905704498291016e+01
-3.705992922186851501e-02,-7.816872745752334595e-02,-3.832339076325297356e-03,4.251402401924133301e+01
-3.703344985842704773e-02,-7.811418175697326660e-02,-3.818485653027892113e-03,4.251905798912048340e+01
-3.704784810543060303e-02,-7.806562632322311401e-02,-3.806169377639889717e-03,4.252385902404785156e+01
-3.705218434333801270e-02,-7.800509780645370483e-02,-3.788857953622937202e-03,4.252950811386108398e+01
-3.706668689846992493e-02,-7.794252783060073853e-02,-3.768739756196737289e-03,4.253429698944091797e+01
-3.708912432193756104e-02,-7.789708673954010010e-02,-3.756345948204398155e-03,4.253908801078796387e+01
-3.660611808300018311e-02,-7.822053879499435425e-02,-3.430037060752511024e-03,4.254414319992065430e+01
-3.659421205520629883e-02,-7.819960266351699829e-02,-3.403718117624521255e-03,4.254914617538452148e+01
-3.659076988697052002e-02,-7.817964255809783936e-02,-3.381352638825774193e-03,4.255427598953247070e+01
-3.656007349491119385e-02,-7.816342264413833618e-02,-3.355551743879914284e-03,4.255926418304443359e+01
-3.655505552887916565e-02,-7.815061509609222412e-02,-3.329776693135499954e-03,4.256410217285156250e+01
-3.655436635017395020e-02,-7.814025878906250000e-02,-3.305183723568916321e-03,4.256919002532958984e+01
-3.655290603637695312e-02,-7.813923805952072144e-02,-3.245856380090117455e-03,4.257415199279785156e+01
-3.616090863943099976e-02,-7.864417880773544312e-02,-2.526967786252498627e-03,4.257916808128356934e+01
-3.611518070101737976e-02,-7.867728173732757568e-02,-2.406260231509804726e-03,4.258422207832336426e+01
-3.607411310076713562e-02,-7.874203473329544067e-02,-2.287308452650904655e-03,4.258906722068786621e+01
-3.603522107005119324e-02,-7.880023866891860962e-02,-2.153907436877489090e-03,4.259427309036254883e+01
-3.599959611892700195e-02,-7.886783778667449951e-02,-2.012154553085565567e-03,4.259929919242858887e+01
-3.595950827002525330e-02,-7.895146310329437256e-02,-1.871148240752518177e-03,4.260424304008483887e+01
-3.592356666922569275e-02,-7.904348522424697876e-02,-1.722724759019911289e-03,4.260916519165039062e+01
-3.528849780559539795e-02,-7.913461327552795410e-02,-1.200736965984106064e-03,4.261415100097656250e+01
-3.521026298403739929e-02,-7.924919575452804565e-02,-1.036398811265826225e-03,4.261938500404357910e+01
-3.512711822986602783e-02,-7.937060296535491943e-02,-8.681881008669734001e-04,4.262431001663208008e+01
-3.504812344908714294e-02,-7.950515300035476685e-02,-6.979157915338873863e-04,4.262940406799316406e+01
-3.497321158647537231e-02,-7.965348660945892334e-02,-5.250850226730108261e-04,4.263432717323303223e+01
-3.491545096039772034e-02,-7.981441915035247803e-02,-3.305481513962149620e-04,4.263922119140625000e+01
-3.527411073446273804e-02,-7.920718193054199219e-02,1.646621676627546549e-04,4.264440703392028809e+01
-3.523300588130950928e-02,-7.934192568063735962e-02,3.808379988186061382e-04,4.264931917190551758e+01
-3.520904108881950378e-02,-7.950831949710845947e-02,5.961303832009434700e-04,4.265433812141418457e+01
-3.518759459257125854e-02,-7.967858016490936279e-02,8.179432479664683342e-04,4.265946817398071289e+01
-3.517416119575500488e-02,-7.986336946487426758e-02,1.044100150465965271e-03,4.266448712348937988e+01
-3.515901044011116028e-02,-8.004681766033172607e-02,1.263495068997144699e-03,4.266937804222106934e+01
-3.515369445085525513e-02,-8.025120943784713745e-02,1.488868729211390018e-03,4.267435216903686523e+01
-3.583269193768501282e-02,-7.932437211275100708e-02,1.815375639125704765e-03,4.267929005622863770e+01
-3.581289574503898621e-02,-7.947817444801330566e-02,2.022122731432318687e-03,4.268447899818420410e+01
-3.581704199314117432e-02,-7.964439690113067627e-02,2.235751599073410034e-03,4.268945217132568359e+01
-3.581732511520385742e-02,-7.982216030359268188e-02,2.446879167109727859e-03,4.269462704658508301e+01
-3.584138303995132446e-02,-7.993566989898681641e-02,2.625653520226478577e-03,4.269951200485229492e+01
-3.585779666900634766e-02,-8.007448166608810425e-02,2.807914977893233299e-03,4.270447421073913574e+01
-3.587848693132400513e-02,-8.020545542240142822e-02,2.982310717925429344e-03,4.270954012870788574e+01
-3.801886364817619324e-02,-7.848852872848510742e-02,3.222969127818942070e-03,4.271441411972045898e+01
-3.818157687783241272e-02,-7.845944166183471680e-02,3.310440806671977043e-03,4.271950602531433105e+01
-3.835863247513771057e-02,-7.842031121253967285e-02,3.374614054337143898e-03,4.272451901435852051e+01
-3.855000063776969910e-02,-7.837346196174621582e-02,3.418411361053586006e-03,4.272976613044738770e+01
-3.866310417652130127e-02,-7.834653556346893311e-02,3.334061941131949425e-03,4.273446106910705566e+01
-3.881638869643211365e-02,-7.829382270574569702e-02,3.251675749197602272e-03,4.273948502540588379e+01
-4.055222868919372559e-02,-7.801379263401031494e-02,3.207138972356915474e-03,4.274444818496704102e+01
-4.041802138090133667e-02,-7.771785557270050049e-02,3.117895917966961861e-03,4.274947714805603027e+01
-4.041653126478195190e-02,-7.751015573740005493e-02,2.973039168864488602e-03,4.275459504127502441e+01
-4.035523906350135803e-02,-7.726418226957321167e-02,2.798730274662375450e-03,4.275976300239562988e+01
-4.025556892156600952e-02,-7.714390009641647339e-02,2.580060390755534172e-03,4.276459503173828125e+01
-4.009305685758590698e-02,-7.695922255516052246e-02,2.333531389012932777e-03,4.277363920211791992e+01
-3.987665846943855286e-02,-7.678019255399703979e-02,2.052006311714649200e-03,4.277463412284851074e+01
-4.151231795549392700e-02,-7.770477235317230225e-02,5.039074458181858063e-04,4.277948498725891113e+01
-4.140742123126983643e-02,-7.759838551282882690e-02,1.641066191950812936e-04,4.278455114364624023e+01
-4.128163307905197144e-02,-7.749003916978836060e-02,-1.787290384527295828e-04,4.278954005241394043e+01
-4.118564724922180176e-02,-7.738228142261505127e-02,-4.131114983465522528e-04,4.279467415809631348e+01
-4.106121510267257690e-02,-7.727274298667907715e-02,-6.719651282764971256e-04,4.279973721504211426e+01
-4.093002527952194214e-02,-7.716423273086547852e-02,-9.076985879801213741e-04,4.280451202392578125e+01
-4.127742350101470947e-02,-7.875520735979080200e-02,-1.194997923448681831e-03,4.280952620506286621e+01
-4.115092381834983826e-02,-7.880862802267074585e-02,-1.451019896194338799e-03,4.281467008590698242e+01
-4.103264212608337402e-02,-7.883451133966445923e-02,-1.627812860533595085e-03,4.281972908973693848e+01
-4.090311005711555481e-02,-7.887098938226699829e-02,-1.794393640011548996e-03,4.282471418380737305e+01
-4.070822149515151978e-02,-7.891172915697097778e-02,-1.967158401384949684e-03,4.282984209060668945e+01
-4.050965607166290283e-02,-7.896059751510620117e-02,-2.130662323907017708e-03,4.283470106124877930e+01
-4.028404876589775085e-02,-7.901492714881896973e-02,-2.293821889907121658e-03,4.283967614173889160e+01
-4.021564871072769165e-02,-7.953170686960220337e-02,-3.642654512077569962e-03,4.284466314315795898e+01
-4.004126787185668945e-02,-7.957977056503295898e-02,-3.813432995229959488e-03,4.284971904754638672e+01
-3.986640647053718567e-02,-7.962395995855331421e-02,-3.961564972996711731e-03,4.285469603538513184e+01
-3.965742886066436768e-02,-7.968478649854660034e-02,-3.955282270908355713e-03,4.285997700691223145e+01
-3.945980593562126160e-02,-7.973718643188476562e-02,-3.974190913140773773e-03,4.286480402946472168e+01
-3.925574943423271179e-02,-7.978952676057815552e-02,-3.946636337786912918e-03,4.286973214149475098e+01
-3.904181346297264099e-02,-7.982770353555679321e-02,-3.880810923874378204e-03,4.287471008300781250e+01
-3.960119560360908508e-02,-7.956828922033309937e-02,-4.194423090666532516e-03,4.287978005409240723e+01
-3.942598775029182434e-02,-7.957705110311508179e-02,-4.055621568113565445e-03,4.288484120368957520e+01
-3.918211534619331360e-02,-7.968967407941818237e-02,-4.094396252185106277e-03,4.289006710052490234e+01
-3.895080089569091797e-02,-7.976500689983367920e-02,-4.012536257505416870e-03,4.289499402046203613e+01
-3.870031610131263733e-02,-7.985678315162658691e-02,-3.931966144591569901e-03,4.290020298957824707e+01
-3.843094035983085632e-02,-7.996482402086257935e-02,-3.846699837595224380e-03,4.290474605560302734e+01
-3.916077688336372375e-02,-7.979384809732437134e-02,-4.207271151244640350e-03,4.290983414649963379e+01
-3.897837176918983459e-02,-7.989869266748428345e-02,-4.200038500130176544e-03,4.291474318504333496e+01
-3.878745436668395996e-02,-8.001530915498733521e-02,-4.199572838842868805e-03,4.291985106468200684e+01
-3.867472708225250244e-02,-8.005765080451965332e-02,-4.140285775065422058e-03,4.292473721504211426e+01
-3.851905837655067444e-02,-8.014699816703796387e-02,-4.120941739529371262e-03,4.293019413948059082e+01
-3.836868330836296082e-02,-8.023416996002197266e-02,-4.100264515727758408e-03,4.293481612205505371e+01
-3.827245905995368958e-02,-8.032041043043136597e-02,-4.076742567121982574e-03,4.293983602523803711e+01
-3.835582733154296875e-02,-7.983668148517608643e-02,-3.541266778483986855e-03,4.294484615325927734e+01
-3.833178058266639709e-02,-7.986434549093246460e-02,-3.463040338829159737e-03,4.294984602928161621e+01
-3.832576423883438110e-02,-7.987297326326370239e-02,-3.366205142810940742e-03,4.295484018325805664e+01
-3.833929821848869324e-02,-7.988604903221130371e-02,-3.278211224824190140e-03,4.296020913124084473e+01
-3.837181627750396729e-02,-7.989448308944702148e-02,-3.190142335370182991e-03,4.296494603157043457e+01
-3.841361030936241150e-02,-7.989935576915740967e-02,-3.126410767436027527e-03,4.296999120712280273e+01
-3.847621753811836243e-02,-7.990030944347381592e-02,-3.049494931474328041e-03,4.297493720054626465e+01
-3.823002800345420837e-02,-7.959757000207901001e-02,-3.358150599524378777e-03,4.297990202903747559e+01
-3.830995410680770874e-02,-7.957336306571960449e-02,-3.292389912530779839e-03,4.298499321937561035e+01
-3.839467093348503113e-02,-7.958556711673736572e-02,-3.298420924693346024e-03,4.298991608619689941e+01
-3.850106522440910339e-02,-7.958042621612548828e-02,-3.273627487942576408e-03,4.299513316154479980e+01
-3.862241283059120178e-02,-7.957978546619415283e-02,-3.260639263316988945e-03,4.299990606307983398e+01
-3.877186775207519531e-02,-7.959908246994018555e-02,-3.241292899474501610e-03,4.300489902496337891e+01
-3.893440216779708862e-02,-7.961685210466384888e-02,-3.234607167541980743e-03,4.300997519493103027e+01
-3.810413554310798645e-02,-7.984562218189239502e-02,-3.720517503097653389e-03,4.301495909690856934e+01
-3.829244896769523621e-02,-7.988088577985763550e-02,-3.685947041958570480e-03,4.302014112472534180e+01
-3.848390653729438782e-02,-7.992110401391983032e-02,-3.671647049486637115e-03,4.302496719360351562e+01
-3.870100155472755432e-02,-7.996539771556854248e-02,-3.651765640825033188e-03,4.303010821342468262e+01
-3.898558020591735840e-02,-8.000675588846206665e-02,-3.638161346316337585e-03,4.303503203392028809e+01
-3.928975388407707214e-02,-8.005444705486297607e-02,-3.618555609136819839e-03,4.304006314277648926e+01
-3.963153809309005737e-02,-8.010517060756683350e-02,-3.597678849473595619e-03,4.304503822326660156e+01
-3.862145915627479553e-02,-8.004611730575561523e-02,-3.749368945136666298e-03,4.305009698867797852e+01
-3.896461799740791321e-02,-8.011307567358016968e-02,-3.768724156543612480e-03,4.305504608154296875e+01
-3.934314474463462830e-02,-8.018698543310165405e-02,-3.795324126258492470e-03,4.306029319763183594e+01
-3.975680470466613770e-02,-8.026853203773498535e-02,-3.828134853392839432e-03,4.306517219543457031e+01
-4.019843041896820068e-02,-8.034949004650115967e-02,-3.904397133737802505e-03,4.307008218765258789e+01
-4.067752882838249207e-02,-8.044002950191497803e-02,-3.978471737354993820e-03,4.307506608963012695e+01
-3.945558145642280579e-02,-8.013322204351425171e-02,-3.768525784835219383e-03,4.308013820648193359e+01
-3.967637941241264343e-02,-8.008772879838943481e-02,-3.846633248031139374e-03,4.308520603179931641e+01
-4.002025350928306580e-02,-8.009388297796249390e-02,-3.932105842977762222e-03,4.309012222290039062e+01
-4.036471992731094360e-02,-8.008862286806106567e-02,-4.031989723443984985e-03,4.309528112411499023e+01
-4.050739109516143799e-02,-8.008859306573867798e-02,-4.150622058659791946e-03,4.310013914108276367e+01
-4.067930206656455994e-02,-8.007364720106124878e-02,-4.277823027223348618e-03,4.310518503189086914e+01
-3.893130272626876831e-02,-7.944457978010177612e-02,-3.640972077846527100e-03,4.311025309562683105e+01
-3.888349607586860657e-02,-7.938078790903091431e-02,-3.645963268354535103e-03,4.311517310142517090e+01
-3.875230997800827026e-02,-7.930639386177062988e-02,-3.691937075927853584e-03,4.312032699584960938e+01
-3.857668861746788025e-02,-7.922834903001785278e-02,-3.733102232217788696e-03,4.312517499923706055e+01
-3.839885815978050232e-02,-7.919399440288543701e-02,-3.738088998943567276e-03,4.313042902946472168e+01
-3.817019984126091003e-02,-7.914704829454421997e-02,-3.746654372662305832e-03,4.313516616821289062e+01
-3.790910914540290833e-02,-7.910893112421035767e-02,-3.745296504348516464e-03,4.314031314849853516e+01
-3.839811310172080994e-02,-7.973154634237289429e-02,-3.797585610300302505e-03,4.314533114433288574e+01
-3.823819011449813843e-02,-7.975909113883972168e-02,-3.795669646933674812e-03,4.315027999877929688e+01
-3.807289525866508484e-02,-7.979390025138854980e-02,-3.793449141085147858e-03,4.315532422065734863e+01
-3.790193423628807068e-02,-7.983499020338058472e-02,-3.796810051426291466e-03,4.316055321693420410e+01
-3.773302212357521057e-02,-7.985690981149673462e-02,-3.772056428715586662e-03,4.316533303260803223e+01
-3.755695000290870667e-02,-7.989981770515441895e-02,-3.763566492125391960e-03,4.317400312423706055e+01
-3.737640380859375000e-02,-7.994265109300613403e-02,-3.755347803235054016e-03,4.317534208297729492e+01
-3.825261443853378296e-02,-7.993275672197341919e-02,-3.645525779575109482e-03,4.318043804168701172e+01
-3.821767121553421021e-02,-7.996834069490432739e-02,-3.587221726775169373e-03,4.318533205986022949e+01
-3.819593042135238647e-02,-8.000580966472625732e-02,-3.518746467307209969e-03,4.319044303894042969e+01
-3.825146704912185669e-02,-7.998320460319519043e-02,-3.443500259891152382e-03,4.319561004638671875e+01
-3.829700127243995667e-02,-7.998380810022354126e-02,-3.354319138452410698e-03,4.320033621788024902e+01
-3.836700320243835449e-02,-7.997414469718933105e-02,-3.253385890275239944e-03,4.320527100563049316e+01
-3.854247182607650757e-02,-7.976818084716796875e-02,-3.659019712358713150e-03,4.321037507057189941e+01
-3.861477971076965332e-02,-7.975196093320846558e-02,-3.612631233409047127e-03,4.321531915664672852e+01
-3.869283571839332581e-02,-7.973334193229675293e-02,-3.567481413483619690e-03,4.322052717208862305e+01
-3.874780237674713135e-02,-7.972902059555053711e-02,-3.585010534152388573e-03,4.322537708282470703e+01
-3.881291300058364868e-02,-7.972377538681030273e-02,-3.594455309212207794e-03,4.323052000999450684e+01
-3.887612372636795044e-02,-7.972579449415206909e-02,-3.620089497417211533e-03,4.323536920547485352e+01
-3.893736377358436584e-02,-7.973431050777435303e-02,-3.662771545350551605e-03,4.324049520492553711e+01
-3.820074349641799927e-02,-7.979904860258102417e-02,-3.645218210294842720e-03,4.324539113044738770e+01
-3.817816078662872314e-02,-7.980829477310180664e-02,-3.711349098011851311e-03,4.325051617622375488e+01
-3.814797475934028625e-02,-7.981890439987182617e-02,-3.790449816733598709e-03,4.325537800788879395e+01
-3.812791034579277039e-02,-7.981278747320175171e-02,-3.727209055796265602e-03,4.326061606407165527e+01
-3.809328749775886536e-02,-7.981543987989425659e-02,-3.738396568223834038e-03,4.326538300514221191e+01
-3.805407881736755371e-02,-7.981542497873306274e-02,-3.735536010935902596e-03,4.327051901817321777e+01
-3.802990168333053589e-02,-7.980772107839584351e-02,-3.732291283085942268e-03,4.327538418769836426e+01
-3.801077231764793396e-02,-7.979000359773635864e-02,-3.223964944481849670e-03,4.328052306175231934e+01
-3.799359872937202454e-02,-7.978649437427520752e-02,-3.167814109474420547e-03,4.328553104400634766e+01
-3.797302767634391785e-02,-7.981404662132263184e-02,-3.184427972882986069e-03,4.329051804542541504e+01
-3.795473650097846985e-02,-7.982582598924636841e-02,-3.165476722642779350e-03,4.329573607444763184e+01
-3.793650493025779724e-02,-7.984242588281631470e-02,-3.154744626954197884e-03,4.330060911178588867e+01
-3.790653496980667114e-02,-7.985890656709671021e-02,-3.144313581287860870e-03,4.330554819107055664e+01
-3.807147964835166931e-02,-7.984995096921920776e-02,-3.425284055992960930e-03,4.331061601638793945e+01
-3.805156797170639038e-02,-7.987263798713684082e-02,-3.445767331868410110e-03,4.331549406051635742e+01
-3.802879899740219116e-02,-7.989941537380218506e-02,-3.473271615803241730e-03,4.332060909271240234e+01
-3.806311637163162231e-02,-7.992644608020782471e-02,-3.482206724584102631e-03,4.332550501823425293e+01
-3.806794807314872742e-02,-7.995609939098358154e-02,-3.506103297695517540e-03,4.333074307441711426e+01
-3.807820007205009460e-02,-7.998887449502944946e-02,-3.532013855874538422e-03,4.333556604385375977e+01
-3.808359056711196899e-02,-8.001136034727096558e-02,-3.541356651112437248e-03,4.334061408042907715e+01
-3.804057836532592773e-02,-7.986804097890853882e-02,-3.345779143273830414e-03,4.334560704231262207e+01
-3.805343434214591980e-02,-7.986928522586822510e-02,-3.334032138809561729e-03,4.335066509246826172e+01
-3.801882639527320862e-02,-7.986783981323242188e-02,-3.300256095826625824e-03,4.335562515258789062e+01
-3.800553828477859497e-02,-7.986702024936676025e-02,-3.272724803537130356e-03,4.336084103584289551e+01
-3.798627108335494995e-02,-7.986521720886230469e-02,-3.240141086280345917e-03,4.336562418937683105e+01
-3.798285499215126038e-02,-7.987911999225616455e-02,-3.230626694858074188e-03,4.337076115608215332e+01
-3.797026351094245911e-02,-7.988835871219635010e-02,-3.210844239220023155e-03,4.337568712234497070e+01
-3.790435940027236938e-02,-7.985524833202362061e-02,-3.291970351710915565e-03,4.338081216812133789e+01
-3.788724914193153381e-02,-7.986707985401153564e-02,-3.319207811728119850e-03,4.338572716712951660e+01
-3.787282109260559082e-02,-7.988590747117996216e-02,-3.339798655360937119e-03,4.339083003997802734e+01
-3.785738348960876465e-02,-7.990731298923492432e-02,-3.368758596479892731e-03,4.339583921432495117e+01
-3.783580288290977478e-02,-7.992573082447052002e-02,-3.397140884771943092e-03,4.340068721771240234e+01
-3.781398385763168335e-02,-7.994706928730010986e-02,-3.434371901676058769e-03,4.340569519996643066e+01
-3.787022829055786133e-02,-7.979509979486465454e-02,-3.208517096936702728e-03,4.341074299812316895e+01
-3.784891217947006226e-02,-7.979313284158706665e-02,-3.229158930480480194e-03,4.341563415527343750e+01
-3.784635663032531738e-02,-7.979725301265716553e-02,-3.224556334316730499e-03,4.342075514793395996e+01
-3.783142194151878357e-02,-7.979987561702728271e-02,-3.238768782466650009e-03,4.342572402954101562e+01
-3.781685978174209595e-02,-7.980637252330780029e-02,-3.253752598538994789e-03,4.343087506294250488e+01
-3.781410306692123413e-02,-7.982353121042251587e-02,-3.260388970375061035e-03,4.343572521209716797e+01
-3.781079128384590149e-02,-7.983755320310592651e-02,-3.268598113209009171e-03,4.344084906578063965e+01
-3.796380013227462769e-02,-7.977026700973510742e-02,-3.155919490382075310e-03,4.344577312469482422e+01
-3.796045109629631042e-02,-7.977379113435745239e-02,-3.152512712404131889e-03,4.345086002349853516e+01
-3.796834126114845276e-02,-7.977674156427383423e-02,-3.143837675452232361e-03,4.345575404167175293e+01
-3.797677531838417053e-02,-7.978105545043945312e-02,-3.130373777821660042e-03,4.346094107627868652e+01
-3.797911480069160461e-02,-7.979373633861541748e-02,-3.113489365205168724e-03,4.346575617790222168e+01
-3.798268735408782959e-02,-7.980464398860931396e-02,-3.094917396083474159e-03,4.347086715698242188e+01
-3.798479586839675903e-02,-7.981704920530319214e-02,-3.072982653975486755e-03,4.347573518753051758e+01
-3.793262690305709839e-02,-7.988919317722320557e-02,-3.299442818388342857e-03,4.348085117340087891e+01
-3.791848942637443542e-02,-7.990758866071701050e-02,-3.304238198325037956e-03,4.348587322235107422e+01
-3.790123388171195984e-02,-7.992893457412719727e-02,-3.307415870949625969e-03,4.349083518981933594e+01
-3.788106143474578857e-02,-7.995221018791198730e-02,-3.306894097477197647e-03,4.349605202674865723e+01
-3.787732124328613281e-02,-7.996904850006103516e-02,-3.313916735351085663e-03,4.350115919113159180e+01
-3.786437958478927612e-02,-7.999327033758163452e-02,-3.317031543701887131e-03,4.350597715377807617e+01
-3.786348924040794373e-02,-7.986435294151306152e-02,-3.249219618737697601e-03,4.351109910011291504e+01
-3.785509988665580750e-02,-7.989507913589477539e-02,-3.263116348534822464e-03,4.351602005958557129e+01
-3.784766048192977905e-02,-7.991664856672286987e-02,-3.265590872615575790e-03,4.352094507217407227e+01
-3.784115985035896301e-02,-7.993829250335693359e-02,-3.271465422585606575e-03,4.352607607841491699e+01
-3.783140331506729126e-02,-7.995010912418365479e-02,-3.287349129095673561e-03,4.353101301193237305e+01
-3.782325983047485352e-02,-7.996810227632522583e-02,-3.305430524051189423e-03,4.353602099418640137e+01
-3.781487420201301575e-02,-7.998701184988021851e-02,-3.328320337459445000e-03,4.354099822044372559e+01
-3.784914687275886536e-02,-7.988201826810836792e-02,-3.308440791442990303e-03,4.354596805572509766e+01
-3.784122690558433533e-02,-7.989841699600219727e-02,-3.346778685227036476e-03,4.355101299285888672e+01
-3.783307597041130066e-02,-7.991631329059600830e-02,-3.389656776562333107e-03,4.355603909492492676e+01
-3.782644495368003845e-02,-7.991812378168106079e-02,-3.369276877492666245e-03,4.356110811233520508e+01
-3.781874105334281921e-02,-7.993401587009429932e-02,-3.392225829884409904e-03,4.356603813171386719e+01
-3.781086578965187073e-02,-7.994803786277770996e-02,-3.415255108848214149e-03,4.357378315925598145e+01
-3.780131787061691284e-02,-7.996177673339843750e-02,-3.433973761275410652e-03,4.357663202285766602e+01
-3.795173764228820801e-02,-7.988368719816207886e-02,-3.281063633039593697e-03,4.358109521865844727e+01
-3.795066103339195251e-02,-7.989592105150222778e-02,-3.296026727184653282e-03,4.358607220649719238e+01
-3.794859349727630615e-02,-7.990826666355133057e-02,-3.311193315312266350e-03,4.359116005897521973e+01
-3.794572502374649048e-02,-7.992364466190338135e-02,-3.326263045892119408e-03,4.359626007080078125e+01
-3.794213756918907166e-02,-7.993877679109573364e-02,-3.338322741910815239e-03,4.360105705261230469e+01
-3.793783113360404968e-02,-7.995418459177017212e-02,-3.348862053826451302e-03,4.360607099533081055e+01
-3.790203109383583069e-02,-7.982587814331054688e-02,-3.215072909370064735e-03,4.361116719245910645e+01
-3.790263831615447998e-02,-7.984134554862976074e-02,-3.212310606613755226e-03,4.361672115325927734e+01
-3.790404647588729858e-02,-7.985810190439224243e-02,-3.209333168342709541e-03,4.362104916572570801e+01
-3.790295496582984924e-02,-7.987428456544876099e-02,-3.219791920855641365e-03,4.362664198875427246e+01
-3.790388256311416626e-02,-7.989105582237243652e-02,-3.224442480131983757e-03,4.363119602203369141e+01
-3.790497407317161560e-02,-7.990749180316925049e-02,-3.231084672734141350e-03,4.363615918159484863e+01
-3.790454193949699402e-02,-7.992412894964218140e-02,-3.239168087020516396e-03,4.364129114151000977e+01
-3.784912452101707458e-02,-7.976488769054412842e-02,-3.150279866531491280e-03,4.364630699157714844e+01
-3.784627839922904968e-02,-7.978284358978271484e-02,-3.153662430122494698e-03,4.365127921104431152e+01
-3.783966600894927979e-02,-7.979934662580490112e-02,-3.180081490427255630e-03,4.365646409988403320e+01
-3.783391788601875305e-02,-7.981599122285842896e-02,-3.196141216903924942e-03,4.366146802902221680e+01
-3.782740235328674316e-02,-7.983282953500747681e-02,-3.217177931219339371e-03,4.366651821136474609e+01
-3.782003000378608704e-02,-7.984942197799682617e-02,-3.242563689127564430e-03,4.367127299308776855e+01
-3.781256079673767090e-02,-7.987488806247711182e-02,-3.261187579482793808e-03,4.367667698860168457e+01
-3.789007663726806641e-02,-7.972020655870437622e-02,-3.151903860270977020e-03,4.368132710456848145e+01
-3.788426145911216736e-02,-7.973484694957733154e-02,-3.173272358253598213e-03,4.368681502342224121e+01
-3.787768259644508362e-02,-7.974927127361297607e-02,-3.196525620296597481e-03,4.369122219085693359e+01
-3.787047043442726135e-02,-7.976689189672470093e-02,-3.220666665583848953e-03,4.369692707061767578e+01
-3.786256164312362671e-02,-7.978766411542892456e-02,-3.246020758524537086e-03,4.370142006874084473e+01
-3.785799071192741394e-02,-7.981568574905395508e-02,-3.261457663029432297e-03,4.370683908462524414e+01
-3.792111575603485107e-02,-7.969811558723449707e-02,-3.076173365116119385e-03,4.371133208274841309e+01
-3.792016580700874329e-02,-7.970693707466125488e-02,-3.073292784392833710e-03,4.371678209304809570e+01
-3.792004287242889404e-02,-7.972362637519836426e-02,-3.067638259381055832e-03,4.372129702568054199e+01
-3.791996464133262634e-02,-7.973669469356536865e-02,-3.061251714825630188e-03,4.372671914100646973e+01
-3.792016953229904175e-02,-7.975175976753234863e-02,-3.051147796213626862e-03,4.373133206367492676e+01
-3.791905194520950317e-02,-7.976756989955902100e-02,-3.036918817088007927e-03,4.373677611351013184e+01
-3.791851922869682312e-02,-7.978513836860656738e-02,-3.022827906534075737e-03,4.374134516716003418e+01
-3.797590360045433044e-02,-7.970985770225524902e-02,-3.023279132321476936e-03,4.374659919738769531e+01
-3.797970339655876160e-02,-7.972583174705505371e-02,-3.009663894772529602e-03,4.375133800506591797e+01
-3.797920420765876770e-02,-7.973833382129669189e-02,-3.000448690727353096e-03,4.375682711601257324e+01
-3.797987475991249084e-02,-7.975456863641738892e-02,-2.990546636283397675e-03,4.376144909858703613e+01
-3.798009455204010010e-02,-7.977150380611419678e-02,-2.978895325213670731e-03,4.376699900627136230e+01
-3.797967359423637390e-02,-7.978878170251846313e-02,-2.969025401398539543e-03,4.377142500877380371e+01
-3.797848895192146301e-02,-7.980728149414062500e-02,-2.960828132927417755e-03,4.377684521675109863e+01
-3.793402761220932007e-02,-7.970634102821350098e-02,-3.097366774454712868e-03,4.378145217895507812e+01
-3.792843222618103027e-02,-7.972072809934616089e-02,-3.111570840701460838e-03,4.378686499595642090e+01
-3.792201355099678040e-02,-7.973480224609375000e-02,-3.128651995211839676e-03,4.379145002365112305e+01
-3.791490569710731506e-02,-7.974997907876968384e-02,-3.147566225379705429e-03,4.379689121246337891e+01
-3.791056945919990540e-02,-7.976575940847396851e-02,-3.165988717228174210e-03,4.380151104927062988e+01
-3.790499642491340637e-02,-7.978256791830062866e-02,-3.186873160302639008e-03,4.380679512023925781e+01
-3.795968368649482727e-02,-7.964620739221572876e-02,-3.056196961551904678e-03,4.381151509284973145e+01
-3.795664384961128235e-02,-7.965738326311111450e-02,-3.067169338464736938e-03,4.381682920455932617e+01
-3.795474022626876831e-02,-7.966744899749755859e-02,-3.078693989664316177e-03,4.382132411003112793e+01
-3.795264288783073425e-02,-7.967657595872879028e-02,-3.090578829869627953e-03,4.382685708999633789e+01
-3.795199096202850342e-02,-7.968375831842422485e-02,-3.102635964751243591e-03,4.383170819282531738e+01
-3.795093297958374023e-02,-7.969336211681365967e-02,-3.113948507234454155e-03,4.383712005615234375e+01
-3.795018792152404785e-02,-7.970325648784637451e-02,-3.122890600934624672e-03,4.384160518646240234e+01
-3.795938938856124878e-02,-7.965925335884094238e-02,-2.981490222737193108e-03,4.384676313400268555e+01
-3.795735910534858704e-02,-7.968056946992874146e-02,-2.989009721204638481e-03,4.385164499282836914e+01
-3.795714303851127625e-02,-7.969813793897628784e-02,-2.993525937199592590e-03,4.385684800148010254e+01
-3.795642405748367310e-02,-7.971573621034622192e-02,-2.997658681124448776e-03,4.386187601089477539e+01
-3.795496374368667603e-02,-7.972936332225799561e-02,-2.995759714394807816e-03,4.386675405502319336e+01
-3.795291110873222351e-02,-7.974634319543838501e-02,-2.996307797729969025e-03,4.387161016464233398e+01
-3.799337148666381836e-02,-7.962875813245773315e-02,-3.009937703609466553e-03,4.387679815292358398e+01
-3.799451142549514771e-02,-7.964436709880828857e-02,-3.020095638930797577e-03,4.388161301612854004e+01
-3.799568116664886475e-02,-7.966113835573196411e-02,-3.027239115908741951e-03,4.388694405555725098e+01
-3.799660876393318176e-02,-7.967764139175415039e-02,-3.035649191588163376e-03,4.389154601097106934e+01
-3.799714148044586182e-02,-7.969209551811218262e-02,-3.046671161428093910e-03,4.389686012268066406e+01
-3.799757361412048340e-02,-7.970917969942092896e-02,-3.058068687096238136e-03,4.390175008773803711e+01
-3.799787536263465881e-02,-7.972806692123413086e-02,-3.069716738536953926e-03,4.390672111511230469e+01
-3.793958574533462524e-02,-7.965711504220962524e-02,-3.048123326152563095e-03,4.391175007820129395e+01
-3.793375939130783081e-02,-7.967083156108856201e-02,-3.064198885113000870e-03,4.391706013679504395e+01
-3.792741522192955017e-02,-7.968597114086151123e-02,-3.080960595980286598e-03,4.392165398597717285e+01
-3.792067989706993103e-02,-7.970380038022994995e-02,-3.097057109698653221e-03,4.392690110206604004e+01
-3.791583329439163208e-02,-7.971989363431930542e-02,-3.110871883109211922e-03,4.393186402320861816e+01
-3.790967538952827454e-02,-7.973724603652954102e-02,-3.121562302112579346e-03,4.393691706657409668e+01
-3.790340572595596313e-02,-7.975324243307113647e-02,-3.127986099570989609e-03,4.394165515899658203e+01
-3.800167888402938843e-02,-7.970552146434783936e-02,-3.090088954195380211e-03,4.394690299034118652e+01
-3.800065070390701294e-02,-7.972186803817749023e-02,-3.102310933172702789e-03,4.395160007476806641e+01
-3.799930587410926819e-02,-7.974054664373397827e-02,-3.117354121059179306e-03,4.395699000358581543e+01
-3.799780830740928650e-02,-7.975991070270538330e-02,-3.126975847408175468e-03,4.396194314956665039e+01
-3.799609839916229248e-02,-7.978126406669616699e-02,-3.137748222798109055e-03,4.396702313423156738e+01
-3.799432516098022461e-02,-7.980445027351379395e-02,-3.146483330056071281e-03,4.397393798828125000e+01
-3.799265623092651367e-02,-7.982776314020156860e-02,-3.145478432998061180e-03,4.397714114189147949e+01
-3.796449676156044006e-02,-7.980263978242874146e-02,-3.204830689355731010e-03,4.398190307617187500e+01
-3.796055167913436890e-02,-7.981856167316436768e-02,-3.211018396541476250e-03,4.398709821701049805e+01
-3.795878961682319641e-02,-7.983617484569549561e-02,-3.224450862035155296e-03,4.399220299720764160e+01
-3.795633465051651001e-02,-7.985486090183258057e-02,-3.229398047551512718e-03,4.399684405326843262e+01
-3.795433416962623596e-02,-7.987425476312637329e-02,-3.230996895581483841e-03,4.400183320045471191e+01
-3.795272856950759888e-02,-7.989405840635299683e-02,-3.230612725019454956e-03,4.400688004493713379e+01
-3.795867040753364563e-02,-7.990329712629318237e-02,-3.322981065139174461e-03,4.401186800003051758e+01
-3.795599564909934998e-02,-7.992264628410339355e-02,-3.340834053233265877e-03,4.401718211174011230e+01
-3.795332461595535278e-02,-7.994391024112701416e-02,-3.357777837663888931e-03,4.402182006835937500e+01
-3.795088455080986023e-02,-7.997403293848037720e-02,-3.371159313246607780e-03,4.402707099914550781e+01
-3.794774785637855530e-02,-8.000025153160095215e-02,-3.392475191503763199e-03,4.403204917907714844e+01
-3.794435411691665649e-02,-8.002743870019912720e-02,-3.416184335947036743e-03,4.403710412979125977e+01
-3.794207051396369934e-02,-8.005158603191375732e-02,-3.446035552769899368e-03,4.404190301895141602e+01
-3.802612423896789551e-02,-7.983630150556564331e-02,-3.358252346515655518e-03,4.404716920852661133e+01
-3.802855685353279114e-02,-7.985183596611022949e-02,-3.366777440533041954e-03,4.405209612846374512e+01
-3.802803531289100647e-02,-7.986175268888473511e-02,-3.384762210771441460e-03,4.405701017379760742e+01
-3.802924230694770813e-02,-7.987745851278305054e-02,-3.398132976144552231e-03,4.406200909614562988e+01
-3.803032636642456055e-02,-7.989496737718582153e-02,-3.412691876292228699e-03,4.406695103645324707e+01
-3.803156688809394836e-02,-7.991756498813629150e-02,-3.423741087317466736e-03,4.407199215888977051e+01
-3.803252801299095154e-02,-7.993941009044647217e-02,-3.436890197917819023e-03,4.407701301574707031e+01
-3.814672306180000305e-02,-7.977955788373947144e-02,-3.380643669515848160e-03,4.408198213577270508e+01
-3.815307840704917908e-02,-7.978686690330505371e-02,-3.396156476810574532e-03,4.408705711364746094e+01
-3.815958276391029358e-02,-7.980065047740936279e-02,-3.408630378544330597e-03,4.409202599525451660e+01
-3.816561028361320496e-02,-7.981560379266738892e-02,-3.420930588617920876e-03,4.409702801704406738e+01
-3.817092627286911011e-02,-7.983028143644332886e-02,-3.434092737734317780e-03,4.410183906555175781e+01
-3.817602246999740601e-02,-7.984661310911178589e-02,-3.444395028054714203e-03,4.410720920562744141e+01
-3.815792128443717957e-02,-7.969656586647033691e-02,-3.319217357784509659e-03,4.411207699775695801e+01
-3.815995156764984131e-02,-7.970444113016128540e-02,-3.322800621390342712e-03,4.411713004112243652e+01
-3.816207125782966614e-02,-7.971101999282836914e-02,-3.314114175736904144e-03,4.412211203575134277e+01
-3.816378861665725708e-02,-7.972140610218048096e-02,-3.318147035315632820e-03,4.412724900245666504e+01
-3.816542029380798340e-02,-7.973354309797286987e-02,-3.324806923046708107e-03,4.413230705261230469e+01
-3.816677629947662354e-02,-7.975044846534729004e-02,-3.345551667734980583e-03,4.413720703125000000e+01
-3.816824033856391907e-02,-7.976701855659484863e-02,-3.360765753313899040e-03,4.414215803146362305e+01
-3.821157291531562805e-02,-7.971113920211791992e-02,-3.244066378101706505e-03,4.414711308479309082e+01
-3.821385279297828674e-02,-7.972332835197448730e-02,-3.251538379117846489e-03,4.415219902992248535e+01
-3.821612149477005005e-02,-7.973524928092956543e-02,-3.256584983319044113e-03,4.415720701217651367e+01
-3.821808472275733948e-02,-7.974844425916671753e-02,-3.264703787863254547e-03,4.416239309310913086e+01
-3.821984305977821350e-02,-7.976731657981872559e-02,-3.276476403698325157e-03,4.416719603538513184e+01
-3.822140395641326904e-02,-7.978539168834686279e-02,-3.287499304860830307e-03,4.417220115661621094e+01
-3.824378177523612976e-02,-7.966756075620651245e-02,-3.143029985949397087e-03,4.417711710929870605e+01
-3.824408724904060364e-02,-7.969005405902862549e-02,-3.139099106192588806e-03,4.418226408958435059e+01
-3.824527934193611145e-02,-7.970989495515823364e-02,-3.123999573290348053e-03,4.418724918365478516e+01
-3.824618458747863770e-02,-7.973238080739974976e-02,-3.117634681984782219e-03,4.419228911399841309e+01
-3.824659436941146851e-02,-7.975529879331588745e-02,-3.113010665401816368e-03,4.419738221168518066e+01
-3.824633732438087463e-02,-7.977257668972015381e-02,-3.118846565485000610e-03,4.420225811004638672e+01
-3.824675828218460083e-02,-7.979365438222885132e-02,-3.121076151728630066e-03,4.420738720893859863e+01
-3.825324401259422302e-02,-7.955794036388397217e-02,-3.003642195835709572e-03,4.421229100227355957e+01
-3.825715556740760803e-02,-7.956527173519134521e-02,-3.005309030413627625e-03,4.421740913391113281e+01
-3.826036676764488220e-02,-7.958000153303146362e-02,-3.002191428095102310e-03,4.422225403785705566e+01
-3.826412558555603027e-02,-7.959700375795364380e-02,-2.996971830725669861e-03,4.422747206687927246e+01
-3.826685622334480286e-02,-7.962046563625335693e-02,-2.987761050462722778e-03,4.423247718811035156e+01
-3.826998174190521240e-02,-7.964280992746353149e-02,-2.980432473123073578e-03,4.423721504211425781e+01
-3.827303275465965271e-02,-7.966654747724533081e-02,-2.973321359604597092e-03,4.424225115776062012e+01
-3.831591084599494934e-02,-7.948915660381317139e-02,-3.045861842110753059e-03,4.424746417999267578e+01
-3.832313790917396545e-02,-7.949941605329513550e-02,-3.057762514799833298e-03,4.425237107276916504e+01
-3.833075612783432007e-02,-7.951071113348007202e-02,-3.070200327783823013e-03,4.425747513771057129e+01
-3.833735361695289612e-02,-7.952812314033508301e-02,-3.084033029153943062e-03,4.426291298866271973e+01
-3.834456205368041992e-02,-7.954382896423339844e-02,-3.098189830780029297e-03,4.426740598678588867e+01
-3.835178166627883911e-02,-7.955933362245559692e-02,-3.112493315711617470e-03,4.427252006530761719e+01
-3.831022605299949646e-02,-7.941064983606338501e-02,-2.965203253552317619e-03,4.427755117416381836e+01
-3.831836581230163574e-02,-7.944216579198837280e-02,-2.981584286317229271e-03,4.428255009651184082e+01
-3.832546994090080261e-02,-7.946552336215972900e-02,-2.996141789481043816e-03,4.428749704360961914e+01
-3.833199292421340942e-02,-7.949006557464599609e-02,-3.008856438100337982e-03,4.429242420196533203e+01
-3.833656013011932373e-02,-7.950604707002639771e-02,-3.012042259797453880e-03,4.429751110076904297e+01
-3.834114596247673035e-02,-7.952837646007537842e-02,-3.019969211891293526e-03,4.430238914489746094e+01
-3.834485262632369995e-02,-7.955181598663330078e-02,-3.028371836990118027e-03,4.430747509002685547e+01
-3.826339542865753174e-02,-7.931403815746307373e-02,-2.840226516127586365e-03,4.431241703033447266e+01
-3.825904056429862976e-02,-7.932354509830474854e-02,-2.846709685400128365e-03,4.431755113601684570e+01
-3.825402632355690002e-02,-7.933388650417327881e-02,-2.854697639122605324e-03,4.432250618934631348e+01
-3.825632110238075256e-02,-7.935916632413864136e-02,-2.833012724295258522e-03,4.432771801948547363e+01
-3.825308009982109070e-02,-7.937151938676834106e-02,-2.830385463312268257e-03,4.433239102363586426e+01
-3.824977576732635498e-02,-7.938256859779357910e-02,-2.824300900101661682e-03,4.433756303787231445e+01
-3.824601322412490845e-02,-7.938610017299652100e-02,-2.821958623826503754e-03,4.434253907203674316e+01
-3.822797909379005432e-02,-7.929854094982147217e-02,-2.877981169149279594e-03,4.434754204750061035e+01
-3.822426497936248779e-02,-7.931598275899887085e-02,-2.898886101320385933e-03,4.435254621505737305e+01
-3.822027519345283508e-02,-7.933559268712997437e-02,-2.923504915088415146e-03,4.435760021209716797e+01
-3.821726515889167786e-02,-7.934178411960601807e-02,-2.894536592066287994e-03,4.436279606819152832e+01
-3.821342065930366516e-02,-7.935996353626251221e-02,-2.910041250288486481e-03,4.436756515502929688e+01
-3.820990771055221558e-02,-7.937404513359069824e-02,-2.917796373367309570e-03,4.437512516975402832e+01
-3.820623829960823059e-02,-7.938472926616668701e-02,-2.925261389464139938e-03,4.437754201889038086e+01
-3.823767229914665222e-02,-7.930424064397811890e-02,-2.821194240823388100e-03,4.438245606422424316e+01
-3.823663666844367981e-02,-7.932431250810623169e-02,-2.841399749740958214e-03,4.438762998580932617e+01
-3.823471069335937500e-02,-7.934165745973587036e-02,-2.871396718546748161e-03,4.439270901679992676e+01
-3.823287039995193481e-02,-7.936521619558334351e-02,-2.896503778174519539e-03,4.439768910408020020e+01
-3.823102265596389771e-02,-7.939264178276062012e-02,-2.924390137195587158e-03,4.440257906913757324e+01
-3.822956979274749756e-02,-7.942584902048110962e-02,-2.946727909147739410e-03,4.440756416320800781e+01
-3.821658343076705933e-02,-7.922077924013137817e-02,-2.716287504881620407e-03,4.441257905960083008e+01
-3.821504861116409302e-02,-7.922822982072830200e-02,-2.723422367125749588e-03,4.441756701469421387e+01
-3.821314498782157898e-02,-7.922841608524322510e-02,-2.729801693931221962e-03,4.442257714271545410e+01
-3.821131214499473572e-02,-7.923299819231033325e-02,-2.737911883741617203e-03,4.442772912979125977e+01
-3.820925205945968628e-02,-7.923622429370880127e-02,-2.748707309365272522e-03,4.443269300460815430e+01
-3.820697963237762451e-02,-7.923825830221176147e-02,-2.762149786576628685e-03,4.443759608268737793e+01
-3.820513933897018433e-02,-7.924935966730117798e-02,-2.771717729046940804e-03,4.444257616996765137e+01
-3.818407282233238220e-02,-7.921967655420303345e-02,-2.740184310823678970e-03,4.444774508476257324e+01
-3.818261995911598206e-02,-7.923289388418197632e-02,-2.758488524705171585e-03,4.445268511772155762e+01
-3.818124160170555115e-02,-7.924465835094451904e-02,-2.770462073385715485e-03,4.445770311355590820e+01
-3.817972913384437561e-02,-7.925976812839508057e-02,-2.787134377285838127e-03,4.446284198760986328e+01
-3.817813843488693237e-02,-7.927580177783966064e-02,-2.803083043545484543e-03,4.446766209602355957e+01
-3.817661479115486145e-02,-7.929206639528274536e-02,-2.813319209963083267e-03,4.447268915176391602e+01
-3.817030787467956543e-02,-7.917407155036926270e-02,-2.729409141466021538e-03,4.447774100303649902e+01
-3.816897049546241760e-02,-7.918379455804824829e-02,-2.739989431574940681e-03,4.448268914222717285e+01
-3.816749528050422668e-02,-7.919620722532272339e-02,-2.759181195870041847e-03,4.448764419555664062e+01
-3.816607221961021423e-02,-7.920790463685989380e-02,-2.774393185973167419e-03,4.449284005165100098e+01
-3.816445916891098022e-02,-7.921972870826721191e-02,-2.791297156363725662e-03,4.449785900115966797e+01
-3.816265985369682312e-02,-7.923048734664916992e-02,-2.808104269206523895e-03,4.450282406806945801e+01
-3.816085308790206909e-02,-7.924338430166244507e-02,-2.826508134603500366e-03,4.450788211822509766e+01
-3.813428059220314026e-02,-7.909651845693588257e-02,-2.592993434518575668e-03,4.451274609565734863e+01
-3.812917321920394897e-02,-7.910683751106262207e-02,-2.592793200165033340e-03,4.451795721054077148e+01
-3.812452778220176697e-02,-7.911456376314163208e-02,-2.592446515336632729e-03,4.452279305458068848e+01
-3.812028467655181885e-02,-7.912407815456390381e-02,-2.593910554423928261e-03,4.452830910682678223e+01
-3.811573982238769531e-02,-7.913421839475631714e-02,-2.596641192212700844e-03,4.453284502029418945e+01
-3.811111673712730408e-02,-7.914435118436813354e-02,-2.597060985863208771e-03,4.453783321380615234e+01
-3.810328617691993713e-02,-7.909522950649261475e-02,-2.617814578115940094e-03,4.454282999038696289e+01
-3.810029104351997375e-02,-7.909914851188659668e-02,-2.629414899274706841e-03,4.454784798622131348e+01
-3.809720277786254883e-02,-7.910723984241485596e-02,-2.650155918672680855e-03,4.455283904075622559e+01
-3.809431567788124084e-02,-7.911444455385208130e-02,-2.665161620825529099e-03,4.455784416198730469e+01
-3.809126839041709900e-02,-7.912299782037734985e-02,-2.680958947166800499e-03,4.456292819976806641e+01
-3.808838501572608948e-02,-7.913579791784286499e-02,-2.689742716029286385e-03,4.456804800033569336e+01
-3.808523342013359070e-02,-7.914784550666809082e-02,-2.701435470953583717e-03,4.457288503646850586e+01
-3.809083625674247742e-02,-7.907854020595550537e-02,-2.629939699545502663e-03,4.457783818244934082e+01
-3.808765485882759094e-02,-7.907864451408386230e-02,-2.638279227539896965e-03,4.458283305168151855e+01
-3.808491304516792297e-02,-7.908756285905838013e-02,-2.648341469466686249e-03,4.458802413940429688e+01
-3.808235004544258118e-02,-7.909736782312393188e-02,-2.660165773704648018e-03,4.459308099746704102e+01
-3.807869181036949158e-02,-7.911601662635803223e-02,-2.672191243618726730e-03,4.459795403480529785e+01
-3.807533532381057739e-02,-7.913163304328918457e-02,-2.684568287804722786e-03,4.460295009613037109e+01
-3.807158395648002625e-02,-7.914885133504867554e-02,-2.697590738534927368e-03,4.460806608200073242e+01
-3.807904571294784546e-02,-7.904054224491119385e-02,-2.652893541380763054e-03,4.461295604705810547e+01
-3.807866573333740234e-02,-7.905083149671554565e-02,-2.665661042556166649e-03,4.461800312995910645e+01
-3.807643428444862366e-02,-7.906201481819152832e-02,-2.674643183127045631e-03,4.462293100357055664e+01
-3.807420283555984497e-02,-7.907341420650482178e-02,-2.683778526261448860e-03,4.462812113761901855e+01
-3.807332366704940796e-02,-7.908497750759124756e-02,-2.700018230825662613e-03,4.463297104835510254e+01
-3.807229921221733093e-02,-7.909812033176422119e-02,-2.715330803766846657e-03,4.463797903060913086e+01
-3.808478638529777527e-02,-7.901018857955932617e-02,-2.617464167997241020e-03,4.464295005798339844e+01
-3.808448463678359985e-02,-7.902248948812484741e-02,-2.628849353641271591e-03,4.464804315567016602e+01
-3.808583691716194153e-02,-7.903569936752319336e-02,-2.639722079038619995e-03,4.465308117866516113e+01
-3.808730840682983398e-02,-7.905085384845733643e-02,-2.652150345966219902e-03,4.465818619728088379e+01
-3.808903321623802185e-02,-7.906977087259292603e-02,-2.662202110514044762e-03,4.466314816474914551e+01
-3.809060901403427124e-02,-7.908903807401657104e-02,-2.674524672329425812e-03,4.466817402839660645e+01
-3.809215873479843140e-02,-7.911015301942825317e-02,-2.688239328563213348e-03,4.467311716079711914e+01
-3.809317201375961304e-02,-7.899784296751022339e-02,-2.652500290423631668e-03,4.467813205718994141e+01
-3.809900209307670593e-02,-7.901632040739059448e-02,-2.670413581654429436e-03,4.468310904502868652e+01
-3.810570389032363892e-02,-7.904093712568283081e-02,-2.692393260076642036e-03,4.468829321861267090e+01
-3.811218962073326111e-02,-7.906963676214218140e-02,-2.714976202696561813e-03,4.469324207305908203e+01
-3.811753541231155396e-02,-7.908429205417633057e-02,-2.733654342591762543e-03,4.469814205169677734e+01
-3.812268376350402832e-02,-7.910913228988647461e-02,-2.758071990683674812e-03,4.470310306549072266e+01
-3.812721371650695801e-02,-7.913342863321304321e-02,-2.786278026178479195e-03,4.470822811126708984e+01
-3.809442743659019470e-02,-7.901763916015625000e-02,-2.657944336533546448e-03,4.471314811706542969e+01
-3.809807077050209045e-02,-7.903517782688140869e-02,-2.661712700501084328e-03,4.471817302703857422e+01
-3.810192644596099854e-02,-7.905446738004684448e-02,-2.663300372660160065e-03,4.472320413589477539e+01
-3.810554742813110352e-02,-7.907344400882720947e-02,-2.669621724635362625e-03,4.472844099998474121e+01
-3.810921311378479004e-02,-7.909379899501800537e-02,-2.674885094165802002e-03,4.473320603370666504e+01
-3.811281546950340271e-02,-7.911423593759536743e-02,-2.680331468582153320e-03,4.473824000358581543e+01
-3.811614587903022766e-02,-7.913083583116531372e-02,-2.690145280212163925e-03,4.474323821067810059e+01
-3.801468387246131897e-02,-7.898990064859390259e-02,-2.577344421297311783e-03,4.474827003479003906e+01
-3.801280632615089417e-02,-7.900469750165939331e-02,-2.584897913038730621e-03,4.475320816040039062e+01
-3.800816088914871216e-02,-7.901433855295181274e-02,-2.591967349871993065e-03,4.475821900367736816e+01
-3.800463303923606873e-02,-7.903157174587249756e-02,-2.600664738565683365e-03,4.476335406303405762e+01
-3.800065815448760986e-02,-7.905200868844985962e-02,-2.611055038869380951e-03,4.476889610290527344e+01
-3.799821436405181885e-02,-7.908332347869873047e-02,-2.624043729156255722e-03,4.477386116981506348e+01
-3.797804564237594604e-02,-7.897096127271652222e-02,-2.619741717353463173e-03,4.477822017669677734e+01
-3.797383978962898254e-02,-7.898725569248199463e-02,-2.633230295032262802e-03,4.478323507308959961e+01
-3.796980902552604675e-02,-7.900634407997131348e-02,-2.648141467943787575e-03,4.478840398788452148e+01
-3.796608373522758484e-02,-7.903073728084564209e-02,-2.666066400706768036e-03,4.479349112510681152e+01
-3.796242177486419678e-02,-7.905387133359909058e-02,-2.683326136320829391e-03,4.479835605621337891e+01
-3.795877471566200256e-02,-7.907870411872863770e-02,-2.701289486140012741e-03,4.480336213111877441e+01
-3.795491904020309448e-02,-7.909895479679107666e-02,-2.717904746532440186e-03,4.480839419364929199e+01
-3.800121694803237915e-02,-7.896793633699417114e-02,-2.539194189012050629e-03,4.481335616111755371e+01
-3.800212219357490540e-02,-7.898274809122085571e-02,-2.548938151448965073e-03,4.481831812858581543e+01
-3.800314292311668396e-02,-7.900522649288177490e-02,-2.565400209277868271e-03,4.482332015037536621e+01
-3.800407052040100098e-02,-7.902290672063827515e-02,-2.578305546194314957e-03,4.482862210273742676e+01
-3.800480440258979797e-02,-7.904094457626342773e-02,-2.592149889096617699e-03,4.483336210250854492e+01
-3.800534829497337341e-02,-7.905410975217819214e-02,-2.600927371531724930e-03,4.483832716941833496e+01
-3.798898681998252869e-02,-7.890455424785614014e-02,-2.540334127843379974e-03,4.484336018562316895e+01
-3.798936307430267334e-02,-7.891910523176193237e-02,-2.549211727455258369e-03,4.484842300415039062e+01
-3.799011930823326111e-02,-7.893394678831100464e-02,-2.547752112150192261e-03,4.485348606109619141e+01
-3.799068555235862732e-02,-7.894928753376007080e-02,-2.552390331402420998e-03,4.485835313796997070e+01
-3.799123317003250122e-02,-7.896486669778823853e-02,-2.557348692789673805e-03,4.486346507072448730e+01
-3.799179941415786743e-02,-7.898109406232833862e-02,-2.560804365202784538e-03,4.486862516403198242e+01
-3.798976913094520569e-02,-7.900235801935195923e-02,-2.570791635662317276e-03,4.487347316741943359e+01
-3.797647356986999512e-02,-7.890295237302780151e-02,-2.500751055777072906e-03,4.487857198715209961e+01
-3.797341883182525635e-02,-7.891298085451126099e-02,-2.506358316168189049e-03,4.488349318504333496e+01
-3.797284513711929321e-02,-7.891854643821716309e-02,-2.511747647076845169e-03,4.488846015930175781e+01
-3.797072917222976685e-02,-7.892847061157226562e-02,-2.519002417102456093e-03,4.489362716674804688e+01
-3.796866908669471741e-02,-7.893812656402587891e-02,-2.526404103264212608e-03,4.489863300323486328e+01
-3.796667233109474182e-02,-7.895025610923767090e-02,-2.534261904656887054e-03,4.490350413322448730e+01
-3.796460479497909546e-02,-7.896230369806289673e-02,-2.543206326663494110e-03,4.490854716300964355e+01
-3.797104954719543457e-02,-7.887156307697296143e-02,-2.466633450239896774e-03,4.491345620155334473e+01
-3.797080740332603455e-02,-7.888177037239074707e-02,-2.476716414093971252e-03,4.491863703727722168e+01
-3.797059506177902222e-02,-7.889468222856521606e-02,-2.486346755176782608e-03,4.492355012893676758e+01
-3.797032311558723450e-02,-7.890766859054565430e-02,-2.495441818609833717e-03,4.492906212806701660e+01
-3.797000274062156677e-02,-7.892125844955444336e-02,-2.505042124539613724e-03,4.493369507789611816e+01
-3.796961158514022827e-02,-7.893619686365127563e-02,-2.515468280762434006e-03,4.493868899345397949e+01
-3.796636685729026794e-02,-7.879479229450225830e-02,-2.373387338593602180e-03,4.494364809989929199e+01
-3.796667605638504028e-02,-7.881020754575729370e-02,-2.382150618359446526e-03,4.494885706901550293e+01
-3.796708211302757263e-02,-7.882372289896011353e-02,-2.393483882769942284e-03,4.495354104042053223e+01
-3.796769678592681885e-02,-7.884006202220916748e-02,-2.407446270808577538e-03,4.495867705345153809e+01
-3.796830773353576660e-02,-7.885854691267013550e-02,-2.424333244562149048e-03,4.496387100219726562e+01
-3.796888142824172974e-02,-7.887376844882965088e-02,-2.435631351545453072e-03,4.496869707107543945e+01
-3.796916455030441284e-02,-7.888902723789215088e-02,-2.452156506478786469e-03,4.497364807128906250e+01
-3.796361386775970459e-02,-7.879234850406646729e-02,-2.324257278814911842e-03,4.497874402999877930e+01
-3.796418383717536926e-02,-7.880102097988128662e-02,-2.339309081435203552e-03,4.498380208015441895e+01
-3.796476870775222778e-02,-7.881221175193786621e-02,-2.352240961045026779e-03,4.498871207237243652e+01
-3.796540573239326477e-02,-7.882399111986160278e-02,-2.365103922784328461e-03,4.499390411376953125e+01
-3.796648979187011719e-02,-7.883983850479125977e-02,-2.371536334976553917e-03,4.499874210357666016e+01
-3.796742483973503113e-02,-7.885521650314331055e-02,-2.382115460932254791e-03,4.500375699996948242e+01
-3.796834498643875122e-02,-7.887115329504013062e-02,-2.393840579316020012e-03,4.500873517990112305e+01
-3.797984123229980469e-02,-7.874602824449539185e-02,-2.296562073752284050e-03,4.501371622085571289e+01
-3.798267990350723267e-02,-7.875639945268630981e-02,-2.305019879713654518e-03,4.501873111724853516e+01
-3.798565641045570374e-02,-7.876645028591156006e-02,-2.315560355782508850e-03,4.502368211746215820e+01
-3.798848390579223633e-02,-7.878079265356063843e-02,-2.325689885765314102e-03,4.502907705307006836e+01
-3.799099475145339966e-02,-7.879483699798583984e-02,-2.337519777938723564e-03,4.503374814987182617e+01
-3.799346834421157837e-02,-7.880879938602447510e-02,-2.350353868678212166e-03,4.503871607780456543e+01
-3.794475644826889038e-02,-7.876048982143402100e-02,-2.298041479662060738e-03,4.504370117187500000e+01
-3.794464841485023499e-02,-7.877840101718902588e-02,-2.319198800250887871e-03,4.504871916770935059e+01
-3.794485330581665039e-02,-7.879804074764251709e-02,-2.333480631932616234e-03,4.505383920669555664e+01
-3.794531524181365967e-02,-7.881872355937957764e-02,-2.345967572182416916e-03,4.505871415138244629e+01
-3.794625774025917053e-02,-7.883975654840469360e-02,-2.348987851291894913e-03,4.506384205818176270e+01
-3.794712200760841370e-02,-7.886223495006561279e-02,-2.356843557208776474e-03,4.506883001327514648e+01
-3.794799745082855225e-02,-7.888542860746383667e-02,-2.364666201174259186e-03,4.507385301589965820e+01
-3.792083635926246643e-02,-7.874408364295959473e-02,-2.322567161172628403e-03,4.507889413833618164e+01
-3.791994228959083557e-02,-7.875720411539077759e-02,-2.338098827749490738e-03,4.508389711380004883e+01
-3.791909292340278625e-02,-7.877065986394882202e-02,-2.358515979722142220e-03,4.508887004852294922e+01
-3.791812807321548462e-02,-7.878296077251434326e-02,-2.383320592343807220e-03,4.509397315979003906e+01
-3.791723027825355530e-02,-7.879666984081268311e-02,-2.407599007710814476e-03,4.509888911247253418e+01
-3.791631013154983521e-02,-7.881162315607070923e-02,-2.433783374726772308e-03,4.510384106636047363e+01
-3.791565448045730591e-02,-7.883207499980926514e-02,-2.458045957610011101e-03,4.510890102386474609e+01
-3.789402917027473450e-02,-7.870114594697952271e-02,-2.265539253130555153e-03,4.511387109756469727e+01
-3.789011389017105103e-02,-7.871127128601074219e-02,-2.276259241625666618e-03,4.511891603469848633e+01
-3.788578510284423828e-02,-7.872421294450759888e-02,-2.290588337928056717e-03,4.512401604652404785e+01
-3.788159042596817017e-02,-7.875108718872070312e-02,-2.311246935278177261e-03,4.512912201881408691e+01
-3.787729516625404358e-02,-7.876858115196228027e-02,-2.331375610083341599e-03,4.513390016555786133e+01
-3.787348791956901550e-02,-7.878724485635757446e-02,-2.353519434109330177e-03,4.513901519775390625e+01
-3.789774328470230103e-02,-7.873190194368362427e-02,-2.281803637742996216e-03,4.514405918121337891e+01
-3.789670765399932861e-02,-7.874434441328048706e-02,-2.292735036462545395e-03,4.514905405044555664e+01
-3.789569437503814697e-02,-7.875856012105941772e-02,-2.305591013282537460e-03,4.515394020080566406e+01
-3.789457678794860840e-02,-7.877144217491149902e-02,-2.321013249456882477e-03,4.515901207923889160e+01
-3.789351508021354675e-02,-7.878521084785461426e-02,-2.334685530513525009e-03,4.516421008110046387e+01
-3.789239749312400818e-02,-7.879832386970520020e-02,-2.349024871364235878e-03,4.517319416999816895e+01
-3.789132088422775269e-02,-7.880815118551254272e-02,-2.360004000365734100e-03,4.517404913902282715e+01
-3.790502995252609253e-02,-7.879129052162170410e-02,-2.340442501008510590e-03,4.517902207374572754e+01
-3.790580853819847107e-02,-7.880492508411407471e-02,-2.349159680306911469e-03,4.518405604362487793e+01
-3.790628910064697266e-02,-7.881657034158706665e-02,-2.365772379562258720e-03,4.518933320045471191e+01
-3.790706396102905273e-02,-7.883121818304061890e-02,-2.377230208367109299e-03,4.519424200057983398e+01
-3.790791332721710205e-02,-7.884712517261505127e-02,-2.389160683378577232e-03,4.519917106628417969e+01
-3.790907189249992371e-02,-7.886645197868347168e-02,-2.397953998297452927e-03,4.520442199707031250e+01
-3.791014850139617920e-02,-7.888586074113845825e-02,-2.409972250461578369e-03,4.520919919013977051e+01
-3.792296350002288818e-02,-7.872253656387329102e-02,-2.241778187453746796e-03,4.521411800384521484e+01
-3.792697936296463013e-02,-7.873582839965820312e-02,-2.251587575301527977e-03,4.521938109397888184e+01
-3.793124109506607056e-02,-7.875443249940872192e-02,-2.251782221719622612e-03,4.522417020797729492e+01
-3.793490305542945862e-02,-7.877150177955627441e-02,-2.259351313114166260e-03,4.522932720184326172e+01
-3.793858364224433899e-02,-7.879017293453216553e-02,-2.266055671498179436e-03,4.523417711257934570e+01
-3.794025257229804993e-02,-7.880605757236480713e-02,-2.275487640872597694e-03,4.523915100097656250e+01
-3.788966313004493713e-02,-7.865944504737854004e-02,-2.159594325348734856e-03,4.524416708946228027e+01
-3.788744285702705383e-02,-7.866493612527847290e-02,-2.168231178075075150e-03,4.524918603897094727e+01
-3.788815066218376160e-02,-7.867464423179626465e-02,-2.169235143810510635e-03,4.525416302680969238e+01
-3.788725286722183228e-02,-7.868261635303497314e-02,-2.175173955038189888e-03,4.525929021835327148e+01
-3.788639605045318604e-02,-7.869075238704681396e-02,-2.180980751290917397e-03,4.526433014869689941e+01
-3.788534924387931824e-02,-7.869818061590194702e-02,-2.190452534705400467e-03,4.526910519599914551e+01
-3.788655996322631836e-02,-7.866528630256652832e-02,-2.154260873794555664e-03,4.527409911155700684e+01
-3.788714483380317688e-02,-7.867792248725891113e-02,-2.160566858947277069e-03,4.527924299240112305e+01
-3.788742050528526306e-02,-7.868643105030059814e-02,-2.169710816815495491e-03,4.528427314758300781e+01
-3.788762912154197693e-02,-7.869727164506912231e-02,-2.178790513426065445e-03,4.528928399085998535e+01
-3.788767755031585693e-02,-7.870767265558242798e-02,-2.190999686717987061e-03,4.529435801506042480e+01
-3.788775950670242310e-02,-7.871843874454498291e-02,-2.204528311267495155e-03,4.529935121536254883e+01
-3.788812458515167236e-02,-7.873486727476119995e-02,-2.218184061348438263e-03,4.530426502227783203e+01
-3.788838163018226624e-02,-7.875150442123413086e-02,-2.237529493868350983e-03,4.530925917625427246e+01
-3.791140019893646240e-02,-7.870222628116607666e-02,-2.206514356657862663e-03,4.531419301033020020e+01
-3.791105747222900391e-02,-7.872427999973297119e-02,-2.222965471446514130e-03,4.531923007965087891e+01
-3.791223093867301941e-02,-7.874270528554916382e-02,-2.237702487036585808e-03,4.532423806190490723e+01
-3.791338950395584106e-02,-7.876270264387130737e-02,-2.252536593005061150e-03,4.532947802543640137e+01
-3.791592642664909363e-02,-7.877939939498901367e-02,-2.264375332742929459e-03,4.533421421051025391e+01
-3.791788592934608459e-02,-7.879909127950668335e-02,-2.277422696352005005e-03,4.533937215805053711e+01
-3.786741942167282104e-02,-7.867176085710525513e-02,-2.226562937721610069e-03,4.534435319900512695e+01
-3.786755353212356567e-02,-7.868276536464691162e-02,-2.231444697827100754e-03,4.534929919242858887e+01
-3.786756098270416260e-02,-7.869524508714675903e-02,-2.246111864224076271e-03,4.535436201095581055e+01
-3.786753863096237183e-02,-7.871033251285552979e-02,-2.266207942739129066e-03,4.535947704315185547e+01
-3.786718845367431641e-02,-7.872941344976425171e-02,-2.300120424479246140e-03,4.536439514160156250e+01
-3.786693885922431946e-02,-7.874848693609237671e-02,-2.329234033823013306e-03,4.536935806274414062e+01
-3.786905854940414429e-02,-7.866587489843368530e-02,-2.221604343503713608e-03,4.537434315681457520e+01
-3.787036240100860596e-02,-7.867185026407241821e-02,-2.242245944216847420e-03,4.537935519218444824e+01
-3.787164390087127686e-02,-7.867234200239181519e-02,-2.259592758491635323e-03,4.538438820838928223e+01
-3.787299990653991699e-02,-7.867953181266784668e-02,-2.279225271195173264e-03,4.538937401771545410e+01
-3.787428885698318481e-02,-7.868798077106475830e-02,-2.297785831615328789e-03,4.539461612701416016e+01
-3.787596896290779114e-02,-7.870288938283920288e-02,-2.313714474439620972e-03,4.539947509765625000e+01
-3.787754848599433899e-02,-7.871588319540023804e-02,-2.331255469471216202e-03,4.540438818931579590e+01
-3.787907585501670837e-02,-7.872980087995529175e-02,-2.349293325096368790e-03,4.540947699546813965e+01
-3.783997148275375366e-02,-7.865261286497116089e-02,-2.195392036810517311e-03,4.541444921493530273e+01
-3.783929347991943359e-02,-7.866321504116058350e-02,-2.205742290243506432e-03,4.541947412490844727e+01
-3.783867135643959045e-02,-7.867470383644104004e-02,-2.217813394963741302e-03,4.542451000213623047e+01
-3.783801198005676270e-02,-7.868737727403640747e-02,-2.232902683317661285e-03,4.542957806587219238e+01
-3.783733025193214417e-02,-7.870102673768997192e-02,-2.248364733532071114e-03,4.543447303771972656e+01
-3.783653303980827332e-02,-7.871506363153457642e-02,-2.265095477923750877e-03,4.543947911262512207e+01
-3.784348815679550171e-02,-7.861711829900741577e-02,-2.152803586795926094e-03,4.544450116157531738e+01
-3.784443438053131104e-02,-7.862734049558639526e-02,-2.157453214749693871e-03,4.544949316978454590e+01
-3.784584626555442810e-02,-7.863608002662658691e-02,-2.163263037800788879e-03,4.545439600944519043e+01
-3.784741461277008057e-02,-7.864528894424438477e-02,-2.172515960410237312e-03,4.545976710319519043e+01
-3.784912452101707458e-02,-7.865512371063232422e-02,-2.180321374908089638e-03,4.546456718444824219e+01
-3.785093873739242554e-02,-7.866657525300979614e-02,-2.188900718465447426e-03,4.546965599060058594e+01
-3.785279765725135803e-02,-7.867998629808425903e-02,-2.198447939008474350e-03,4.547462916374206543e+01
-3.788258880376815796e-02,-7.860310375690460205e-02,-2.124286722391843796e-03,4.547964406013488770e+01
-3.788822516798973083e-02,-7.861155271530151367e-02,-2.131283981725573540e-03,4.548449301719665527e+01
-3.789407759904861450e-02,-7.862138003110885620e-02,-2.139245392754673958e-03,4.548963117599487305e+01
-3.789972141385078430e-02,-7.863550633192062378e-02,-2.156306290999054909e-03,4.549471902847290039e+01
-3.790534287691116333e-02,-7.864852249622344971e-02,-2.168749691918492317e-03,4.549963617324829102e+01
-3.791091218590736389e-02,-7.866355031728744507e-02,-2.183656673878431320e-03,4.550464510917663574e+01
-3.791661933064460754e-02,-7.868263125419616699e-02,-2.200596267357468605e-03,4.550970101356506348e+01
-3.781095892190933228e-02,-7.862033694982528687e-02,-2.106893807649612427e-03,4.551461505889892578e+01
-3.781080991029739380e-02,-7.863198965787887573e-02,-2.116720192134380341e-03,4.551963305473327637e+01
-3.781120106577873230e-02,-7.864420861005783081e-02,-2.112026792019605637e-03,4.552465605735778809e+01
-3.781152889132499695e-02,-7.865913212299346924e-02,-2.113569527864456177e-03,4.552978801727294922e+01
-3.781207650899887085e-02,-7.867567986249923706e-02,-2.113220281898975372e-03,4.553470301628112793e+01
-3.781278431415557861e-02,-7.869441062211990356e-02,-2.115376759320497513e-03,4.553978705406188965e+01
-3.781375288963317871e-02,-7.871440052986145020e-02,-2.115688752382993698e-03,4.554474210739135742e+01
-3.780147433280944824e-02,-7.866220921277999878e-02,-2.117804950103163719e-03,4.554976201057434082e+01
-3.780280426144599915e-02,-7.867545634508132935e-02,-2.121111378073692322e-03,4.555476117134094238e+01
-3.780753538012504578e-02,-7.868625968694686890e-02,-2.125996397808194160e-03,4.555985713005065918e+01
-3.781102970242500305e-02,-7.870218157768249512e-02,-2.129242056980729103e-03,4.556484508514404297e+01
-3.781505674123764038e-02,-7.871959358453750610e-02,-2.129917731508612633e-03,4.557038521766662598e+01
-3.781803697347640991e-02,-7.874190807342529297e-02,-2.130170352756977081e-03,4.557521104812622070e+01
-3.779339045286178589e-02,-7.863544672727584839e-02,-2.080453326925635338e-03,4.557977819442749023e+01
-3.779538348317146301e-02,-7.865115255117416382e-02,-2.098618540912866592e-03,4.558469820022583008e+01
-3.779766336083412170e-02,-7.867234200239181519e-02,-2.112825633957982063e-03,4.558966422080993652e+01
-3.779980167746543884e-02,-7.869166135787963867e-02,-2.131463028490543365e-03,4.559506916999816895e+01
-3.780198469758033752e-02,-7.871200889348983765e-02,-2.151756780222058296e-03,4.559986901283264160e+01
-3.780236840248107910e-02,-7.873011380434036255e-02,-2.172558568418025970e-03,4.560466909408569336e+01
-3.780309483408927917e-02,-7.875120639801025391e-02,-2.195735694840550423e-03,4.560988306999206543e+01
-3.772909566760063171e-02,-7.858104258775711060e-02,-1.972885336726903915e-03,4.561480021476745605e+01
-3.772690519690513611e-02,-7.859528809785842896e-02,-1.980090979486703873e-03,4.561987209320068359e+01
-3.772323578596115112e-02,-7.860910892486572266e-02,-1.988812349736690521e-03,4.562480521202087402e+01
-3.771949186921119690e-02,-7.862345874309539795e-02,-2.000168897211551666e-03,4.562997102737426758e+01
-3.771759569644927979e-02,-7.863623648881912231e-02,-2.006636699661612511e-03,4.563508510589599609e+01
-3.771549090743064880e-02,-7.865140587091445923e-02,-2.015749691054224968e-03,4.563980317115783691e+01
-3.773898631334304810e-02,-7.857193797826766968e-02,-2.004648325964808464e-03,4.564484214782714844e+01
-3.774140030145645142e-02,-7.858058810234069824e-02,-2.007553586736321449e-03,4.564986610412597656e+01
-3.774533420801162720e-02,-7.859258353710174561e-02,-2.007908420637249947e-03,4.565479421615600586e+01
-3.774953261017799377e-02,-7.860359549522399902e-02,-2.010419033467769623e-03,4.566018199920654297e+01
-3.775373846292495728e-02,-7.861559092998504639e-02,-2.014314057305455208e-03,4.566500616073608398e+01
-3.775608912110328674e-02,-7.863076776266098022e-02,-2.022190950810909271e-03,4.566987419128417969e+01
-3.775890544056892395e-02,-7.864528894424438477e-02,-2.029175171628594398e-03,4.567485618591308594e+01
-3.776510059833526611e-02,-7.858277112245559692e-02,-2.051198855042457581e-03,4.567988109588623047e+01
-3.776538744568824768e-02,-7.858040928840637207e-02,-2.066225279122591019e-03,4.568500399589538574e+01
-3.776744008064270020e-02,-7.858536392450332642e-02,-2.075459342449903488e-03,4.568998908996582031e+01
-3.776901587843894958e-02,-7.859151810407638550e-02,-2.089139772579073906e-03,4.569513201713562012e+01
-3.777051717042922974e-02,-7.860881090164184570e-02,-2.107383916154503822e-03,4.570002818107604980e+01
-3.777153417468070984e-02,-7.862237095832824707e-02,-2.124878345057368279e-03,4.570499300956726074e+01
-3.770472481846809387e-02,-7.858481258153915405e-02,-2.063303720206022263e-03,4.571001005172729492e+01
-3.770257532596588135e-02,-7.858882844448089600e-02,-2.075332449749112129e-03,4.571499705314636230e+01
-3.769960999488830566e-02,-7.859982550144195557e-02,-2.091792644932866096e-03,4.572013521194458008e+01
-3.769689798355102539e-02,-7.861120998859405518e-02,-2.106365282088518143e-03,4.572498917579650879e+01
-3.769445791840553284e-02,-7.862285524606704712e-02,-2.117075026035308838e-03,4.573033809661865234e+01
-3.769432753324508667e-02,-7.863482087850570679e-02,-2.137493574991822243e-03,4.573500204086303711e+01
-3.769377246499061584e-02,-7.864793390035629272e-02,-2.150592859834432602e-03,4.574014401435852051e+01
-3.769345954060554504e-02,-7.858213782310485840e-02,-1.986246788874268532e-03,4.574499511718750000e+01
-3.769224137067794800e-02,-7.859282940626144409e-02,-1.980581320822238922e-03,4.575006413459777832e+01
-3.769264742732048035e-02,-7.860420644283294678e-02,-1.978718442842364311e-03,4.575496602058410645e+01
-3.769307211041450500e-02,-7.861656695604324341e-02,-1.976324478164315224e-03,4.576027321815490723e+01
-3.769342601299285889e-02,-7.862769067287445068e-02,-1.975043676793575287e-03,4.576507616043090820e+01
-3.769394010305404663e-02,-7.864052057266235352e-02,-1.972496043890714645e-03,4.577011609077453613e+01
-3.769463673233985901e-02,-7.865391671657562256e-02,-1.968131167814135551e-03,4.577503919601440430e+01
-3.768863528966903687e-02,-7.858236134052276611e-02,-2.015980659052729607e-03,4.578018903732299805e+01
-3.768956288695335388e-02,-7.859240472316741943e-02,-2.015931531786918640e-03,4.578506898880004883e+01
-3.769052401185035706e-02,-7.860267907381057739e-02,-2.015208592638373375e-03,4.579009008407592773e+01
-3.769313544034957886e-02,-7.861199229955673218e-02,-2.019311999902129173e-03,4.579521512985229492e+01
-3.769579157233238220e-02,-7.862278819084167480e-02,-2.019926439970731735e-03,4.580014705657958984e+01
-3.769906610250473022e-02,-7.863398641347885132e-02,-2.020287094637751579e-03,4.580510306358337402e+01
-3.769766539335250854e-02,-7.858072221279144287e-02,-2.073559211567044258e-03,4.581021714210510254e+01
-3.769668191671371460e-02,-7.859577238559722900e-02,-2.089175162836909294e-03,4.581509113311767578e+01
-3.769903630018234253e-02,-7.860869169235229492e-02,-2.096227603033185005e-03,4.582024717330932617e+01
-3.770070895552635193e-02,-7.862389832735061646e-02,-2.106398111209273338e-03,4.582523417472839355e+01
-3.770371899008750916e-02,-7.864093035459518433e-02,-2.120415912941098213e-03,4.583021306991577148e+01
-3.770621865987777710e-02,-7.865933328866958618e-02,-2.134892856702208519e-03,4.583517217636108398e+01
-3.770876303315162659e-02,-7.867911458015441895e-02,-2.149843377992510796e-03,4.584025621414184570e+01
-3.766402229666709900e-02,-7.857526093721389771e-02,-2.087493427097797394e-03,4.584516620635986328e+01
-3.766374662518501282e-02,-7.858667522668838501e-02,-2.099411329254508018e-03,4.585020804405212402e+01
-3.766361624002456665e-02,-7.859941571950912476e-02,-2.113672904670238495e-03,4.585514211654663086e+01
-3.766346722841262817e-02,-7.860971242189407349e-02,-2.128875115886330605e-03,4.586055421829223633e+01
-3.766347467899322510e-02,-7.862320542335510254e-02,-2.145316917449235916e-03,4.586533904075622559e+01
-3.766349703073501587e-02,-7.863818854093551636e-02,-2.164887264370918274e-03,4.587035107612609863e+01
-3.766373172402381897e-02,-7.865783572196960449e-02,-2.185848774388432503e-03,4.587521314620971680e+01
-3.765922039747238159e-02,-7.861284911632537842e-02,-2.119636163115501404e-03,4.588028216361999512e+01
-3.766024857759475708e-02,-7.862471789121627808e-02,-2.134100766852498055e-03,4.588534808158874512e+01
-3.765609487891197205e-02,-7.863780111074447632e-02,-2.150479471310973167e-03,4.589050316810607910e+01
-3.765387088060379028e-02,-7.865272462368011475e-02,-2.165287034586071968e-03,4.589542317390441895e+01
-3.765081986784934998e-02,-7.866949588060379028e-02,-2.179642906412482262e-03,4.590046310424804688e+01
-3.764681890606880188e-02,-7.868789881467819214e-02,-2.195177599787712097e-03,4.590530920028686523e+01
-3.764866665005683899e-02,-7.870823144912719727e-02,-2.234822371974587440e-03,4.591041707992553711e+01
-3.763797879219055176e-02,-7.860422879457473755e-02,-2.097248565405607224e-03,4.591527915000915527e+01
-3.763827681541442871e-02,-7.861912250518798828e-02,-2.129552653059363365e-03,4.592059612274169922e+01
-3.763636946678161621e-02,-7.862147688865661621e-02,-2.135313348844647408e-03,4.592539501190185547e+01
-3.763607516884803772e-02,-7.863261550664901733e-02,-2.157041104510426521e-03,4.593048715591430664e+01
-3.763595223426818848e-02,-7.864379137754440308e-02,-2.179043367505073547e-03,4.593529915809631348e+01
-3.763777390122413635e-02,-7.866076380014419556e-02,-2.202531322836875916e-03,4.594046115875244141e+01
-3.762898221611976624e-02,-7.865848392248153687e-02,-2.243077615275979042e-03,4.594536900520324707e+01
-3.763097524642944336e-02,-7.867173850536346436e-02,-2.261697081848978996e-03,4.595070719718933105e+01
-3.763211518526077271e-02,-7.868157327175140381e-02,-2.314887940883636475e-03,4.595532202720642090e+01
-3.763440623879432678e-02,-7.869540154933929443e-02,-2.360907150432467461e-03,4.596057915687561035e+01
-3.763707354664802551e-02,-7.870893925428390503e-02,-2.416550647467374802e-03,4.596547913551330566e+01
-3.763514384627342224e-02,-7.872116565704345703e-02,-2.476699417456984520e-03,4.597466206550598145e+01
-3.763436153531074524e-02,-7.873432338237762451e-02,-2.542627742514014244e-03,4.597545218467712402e+01
-3.757471218705177307e-02,-7.866922765970230103e-02,-2.341545419767498970e-03,4.598048710823059082e+01
-3.757027536630630493e-02,-7.867424935102462769e-02,-2.380640245974063873e-03,4.598532819747924805e+01
-3.755887225270271301e-02,-7.867803424596786499e-02,-2.395851770415902138e-03,4.599055099487304688e+01
-3.754888474941253662e-02,-7.868523150682449341e-02,-2.426421502605080605e-03,4.599571609497070312e+01
-3.753674775362014771e-02,-7.869300246238708496e-02,-2.456838963553309441e-03,4.600045013427734375e+01
-3.752972930669784546e-02,-7.870678603649139404e-02,-2.479234244674444199e-03,4.600539207458496094e+01
-3.756338357925415039e-02,-7.868630439043045044e-02,-2.631615148857235909e-03,4.601043009757995605e+01
-3.756231442093849182e-02,-7.869958132505416870e-02,-2.649148227646946907e-03,4.601543211936950684e+01
-3.756204247474670410e-02,-7.872027903795242310e-02,-2.656070282682776451e-03,4.602059102058410645e+01
-3.756180778145790100e-02,-7.873836904764175415e-02,-2.663062186911702156e-03,4.602553915977478027e+01
-3.756184875965118408e-02,-7.875766605138778687e-02,-2.664804924279451370e-03,4.603059005737304688e+01
-3.756692633032798767e-02,-7.877475768327713013e-02,-2.669473644345998764e-03,4.603553819656372070e+01
-3.757185116410255432e-02,-7.879468053579330444e-02,-2.666654996573925018e-03,4.604059600830078125e+01
-3.753314539790153503e-02,-7.873964309692382812e-02,-2.813515719026327133e-03,4.604554319381713867e+01
-3.754428401589393616e-02,-7.875332981348037720e-02,-2.827661344781517982e-03,4.605057001113891602e+01
-3.755637630820274353e-02,-7.877333462238311768e-02,-2.841394627466797829e-03,4.605552911758422852e+01
-3.757037222385406494e-02,-7.879447937011718750e-02,-2.852175151929259300e-03,4.606109499931335449e+01
-3.758594766259193420e-02,-7.881499826908111572e-02,-2.860400360077619553e-03,4.606573009490966797e+01
-3.758767619729042053e-02,-7.883649319410324097e-02,-2.884204499423503876e-03,4.607056021690368652e+01
-3.751642256975173950e-02,-7.867752760648727417e-02,-2.676146570593118668e-03,4.607556509971618652e+01
-3.751614317297935486e-02,-7.868266105651855469e-02,-2.681466750800609589e-03,4.608056402206420898e+01
-3.751380369067192078e-02,-7.869283109903335571e-02,-2.736187074333429337e-03,4.608569407463073730e+01
-3.751140832901000977e-02,-7.870206981897354126e-02,-2.771879080682992935e-03,4.609073305130004883e+01
-3.750783950090408325e-02,-7.871236652135848999e-02,-2.816051011905074120e-03,4.609581303596496582e+01
-3.750481083989143372e-02,-7.872559875249862671e-02,-2.868241397663950920e-03,4.610078501701354980e+01
-3.750021755695343018e-02,-7.873861491680145264e-02,-2.928216941654682159e-03,4.610564112663269043e+01
-3.744352236390113831e-02,-7.866033911705017090e-02,-2.815538085997104645e-03,4.611074018478393555e+01
-3.744650259613990784e-02,-7.865983247756958008e-02,-2.832954982295632362e-03,4.611567306518554688e+01
-3.744461387395858765e-02,-7.866843044757843018e-02,-2.872916171327233315e-03,4.612081909179687500e+01
-3.744466230273246765e-02,-7.867857813835144043e-02,-2.907805377617478371e-03,4.612577104568481445e+01
-3.745093196630477905e-02,-7.869663834571838379e-02,-2.918475540354847908e-03,4.613095307350158691e+01
-3.745800256729125977e-02,-7.871177792549133301e-02,-2.934705466032028198e-03,4.613562512397766113e+01
-3.746775910258293152e-02,-7.872750610113143921e-02,-2.945830812677741051e-03,4.614062619209289551e+01
-3.743683919310569763e-02,-7.869404554367065430e-02,-2.791855949908494949e-03,4.614588809013366699e+01
-3.744554519653320312e-02,-7.870694249868392944e-02,-2.793496474623680115e-03,4.615088200569152832e+01
-3.745525330305099487e-02,-7.872160524129867554e-02,-2.794927684590220451e-03,4.615572118759155273e+01
-3.746590763330459595e-02,-7.873860746622085571e-02,-2.795973559841513634e-03,4.616089200973510742e+01
-3.746548667550086975e-02,-7.875337451696395874e-02,-2.781182061880826950e-03,4.616584014892578125e+01
-3.747022524476051331e-02,-7.877336442470550537e-02,-2.766829915344715118e-03,4.617090415954589844e+01
-3.739057481288909912e-02,-7.870369404554367065e-02,-2.733494620770215988e-03,4.617580318450927734e+01
-3.739123418927192688e-02,-7.872644811868667603e-02,-2.732363995164632797e-03,4.618089699745178223e+01
-3.738867491483688354e-02,-7.874806225299835205e-02,-2.722694305703043938e-03,4.618582820892333984e+01
-3.738603740930557251e-02,-7.877273112535476685e-02,-2.713378984481096268e-03,4.619081711769104004e+01
-3.738195449113845825e-02,-7.880087196826934814e-02,-2.739147283136844635e-03,4.619614100456237793e+01
-3.737767040729522705e-02,-7.882981002330780029e-02,-2.756729489192366600e-03,4.620095920562744141e+01
-3.737265616655349731e-02,-7.885996252298355103e-02,-2.780745970085263252e-03,4.620590519905090332e+01
-3.742015361785888672e-02,-7.862844318151473999e-02,-2.670872723683714867e-03,4.621092510223388672e+01
-3.742615878582000732e-02,-7.863923907279968262e-02,-2.716970862820744514e-03,4.621588110923767090e+01
-3.743369877338409424e-02,-7.865247875452041626e-02,-2.771141240373253822e-03,4.622098517417907715e+01
-3.744153305888175964e-02,-7.867007702589035034e-02,-2.822527429088950157e-03,4.622592210769653320e+01
-3.745055198669433594e-02,-7.868646830320358276e-02,-2.885709051042795181e-03,4.623099708557128906e+01
-3.746008872985839844e-02,-7.870265841484069824e-02,-2.957782242447137833e-03,4.623603510856628418e+01
-3.747021406888961792e-02,-7.871846109628677368e-02,-3.038225462660193443e-03,4.624098706245422363e+01
-3.746588900685310364e-02,-7.862018793821334839e-02,-2.743854885920882225e-03,4.624597716331481934e+01
-3.747023269534111023e-02,-7.862899452447891235e-02,-2.775368047878146172e-03,4.625099802017211914e+01
-3.747325763106346130e-02,-7.863894104957580566e-02,-2.806905424222350121e-03,4.625613403320312500e+01
-3.746129572391510010e-02,-7.865589857101440430e-02,-2.799465553835034370e-03,4.626115107536315918e+01
-3.745399042963981628e-02,-7.866918295621871948e-02,-2.808809047564864159e-03,4.626601910591125488e+01
-3.744377940893173218e-02,-7.868344336748123169e-02,-2.810987643897533417e-03,4.627105712890625000e+01
-3.744139522314071655e-02,-7.869622856378555298e-02,-2.788430545479059219e-03,4.627609014511108398e+01
-3.741808608174324036e-02,-7.867304235696792603e-02,-2.917822217568755150e-03,4.628104305267333984e+01
-3.741287812590599060e-02,-7.868608832359313965e-02,-2.892656950280070305e-03,4.628622508049011230e+01
-3.740755841135978699e-02,-7.869876176118850708e-02,-2.861764514818787575e-03,4.629088020324707031e+01
-3.740223497152328491e-02,-7.871211320161819458e-02,-2.817520406097173691e-03,4.629651403427124023e+01
-3.739685565233230591e-02,-7.872493565082550049e-02,-2.761834533885121346e-03,4.630141210556030273e+01
-3.740755096077919006e-02,-7.873867452144622803e-02,-2.726113190874457359e-03,4.630620503425598145e+01
-3.755474835634231567e-02,-7.876718044281005859e-02,-2.901012776419520378e-03,4.631111001968383789e+01
-3.758082911372184753e-02,-7.878769934177398682e-02,-2.887589624151587486e-03,4.631617403030395508e+01
-3.758973628282546997e-02,-7.880191504955291748e-02,-2.921444131061434746e-03,4.632150101661682129e+01
-3.761039301753044128e-02,-7.881905138492584229e-02,-2.937993966042995453e-03,4.632668018341064453e+01
-3.763146698474884033e-02,-7.883336395025253296e-02,-2.958641853183507919e-03,4.633112907409667969e+01
-3.765291348099708557e-02,-7.884518057107925415e-02,-2.983868354931473732e-03,4.633618116378784180e+01
-3.765893727540969849e-02,-7.886867225170135498e-02,-3.060064977034926414e-03,4.634114003181457520e+01
-3.769338130950927734e-02,-7.867086678743362427e-02,-3.038776339963078499e-03,4.634612703323364258e+01
-3.770099952816963196e-02,-7.867395132780075073e-02,-3.120506647974252701e-03,4.635109710693359375e+01
-3.770321980118751526e-02,-7.868400961160659790e-02,-3.228187561035156250e-03,4.635692620277404785e+01
-3.770368546247482300e-02,-7.869070023298263550e-02,-3.347567748278379440e-03,4.636142301559448242e+01
-3.770090639591217041e-02,-7.869807630777359009e-02,-3.480949439108371735e-03,4.636666512489318848e+01
-3.771423548460006714e-02,-7.870139181613922119e-02,-3.608187194913625717e-03,4.637363004684448242e+01
-3.768924251198768616e-02,-7.865188270807266235e-02,-3.326259553432464600e-03,4.637667918205261230e+01
-3.770615160465240479e-02,-7.865578681230545044e-02,-3.454847261309623718e-03,4.638120412826538086e+01
-3.772492334246635437e-02,-7.866287231445312500e-02,-3.547105938196182251e-03,4.638616013526916504e+01
-3.774618357419967651e-02,-7.866870611906051636e-02,-3.663984360173344612e-03,4.639149498939514160e+01
-3.776968270540237427e-02,-7.867445051670074463e-02,-3.781855106353759766e-03,4.639679312705993652e+01
-3.778393194079399109e-02,-7.868257164955139160e-02,-3.892749780789017677e-03,4.640141916275024414e+01
-3.780204430222511292e-02,-7.869076728820800781e-02,-4.005098249763250351e-03,4.640635609626770020e+01
-3.775880485773086548e-02,-7.869330793619155884e-02,-3.961389418691396713e-03,4.641127300262451172e+01
-3.777190670371055603e-02,-7.870581001043319702e-02,-4.067449830472469330e-03,4.641621398925781250e+01
-3.777230158448219299e-02,-7.872452586889266968e-02,-4.138813354074954987e-03,4.642135500907897949e+01
-3.777674958109855652e-02,-7.874169945716857910e-02,-4.226128570735454559e-03,4.642710113525390625e+01
-3.777804970741271973e-02,-7.876012474298477173e-02,-4.310925025492906570e-03,4.643131518363952637e+01
-3.777698054909706116e-02,-7.878246903419494629e-02,-4.375925753265619278e-03,4.643671321868896484e+01
-3.777299076318740845e-02,-7.880520820617675781e-02,-4.436889197677373886e-03,4.644144320487976074e+01
-3.751404210925102234e-02,-7.891947031021118164e-02,-4.188500810414552689e-03,4.644669914245605469e+01
-3.751366958022117615e-02,-7.894921302795410156e-02,-4.211623221635818481e-03,4.645140314102172852e+01
-3.750219568610191345e-02,-7.897795736789703369e-02,-4.218209069222211838e-03,4.645676517486572266e+01
-3.749132528901100159e-02,-7.900555431842803955e-02,-4.216121509671211243e-03,4.646164512634277344e+01
-3.749736398458480835e-02,-7.902451604604721069e-02,-4.221509676426649094e-03,4.646670007705688477e+01
-3.750238567590713501e-02,-7.904905080795288086e-02,-4.215581808239221573e-03,4.647130918502807617e+01
-3.759666904807090759e-02,-7.892460376024246216e-02,-4.254546016454696655e-03,4.647669410705566406e+01
-3.760333359241485596e-02,-7.896158844232559204e-02,-4.291583318263292313e-03,4.648132419586181641e+01
-3.762296587228775024e-02,-7.898937910795211792e-02,-4.308012314140796661e-03,4.648717117309570312e+01
-3.764475882053375244e-02,-7.902000099420547485e-02,-4.324049223214387894e-03,4.649133610725402832e+01
-3.766858950257301331e-02,-7.905437797307968140e-02,-4.342370200902223587e-03,4.649685716629028320e+01
-3.768371045589447021e-02,-7.908713072538375854e-02,-4.378313664346933365e-03,4.650144004821777344e+01
-3.770427033305168152e-02,-7.912711799144744873e-02,-4.411709029227495193e-03,4.650711321830749512e+01
-3.758239373564720154e-02,-7.888832688331604004e-02,-4.198180977255105972e-03,4.651150321960449219e+01
-3.756156563758850098e-02,-7.891028374433517456e-02,-4.242123570293188095e-03,4.651702713966369629e+01
-3.755232319235801697e-02,-7.893195003271102905e-02,-4.282882902771234512e-03,4.652147722244262695e+01
-3.753831237554550171e-02,-7.895407080650329590e-02,-4.329003393650054932e-03,4.652687621116638184e+01
-3.752627223730087280e-02,-7.896747440099716187e-02,-4.371812101453542709e-03,4.653127908706665039e+01
-3.750862181186676025e-02,-7.898470014333724976e-02,-4.421668127179145813e-03,4.653708910942077637e+01
-3.748826310038566589e-02,-7.900141924619674683e-02,-4.475153051316738129e-03,4.654153418540954590e+01
-3.744943439960479736e-02,-7.877850532531738281e-02,-4.225136246532201767e-03,4.654709815979003906e+01
-3.743308037519454956e-02,-7.878813892602920532e-02,-4.267495591193437576e-03,4.655166912078857422e+01
-3.741594776511192322e-02,-7.879994809627532959e-02,-4.314077086746692657e-03,4.655670809745788574e+01
-3.741623088717460632e-02,-7.881738990545272827e-02,-4.379968158900737762e-03,4.656175208091735840e+01
-3.741303831338882446e-02,-7.883634418249130249e-02,-4.447320476174354553e-03,4.656675004959106445e+01
-3.741429001092910767e-02,-7.885747402906417847e-02,-4.521398339420557022e-03,4.657162404060363770e+01
-3.757592663168907166e-02,-7.878823578357696533e-02,-4.311356227844953537e-03,4.657691216468811035e+01
-3.760110586881637573e-02,-7.881393283605575562e-02,-4.357423167675733566e-03,4.658168411254882812e+01
-3.763119876384735107e-02,-7.884333282709121704e-02,-4.398502409458160400e-03,4.658677411079406738e+01
-3.766638413071632385e-02,-7.887455075979232788e-02,-4.435553681105375290e-03,4.659169101715087891e+01
-3.769392147660255432e-02,-7.888583838939666748e-02,-4.451287910342216492e-03,4.659691214561462402e+01
-3.773071989417076111e-02,-7.890748977661132812e-02,-4.464464262127876282e-03,4.660166001319885254e+01
-3.777005523443222046e-02,-7.892668247222900391e-02,-4.470399580895900726e-03,4.660676312446594238e+01
-3.763507306575775146e-02,-7.875097543001174927e-02,-4.337591584771871567e-03,4.661167812347412109e+01
-3.764801472425460815e-02,-7.876441627740859985e-02,-4.356747958809137344e-03,4.661697721481323242e+01
-3.765796869993209839e-02,-7.878052443265914917e-02,-4.379429854452610016e-03,4.662167310714721680e+01
-3.764912113547325134e-02,-7.880257815122604370e-02,-4.426271654665470123e-03,4.662692809104919434e+01
-3.763964027166366577e-02,-7.882588356733322144e-02,-4.466233775019645691e-03,4.663176321983337402e+01
-3.762268647551536560e-02,-7.885307818651199341e-02,-4.512129351496696472e-03,4.663690114021301270e+01
-3.760702162981033325e-02,-7.888010144233703613e-02,-4.550220444798469543e-03,4.664174818992614746e+01
-3.738099336624145508e-02,-7.879660278558731079e-02,-4.460596479475498199e-03,4.664691615104675293e+01
-3.733945637941360474e-02,-7.881920039653778076e-02,-4.506738856434822083e-03,4.665173721313476562e+01
-3.733027353882789612e-02,-7.882381975650787354e-02,-4.538315813988447189e-03,4.665699219703674316e+01
-3.730370849370956421e-02,-7.883840054273605347e-02,-4.580809734761714935e-03,4.666191005706787109e+01
-3.727930039167404175e-02,-7.885194569826126099e-02,-4.628092050552368164e-03,4.666688609123229980e+01
-3.725718706846237183e-02,-7.886338233947753906e-02,-4.678443074226379395e-03,4.667181110382080078e+01
-3.740383312106132507e-02,-7.873323559761047363e-02,-4.528558813035488129e-03,4.667687702178955078e+01
-3.741065040230751038e-02,-7.872802764177322388e-02,-4.555011168122291565e-03,4.668180012702941895e+01
-3.742150217294692993e-02,-7.872099429368972778e-02,-4.580684006214141846e-03,4.668686103820800781e+01
-3.742451965808868408e-02,-7.874471694231033325e-02,-4.628460854291915894e-03,4.669190311431884766e+01
-3.743645921349525452e-02,-7.875337451696395874e-02,-4.667320754379034042e-03,4.670132613182067871e+01
-3.745061159133911133e-02,-7.876487076282501221e-02,-4.708871245384216309e-03,4.670494008064270020e+01
-3.746192902326583862e-02,-7.877942919731140137e-02,-4.751096013933420181e-03,4.670824098587036133e+01
-3.741108626127243042e-02,-7.881766557693481445e-02,-4.728596191853284836e-03,4.671232700347900391e+01
-3.742060810327529907e-02,-7.884708046913146973e-02,-4.780227318406105042e-03,4.671749711036682129e+01
-3.741872310638427734e-02,-7.886318117380142212e-02,-4.783998243510723114e-03,4.672184514999389648e+01
-3.742170333862304688e-02,-7.888723164796829224e-02,-4.809097386896610260e-03,4.672711920738220215e+01
-3.742321208119392395e-02,-7.891076803207397461e-02,-4.826573655009269714e-03,4.673189520835876465e+01
-3.743004798889160156e-02,-7.892895489931106567e-02,-4.832618404179811478e-03,4.673697710037231445e+01
-3.743445128202438354e-02,-7.894880324602127075e-02,-4.834096413105726242e-03,4.674168300628662109e+01
-3.732461109757423401e-02,-7.874311506748199463e-02,-4.733942914754152298e-03,4.674694705009460449e+01
-3.732527419924736023e-02,-7.874844968318939209e-02,-4.723703954368829727e-03,4.675205516815185547e+01
-3.730775043368339539e-02,-7.876755297183990479e-02,-4.768239799886941910e-03,4.675694608688354492e+01
-3.729910030961036682e-02,-7.877977192401885986e-02,-4.777754656970500946e-03,4.676208305358886719e+01
-3.728837147355079651e-02,-7.879331707954406738e-02,-4.788299091160297394e-03,4.676693010330200195e+01
-3.726645186543464661e-02,-7.880446314811706543e-02,-4.807920660823583603e-03,4.677389621734619141e+01
-3.722103685140609741e-02,-7.863669842481613159e-02,-4.770770203322172165e-03,4.677721619606018066e+01
-3.719211369752883911e-02,-7.863589376211166382e-02,-4.799659829586744308e-03,4.678199720382690430e+01
-3.717864304780960083e-02,-7.863693684339523315e-02,-4.829844925552606583e-03,4.678723502159118652e+01
-3.715261444449424744e-02,-7.863876968622207642e-02,-4.864240065217018127e-03,4.679231810569763184e+01
-3.712538257241249084e-02,-7.864230871200561523e-02,-4.903241991996765137e-03,4.679722309112548828e+01
-3.711471334099769592e-02,-7.865542173385620117e-02,-4.931135568767786026e-03,4.680205106735229492e+01
-3.710018098354339600e-02,-7.866757363080978394e-02,-4.965030588209629059e-03,4.680714702606201172e+01
-3.714683651924133301e-02,-7.864604890346527100e-02,-4.802372306585311890e-03,4.681184101104736328e+01
-3.716447204351425171e-02,-7.865998893976211548e-02,-4.779547918587923050e-03,4.681709003448486328e+01
-3.718201816082000732e-02,-7.867823541164398193e-02,-4.767347127199172974e-03,4.682205510139465332e+01
-3.720546886324882507e-02,-7.869885116815567017e-02,-4.748116247355937958e-03,4.682729101181030273e+01
-3.721528872847557068e-02,-7.871729135513305664e-02,-4.742765799164772034e-03,4.683232998847961426e+01
-3.723392263054847717e-02,-7.873807847499847412e-02,-4.725421313196420670e-03,4.683705520629882812e+01
-3.725283592939376831e-02,-7.875736802816390991e-02,-4.705020226538181305e-03,4.684208917617797852e+01
-3.714854642748832703e-02,-7.865273952484130859e-02,-4.722697660326957703e-03,4.684741616249084473e+01
-3.711232915520668030e-02,-7.867958396673202515e-02,-4.771546926349401474e-03,4.685221409797668457e+01
-3.709578886628150940e-02,-7.870139926671981812e-02,-4.789696540683507919e-03,4.685710501670837402e+01
-3.707281872630119324e-02,-7.872367650270462036e-02,-4.813596606254577637e-03,4.686235404014587402e+01
-3.704348951578140259e-02,-7.874186336994171143e-02,-4.842434078454971313e-03,4.686704516410827637e+01
-3.700834140181541443e-02,-7.876376062631607056e-02,-4.877996165305376053e-03,4.687211108207702637e+01
-3.691549226641654968e-02,-7.857594639062881470e-02,-4.793332889676094055e-03,4.687718820571899414e+01
-3.691274300217628479e-02,-7.858873903751373291e-02,-4.825709853321313858e-03,4.688204813003540039e+01
-3.688658401370048523e-02,-7.860615104436874390e-02,-4.869718570262193680e-03,4.688721108436584473e+01
-3.686246275901794434e-02,-7.862553000450134277e-02,-4.917080048471689224e-03,4.689217400550842285e+01
-3.686595335602760315e-02,-7.863531261682510376e-02,-4.951219074428081512e-03,4.689736819267272949e+01
-3.686778992414474487e-02,-7.864847034215927124e-02,-4.992564674466848373e-03,4.690201520919799805e+01
-3.687899932265281677e-02,-7.866059988737106323e-02,-5.033640190958976746e-03,4.690713000297546387e+01
-3.705734387040138245e-02,-7.852209359407424927e-02,-4.923317581415176392e-03,4.691232705116271973e+01
-3.710014745593070984e-02,-7.852733880281448364e-02,-4.935514181852340698e-03,4.691734910011291504e+01
-3.714967146515846252e-02,-7.853447645902633667e-02,-4.941937979310750961e-03,4.692229008674621582e+01
-3.720614314079284668e-02,-7.854073494672775269e-02,-4.944520536810159683e-03,4.692750310897827148e+01
-3.724229708313941956e-02,-7.855755835771560669e-02,-4.947518929839134216e-03,4.693231105804443359e+01
-3.729390725493431091e-02,-7.856858521699905396e-02,-4.942644387483596802e-03,4.693721413612365723e+01
-3.734700381755828857e-02,-7.858158648014068604e-02,-4.928094334900379181e-03,4.694222903251647949e+01
-3.705401346087455750e-02,-7.848906517028808594e-02,-4.708660766482353210e-03,4.694732213020324707e+01
-3.704184666275978088e-02,-7.849985361099243164e-02,-4.695934243500232697e-03,4.695229101181030273e+01
-3.701949119567871094e-02,-7.851093262434005737e-02,-4.686416592448949814e-03,4.695728516578674316e+01
-3.697690740227699280e-02,-7.852572202682495117e-02,-4.714750684797763824e-03,4.696249914169311523e+01
-3.692523017525672913e-02,-7.854071259498596191e-02,-4.736192058771848679e-03,4.696734309196472168e+01
-3.686033934354782104e-02,-7.855673879384994507e-02,-4.765245132148265839e-03,4.697229313850402832e+01
-3.680195286870002747e-02,-7.846127450466156006e-02,-4.866509698331356049e-03,4.697739601135253906e+01
-3.674274310469627380e-02,-7.847445458173751831e-02,-4.921005573123693466e-03,4.698239016532897949e+01
-3.668072447180747986e-02,-7.848723977804183960e-02,-4.982918500900268555e-03,4.698750114440917969e+01
-3.665369376540184021e-02,-7.849099487066268921e-02,-5.028482992202043533e-03,4.699242019653320312e+01
-3.661827370524406433e-02,-7.849676907062530518e-02,-5.085148382931947708e-03,4.699751019477844238e+01
-3.659056499600410461e-02,-7.850072532892227173e-02,-5.141688510775566101e-03,4.700239515304565430e+01
-3.657044470310211182e-02,-7.850188761949539185e-02,-5.200462415814399719e-03,4.700735306739807129e+01
-3.689350932836532593e-02,-7.838070392608642578e-02,-5.147202871739864349e-03,4.701243400573730469e+01
-3.692434355616569519e-02,-7.837206125259399414e-02,-5.195303354412317276e-03,4.701734709739685059e+01
-3.696253523230552673e-02,-7.836024463176727295e-02,-5.244261585175991058e-03,4.702238011360168457e+01
-3.691121563315391541e-02,-7.843212038278579712e-02,-5.284277722239494324e-03,4.702766609191894531e+01
-3.692936152219772339e-02,-7.843916863203048706e-02,-5.320516880601644516e-03,4.703255414962768555e+01
-3.694906085729598999e-02,-7.845076918601989746e-02,-5.354364868253469467e-03,4.703744912147521973e+01
-3.694210946559906006e-02,-7.845896482467651367e-02,-5.404438823461532593e-03,4.704248404502868652e+01
-3.690538555383682251e-02,-7.842284440994262695e-02,-5.103633739054203033e-03,4.704754018783569336e+01
-3.688730299472808838e-02,-7.843989133834838867e-02,-5.143929272890090942e-03,4.705254912376403809e+01
-3.686846047639846802e-02,-7.844655215740203857e-02,-5.158927291631698608e-03,4.705756306648254395e+01
-3.684079274535179138e-02,-7.845950871706008911e-02,-5.190846510231494904e-03,4.706277108192443848e+01
-3.680746257305145264e-02,-7.847228646278381348e-02,-5.222364328801631927e-03,4.706755805015563965e+01
-3.678427264094352722e-02,-7.848960906267166138e-02,-5.240947939455509186e-03,4.707256007194519043e+01
-3.667963296175003052e-02,-7.839383929967880249e-02,-5.153123755007982254e-03,4.707752299308776855e+01
-3.664841502904891968e-02,-7.840304821729660034e-02,-5.163710564374923706e-03,4.708247900009155273e+01
-3.660420328378677368e-02,-7.842940837144851685e-02,-5.164190195500850677e-03,4.708767008781433105e+01
-3.656271472573280334e-02,-7.844775170087814331e-02,-5.162907764315605164e-03,4.709265208244323730e+01
-3.651777654886245728e-02,-7.846709340810775757e-02,-5.154945887625217438e-03,4.709777116775512695e+01
-3.646924346685409546e-02,-7.848880439996719360e-02,-5.142415873706340790e-03,4.710264015197753906e+01
-3.640488907694816589e-02,-7.852393388748168945e-02,-5.130235105752944946e-03,4.710775804519653320e+01
-3.639725968241691589e-02,-7.846923917531967163e-02,-5.218086298555135727e-03,4.711271715164184570e+01
-3.633246198296546936e-02,-7.850014418363571167e-02,-5.206909961998462677e-03,4.711773610115051270e+01
-3.629988804459571838e-02,-7.852403074502944946e-02,-5.225376226007938385e-03,4.712268900871276855e+01
-3.624631464481353760e-02,-7.855551689863204956e-02,-5.228250753134489059e-03,4.712791609764099121e+01
-3.619289770722389221e-02,-7.858856767416000366e-02,-5.235058721154928207e-03,4.713269019126892090e+01
-3.615856543183326721e-02,-7.860912382602691650e-02,-5.273631308227777481e-03,4.713771319389343262e+01
-3.612176328897476196e-02,-7.863361388444900513e-02,-5.308139603585004807e-03,4.714268803596496582e+01
-3.665443509817123413e-02,-7.839000970125198364e-02,-5.130291916429996490e-03,4.714771008491516113e+01
-3.667918220162391663e-02,-7.838543504476547241e-02,-5.174155812710523605e-03,4.715269303321838379e+01
-3.670972213149070740e-02,-7.837477326393127441e-02,-5.217835772782564163e-03,4.715761303901672363e+01
-3.674626350402832031e-02,-7.836002856492996216e-02,-5.268076434731483459e-03,4.716292500495910645e+01
-3.677944839000701904e-02,-7.834754884243011475e-02,-5.305197555571794510e-03,4.716770410537719727e+01
-3.681984171271324158e-02,-7.833220064640045166e-02,-5.355072673410177231e-03,4.717457008361816406e+01
-3.652764111757278442e-02,-7.830341160297393799e-02,-5.393511615693569183e-03,4.717803120613098145e+01
-3.655335679650306702e-02,-7.830031216144561768e-02,-5.463002715259790421e-03,4.718280816078186035e+01
-3.654020652174949646e-02,-7.832080125808715820e-02,-5.468375049531459808e-03,4.718781709671020508e+01
-3.654807433485984802e-02,-7.832905650138854980e-02,-5.505620967596769333e-03,4.719293022155761719e+01
-3.655279427766799927e-02,-7.834064960479736328e-02,-5.538067780435085297e-03,4.719787216186523438e+01
-3.655834123492240906e-02,-7.836595177650451660e-02,-5.567405372858047485e-03,4.720280003547668457e+01
-3.656050190329551697e-02,-7.839334011077880859e-02,-5.590984132140874863e-03,4.720778512954711914e+01
-3.621967136859893799e-02,-7.857489585876464844e-02,-5.507817491888999939e-03,4.721283912658691406e+01
-3.623424842953681946e-02,-7.863759994506835938e-02,-5.578197538852691650e-03,4.721781611442565918e+01
-3.623658418655395508e-02,-7.870014011859893799e-02,-5.613095592707395554e-03,4.722281217575073242e+01
-3.624184802174568176e-02,-7.876925170421600342e-02,-5.650784820318222046e-03,4.722810912132263184e+01
-3.627150878310203552e-02,-7.880894839763641357e-02,-5.666104611009359360e-03,4.723282217979431152e+01
-3.630067035555839539e-02,-7.886347919702529907e-02,-5.692813079804182053e-03,4.723780417442321777e+01
-3.616944327950477600e-02,-7.855700701475143433e-02,-5.373201798647642136e-03,4.724274301528930664e+01
-3.621027618646621704e-02,-7.855015993118286133e-02,-5.355888977646827698e-03,4.724779510498046875e+01
-3.626625239849090576e-02,-7.854568958282470703e-02,-5.338282790035009384e-03,4.725283718109130859e+01
-3.632772341370582581e-02,-7.853436470031738281e-02,-5.314796231687068939e-03,4.725787615776062012e+01
-3.638319298624992371e-02,-7.853470742702484131e-02,-5.287515465170145035e-03,4.726322007179260254e+01
-3.644572570919990540e-02,-7.852857559919357300e-02,-5.258133634924888611e-03,4.726786899566650391e+01
-3.651044517755508423e-02,-7.852312922477722168e-02,-5.223846994340419769e-03,4.727290511131286621e+01
-3.589694574475288391e-02,-7.850607484579086304e-02,-5.309218075126409531e-03,4.727797508239746094e+01
-3.587793931365013123e-02,-7.855089008808135986e-02,-5.279050208628177643e-03,4.728291511535644531e+01
-3.588083758950233459e-02,-7.857583463191986084e-02,-5.250902380794286728e-03,4.728784298896789551e+01
-3.587894886732101440e-02,-7.860669493675231934e-02,-5.218430887907743454e-03,4.729317212104797363e+01
-3.586627170443534851e-02,-7.862364500761032104e-02,-5.186005961149930954e-03,4.729800319671630859e+01
-3.584988415241241455e-02,-7.865133881568908691e-02,-5.148234777152538300e-03,4.730287408828735352e+01
-3.582723438739776611e-02,-7.868069410324096680e-02,-5.106518510729074478e-03,4.730802106857299805e+01
-3.551807254552841187e-02,-7.869242131710052490e-02,-5.217141006141901016e-03,4.731301212310791016e+01
-3.548181056976318359e-02,-7.870888710021972656e-02,-5.189638584852218628e-03,4.731797599792480469e+01
-3.544395044445991516e-02,-7.872500270605087280e-02,-5.161525681614875793e-03,4.732302403450012207e+01
-3.541683778166770935e-02,-7.875369489192962646e-02,-5.136220715939998627e-03,4.732819199562072754e+01
-3.538607805967330933e-02,-7.877767086029052734e-02,-5.111243110150098801e-03,4.733302021026611328e+01
-3.535693138837814331e-02,-7.880244404077529907e-02,-5.087380297482013702e-03,4.733802008628845215e+01
-3.555428981781005859e-02,-7.860866189002990723e-02,-4.981297068297863007e-03,4.734302616119384766e+01
-3.555866703391075134e-02,-7.862467318773269653e-02,-4.949689377099275589e-03,4.734811305999755859e+01
-3.556558862328529358e-02,-7.864370197057723999e-02,-4.916153382509946823e-03,4.735294604301452637e+01
-3.557466343045234680e-02,-7.866414636373519897e-02,-4.880264867097139359e-03,4.735798501968383789e+01
-3.557828068733215332e-02,-7.868226617574691772e-02,-4.850378725677728653e-03,4.736321306228637695e+01
-3.558704629540443420e-02,-7.870315760374069214e-02,-4.811835940927267075e-03,4.736801004409790039e+01
-3.559710830450057983e-02,-7.872593402862548828e-02,-4.772574175149202347e-03,4.737294316291809082e+01
-3.548280894756317139e-02,-7.868788391351699829e-02,-4.759036004543304443e-03,4.737803411483764648e+01
-3.548661619424819946e-02,-7.870882004499435425e-02,-4.723304882645606995e-03,4.738308215141296387e+01
-3.549117222428321838e-02,-7.873273640871047974e-02,-4.687065258622169495e-03,4.738819813728332520e+01
-3.550735116004943848e-02,-7.875435799360275269e-02,-4.658311139792203903e-03,4.739321613311767578e+01
-3.552038967609405518e-02,-7.878088206052780151e-02,-4.624156747013330460e-03,4.739829707145690918e+01
-3.553618490695953369e-02,-7.880897074937820435e-02,-4.587959963828325272e-03,4.740305900573730469e+01
-3.556340560317039490e-02,-7.881826907396316528e-02,-4.517307970672845840e-03,4.740809512138366699e+01
-3.554755449295043945e-02,-7.866356521844863892e-02,-4.350265022367238998e-03,4.741307401657104492e+01
-3.558306768536567688e-02,-7.865820825099945068e-02,-4.276786930859088898e-03,4.741814708709716797e+01
-3.559475019574165344e-02,-7.866063714027404785e-02,-4.169588442891836166e-03,4.742302703857421875e+01
-3.562115877866744995e-02,-7.865682244300842285e-02,-4.061742685735225677e-03,4.742843699455261230e+01
-3.564714640378952026e-02,-7.865153253078460693e-02,-3.939333837479352951e-03,4.743303418159484863e+01
-3.567283600568771362e-02,-7.864539325237274170e-02,-3.802424529567360878e-03,4.743810820579528809e+01
-3.564226627349853516e-02,-7.867582887411117554e-02,-3.644177922978997231e-03,4.744307518005371094e+01
-3.533817082643508911e-02,-7.867018878459930420e-02,-3.381494199857115746e-03,4.744833898544311523e+01
-3.528926521539688110e-02,-7.869705557823181152e-02,-3.180879401043057442e-03,4.745323610305786133e+01
-3.518414497375488281e-02,-7.871199399232864380e-02,-2.949938876554369926e-03,4.745812416076660156e+01
-3.508636727929115295e-02,-7.873778790235519409e-02,-2.709766151383519173e-03,4.746320319175720215e+01
-3.497008979320526123e-02,-7.876617461442947388e-02,-2.448594430461525917e-03,4.746827316284179688e+01
-3.489074856042861938e-02,-7.878328114748001099e-02,-2.210582140833139420e-03,4.747320413589477539e+01
-3.498031944036483765e-02,-7.858407497406005859e-02,-2.134750830009579659e-03,4.747827100753784180e+01
-3.490664809942245483e-02,-7.857770472764968872e-02,-1.905783079564571381e-03,4.748320603370666504e+01
-3.488983586430549622e-02,-7.857210189104080200e-02,-1.774421427398920059e-03,4.748834919929504395e+01
-3.485015034675598145e-02,-7.856520265340805054e-02,-1.608500024303793907e-03,4.749336004257202148e+01
-3.481879830360412598e-02,-7.855930179357528687e-02,-1.455433783121407032e-03,4.749837303161621094e+01
-3.480445221066474915e-02,-7.854940742254257202e-02,-1.363468240015208721e-03,4.750322008132934570e+01
-3.479734435677528381e-02,-7.853866368532180786e-02,-1.280585885979235172e-03,4.750832104682922363e+01
-3.500214964151382446e-02,-7.822716981172561646e-02,-1.050181104801595211e-03,4.751329803466796875e+01
-3.500443324446678162e-02,-7.821703702211380005e-02,-9.958738228306174278e-04,4.751868414878845215e+01
-3.502696380019187927e-02,-7.819432020187377930e-02,-9.690491715446114540e-04,4.752339315414428711e+01
-3.505389019846916199e-02,-7.817526161670684814e-02,-9.660535724833607674e-04,4.752850818634033203e+01
-3.508555144071578979e-02,-7.815930247306823730e-02,-9.851232171058654785e-04,4.753334999084472656e+01
-3.510776162147521973e-02,-7.811836153268814087e-02,-9.515186538919806480e-04,4.753831005096435547e+01
-3.482941910624504089e-02,-7.812122255563735962e-02,-4.819950845558196306e-04,4.754324221611022949e+01
-3.483274579048156738e-02,-7.808387279510498047e-02,-4.386317159514874220e-04,4.754840421676635742e+01
-3.480663523077964783e-02,-7.808690518140792847e-02,-4.542373353615403175e-04,4.755339217185974121e+01
-3.479402139782905579e-02,-7.806850224733352661e-02,-4.516094340942800045e-04,4.755843114852905273e+01
-3.477923199534416199e-02,-7.805301249027252197e-02,-4.615182115230709314e-04,4.756344699859619141e+01
-3.473454713821411133e-02,-7.802715897560119629e-02,-5.226192297413945198e-04,4.756845402717590332e+01
-3.469103202223777771e-02,-7.800704240798950195e-02,-5.929627222940325737e-04,4.757487821578979492e+01
-3.458404913544654846e-02,-7.820645719766616821e-02,-9.550586692057549953e-04,4.757846212387084961e+01
-3.455398604273796082e-02,-7.820727676153182983e-02,-9.535402641631662846e-04,4.758345413208007812e+01
-3.449583426117897034e-02,-7.820769399404525757e-02,-1.033681561239063740e-03,4.758852005004882812e+01
-3.443643823266029358e-02,-7.820842415094375610e-02,-1.110908808186650276e-03,4.759358406066894531e+01
-3.440715745091438293e-02,-7.820739597082138062e-02,-1.095445943064987659e-03,4.759847617149353027e+01
-3.437229990959167480e-02,-7.820742577314376831e-02,-1.092556980438530445e-03,4.760345220565795898e+01
-3.434533253312110901e-02,-7.820818573236465454e-02,-1.063675619661808014e-03,4.760880208015441895e+01
-3.483991324901580811e-02,-7.836370170116424561e-02,-1.137688057497143745e-03,4.761348319053649902e+01
-3.483169525861740112e-02,-7.837077975273132324e-02,-1.045826007612049580e-03,4.761848402023315430e+01
-3.484794870018959045e-02,-7.837674021720886230e-02,-9.225186076946556568e-04,4.762346720695495605e+01
-3.486680984497070312e-02,-7.838255912065505981e-02,-7.752727833576500416e-04,4.762870907783508301e+01
-3.488790616393089294e-02,-7.839769870042800903e-02,-6.843226146884262562e-04,4.763347816467285156e+01
-3.491125255823135376e-02,-7.841141521930694580e-02,-5.559318233281373978e-04,4.763848400115966797e+01
-3.491028398275375366e-02,-7.849653065204620361e-02,-1.343515701591968536e-03,4.764354109764099121e+01
-3.487887978553771973e-02,-7.850735634565353394e-02,-1.350344973616302013e-03,4.764867305755615234e+01
-3.486955910921096802e-02,-7.852765917778015137e-02,-1.331792329438030720e-03,4.765354609489440918e+01
-3.485365211963653564e-02,-7.855214923620223999e-02,-1.322023686952888966e-03,4.765867519378662109e+01
-3.484623134136199951e-02,-7.858178019523620605e-02,-1.338817528448998928e-03,4.766351819038391113e+01
-3.483019769191741943e-02,-7.861068844795227051e-02,-1.359942136332392693e-03,4.766850614547729492e+01
-3.481180220842361450e-02,-7.864061743021011353e-02,-1.393750542774796486e-03,4.767354202270507812e+01
-3.485868871212005615e-02,-7.842159271240234375e-02,-1.305294572375714779e-03,4.767870616912841797e+01
-3.485255688428878784e-02,-7.842447608709335327e-02,-1.339436275884509087e-03,4.768353199958801270e+01
-3.484870865941047668e-02,-7.842759788036346436e-02,-1.383490161970257759e-03,4.768866705894470215e+01
-3.484742343425750732e-02,-7.842878252267837524e-02,-1.435853424482047558e-03,4.769382905960083008e+01
-3.484191000461578369e-02,-7.842977344989776611e-02,-1.477215206250548363e-03,4.769871902465820312e+01
-3.484081104397773743e-02,-7.842413336038589478e-02,-1.531482557766139507e-03,4.770352411270141602e+01
-3.484031558036804199e-02,-7.841586321592330933e-02,-1.590836327522993088e-03,4.770865416526794434e+01
-3.493568301200866699e-02,-7.854166626930236816e-02,-1.609736122190952301e-03,4.771353411674499512e+01
-3.494720906019210815e-02,-7.854185998439788818e-02,-1.664480078034102917e-03,4.771886920928955078e+01
-3.496094048023223877e-02,-7.854425162076950073e-02,-1.725376816466450691e-03,4.772372817993164062e+01
-3.496081382036209106e-02,-7.855947315692901611e-02,-1.770810573361814022e-03,4.772901010513305664e+01
-3.496472910046577454e-02,-7.857124507427215576e-02,-1.820931793190538883e-03,4.773371315002441406e+01
-3.496605902910232544e-02,-7.858592271804809570e-02,-1.868580002337694168e-03,4.773870706558227539e+01
-3.490382432937622070e-02,-7.867635786533355713e-02,-1.747519127093255520e-03,4.774370813369750977e+01
-3.489324077963829041e-02,-7.869216799736022949e-02,-1.762991072610020638e-03,4.774871516227722168e+01
-3.488050401210784912e-02,-7.870951294898986816e-02,-1.774883363395929337e-03,4.775370001792907715e+01
-3.489253669977188110e-02,-7.872609049081802368e-02,-1.685675932094454765e-03,4.775874209403991699e+01
-3.488568589091300964e-02,-7.874310016632080078e-02,-1.651042373850941658e-03,4.776365518569946289e+01
-3.487879410386085510e-02,-7.875785976648330688e-02,-1.605352619662880898e-03,4.776871204376220703e+01
-3.487564995884895325e-02,-7.876620441675186157e-02,-1.585212536156177521e-03,4.777397704124450684e+01
-3.491014614701271057e-02,-7.881352305412292480e-02,-1.747545553371310234e-03,4.777871108055114746e+01
-3.491327911615371704e-02,-7.882455736398696899e-02,-1.721696578897535801e-03,4.778389620780944824e+01
-3.491642326116561890e-02,-7.883635163307189941e-02,-1.696201041340827942e-03,4.778890514373779297e+01
-3.492207080125808716e-02,-7.885421067476272583e-02,-1.729769515804946423e-03,4.779400515556335449e+01
-3.492794558405876160e-02,-7.886929064989089966e-02,-1.735483179800212383e-03,4.779889702796936035e+01
-3.493521362543106079e-02,-7.888574898242950439e-02,-1.748121925629675388e-03,4.780390501022338867e+01
-3.493523970246315002e-02,-7.890275120735168457e-02,-1.771846087649464607e-03,4.780893111228942871e+01
-3.491809591650962830e-02,-7.875246554613113403e-02,-1.774424919858574867e-03,4.781390619277954102e+01
-3.491396829485893250e-02,-7.875467091798782349e-02,-1.827171305194497108e-03,4.781889414787292480e+01
-3.491702675819396973e-02,-7.874642312526702881e-02,-1.867741928435862064e-03,4.782389712333679199e+01
-3.491579741239547729e-02,-7.874830812215805054e-02,-1.928786979988217354e-03,4.782902908325195312e+01
-3.491466492414474487e-02,-7.875160872936248779e-02,-1.999366795644164085e-03,4.783389806747436523e+01
-3.490975499153137207e-02,-7.876650243997573853e-02,-2.052840311080217361e-03,4.783889412879943848e+01
-3.497530519962310791e-02,-7.875920087099075317e-02,-1.815112540498375893e-03,4.784390211105346680e+01
-3.497857600450515747e-02,-7.876642048358917236e-02,-1.847458537667989731e-03,4.784899806976318359e+01
-3.498822078108787537e-02,-7.876990735530853271e-02,-1.852823072113096714e-03,4.785404014587402344e+01
-3.499399870634078979e-02,-7.877802848815917969e-02,-1.864211284555494785e-03,4.785913610458374023e+01
-3.499997034668922424e-02,-7.878666371107101440e-02,-1.869450905360281467e-03,4.786404418945312500e+01
-3.500587493181228638e-02,-7.879418134689331055e-02,-1.869561383500695229e-03,4.786907005310058594e+01
-3.501468151807785034e-02,-7.880684733390808105e-02,-1.865178230218589306e-03,4.787397813796997070e+01
-3.492837026715278625e-02,-7.893145084381103516e-02,-1.978143118321895599e-03,4.787932419776916504e+01
-3.493170812726020813e-02,-7.894518226385116577e-02,-1.967909513041377068e-03,4.788405704498291016e+01
-3.492727130651473999e-02,-7.895991951227188110e-02,-1.954022562131285667e-03,4.788906002044677734e+01
-3.492774814367294312e-02,-7.897529006004333496e-02,-1.936005312018096447e-03,4.789429116249084473e+01
-3.492770716547966003e-02,-7.899132370948791504e-02,-1.914801308885216713e-03,4.789913415908813477e+01
-3.492866083979606628e-02,-7.900787144899368286e-02,-1.909070531837642193e-03,4.790409016609191895e+01
-3.493555262684822083e-02,-7.890754938125610352e-02,-1.875701243989169598e-03,4.790906906127929688e+01
-3.493684902787208557e-02,-7.891816645860671997e-02,-1.861395314335823059e-03,4.791405010223388672e+01
-3.493798151612281799e-02,-7.894661277532577515e-02,-1.872331486083567142e-03,4.791930603981018066e+01
-3.493867814540863037e-02,-7.896681874990463257e-02,-1.876975991763174534e-03,4.792401599884033203e+01
-3.493914753198623657e-02,-7.899013161659240723e-02,-1.886245794594287872e-03,4.792923712730407715e+01
-3.493716567754745483e-02,-7.900551706552505493e-02,-1.906569814309477806e-03,4.793409919738769531e+01
-3.493539616465568542e-02,-7.902687788009643555e-02,-1.930125872604548931e-03,4.793914914131164551e+01
-3.492154926061630249e-02,-7.891967892646789551e-02,-1.868162420578300953e-03,4.794414401054382324e+01
-3.491615504026412964e-02,-7.893139868974685669e-02,-1.882951590232551098e-03,4.794914817810058594e+01
-3.491454198956489563e-02,-7.894607633352279663e-02,-1.889897976070642471e-03,4.795410108566284180e+01
-3.491093590855598450e-02,-7.896019518375396729e-02,-1.913519110530614853e-03,4.795923209190368652e+01
-3.490779548883438110e-02,-7.897630333900451660e-02,-1.939119538292288780e-03,4.796425414085388184e+01
-3.490677848458290100e-02,-7.899416238069534302e-02,-1.958353444933891296e-03,4.796923804283142090e+01
-3.490518033504486084e-02,-7.901248335838317871e-02,-1.982104731723666191e-03,4.797521805763244629e+01
-3.496944159269332886e-02,-7.888476550579071045e-02,-1.989875687286257744e-03,4.797912216186523438e+01
-3.497420996427536011e-02,-7.889549434185028076e-02,-1.995031489059329033e-03,4.798431420326232910e+01
-3.497885540127754211e-02,-7.890236377716064453e-02,-2.011293312534689903e-03,4.798956012725830078e+01
-3.498389944434165955e-02,-7.890884578227996826e-02,-2.022738102823495865e-03,4.799433422088623047e+01
-3.498781844973564148e-02,-7.891307771205902100e-02,-2.021986059844493866e-03,4.799928021430969238e+01
-3.499270975589752197e-02,-7.892004400491714478e-02,-2.020802814513444901e-03,4.800433206558227539e+01
-3.493535891175270081e-02,-7.895839959383010864e-02,-2.002232940867543221e-03,4.800927615165710449e+01
-3.493257239460945129e-02,-7.897359877824783325e-02,-2.016780432313680649e-03,4.801429200172424316e+01
-3.493108600378036499e-02,-7.898949831724166870e-02,-2.011987147852778435e-03,4.801925611495971680e+01
-3.492917120456695557e-02,-7.900594919919967651e-02,-2.004884416237473488e-03,4.802434301376342773e+01
-3.492851927876472473e-02,-7.902041822671890259e-02,-1.995180267840623856e-03,4.802947211265563965e+01
-3.492721542716026306e-02,-7.903705537319183350e-02,-1.988516189157962799e-03,4.803428721427917480e+01
-3.492587804794311523e-02,-7.905355840921401978e-02,-1.981867710128426552e-03,4.803933119773864746e+01
-3.495636209845542908e-02,-7.892096787691116333e-02,-1.941040274687111378e-03,4.804432320594787598e+01
-3.495821356773376465e-02,-7.893688231706619263e-02,-1.965667121112346649e-03,4.804931807518005371e+01
-3.495994582772254944e-02,-7.895069569349288940e-02,-1.983677968382835388e-03,4.805438017845153809e+01
-3.496134281158447266e-02,-7.896526902914047241e-02,-2.007475355640053749e-03,4.805947804450988770e+01
-3.496205434203147888e-02,-7.897762209177017212e-02,-2.038045786321163177e-03,4.806453013420104980e+01
-3.496232628822326660e-02,-7.899186015129089355e-02,-2.072865609079599380e-03,4.806946611404418945e+01
-3.496229276061058044e-02,-7.900577038526535034e-02,-2.112983958795666695e-03,4.807437705993652344e+01
-3.497303649783134460e-02,-7.888459414243698120e-02,-1.948112039826810360e-03,4.807948112487792969e+01
-3.497243672609329224e-02,-7.889168709516525269e-02,-1.973742153495550156e-03,4.808436012268066406e+01
-3.497135639190673828e-02,-7.889969646930694580e-02,-2.002086490392684937e-03,4.808947706222534180e+01
-3.497157618403434753e-02,-7.891279458999633789e-02,-2.030931413173675537e-03,4.809445500373840332e+01
-3.497103229165077209e-02,-7.892487943172454834e-02,-2.060012659057974815e-03,4.809952020645141602e+01
-3.497060388326644897e-02,-7.893772423267364502e-02,-2.088573761284351349e-03,4.810440301895141602e+01
-3.496604040265083313e-02,-7.890333980321884155e-02,-1.991412136703729630e-03,4.810951614379882812e+01
-3.496572375297546387e-02,-7.891962677240371704e-02,-2.015951788052916527e-03,4.811435604095458984e+01
-3.496574610471725464e-02,-7.893721014261245728e-02,-2.041226020082831383e-03,4.811951208114624023e+01
-3.496602177619934082e-02,-7.895606756210327148e-02,-2.067604335024952888e-03,4.812453508377075195e+01
-3.496776893734931946e-02,-7.896349579095840454e-02,-2.020225161686539650e-03,4.812960004806518555e+01
-3.496850654482841492e-02,-7.898224890232086182e-02,-2.029787283390760422e-03,4.813452601432800293e+01
-3.496938571333885193e-02,-7.900222390890121460e-02,-2.035062061622738838e-03,4.813945007324218750e+01
-3.494081273674964905e-02,-7.892161607742309570e-02,-1.961789559572935104e-03,4.814450311660766602e+01
-3.494123369455337524e-02,-7.893300801515579224e-02,-1.959766494110226631e-03,4.814952111244201660e+01
-3.494156152009963989e-02,-7.894543558359146118e-02,-1.956423977389931679e-03,4.815453100204467773e+01
-3.494123369455337524e-02,-7.896038144826889038e-02,-1.967209158465266228e-03,4.815960121154785156e+01
-3.494092822074890137e-02,-7.897676527500152588e-02,-1.971596386283636093e-03,4.816453814506530762e+01
-3.494076058268547058e-02,-7.899508625268936157e-02,-1.976629020646214485e-03,4.816951918601989746e+01
-3.493894264101982117e-02,-7.901396602392196655e-02,-1.987579511478543282e-03,4.817450904846191406e+01
-3.492168337106704712e-02,-7.887463271617889404e-02,-1.913136336952447891e-03,4.817951917648315430e+01
-3.491854667663574219e-02,-7.888189703226089478e-02,-1.935118110850453377e-03,4.818463802337646484e+01
-3.491498157382011414e-02,-7.889500260353088379e-02,-1.959392800927162170e-03,4.818952608108520508e+01
-3.491090610623359680e-02,-7.890521734952926636e-02,-1.985639333724975586e-03,4.819476819038391113e+01
-3.490643203258514404e-02,-7.891426235437393188e-02,-2.015859819948673248e-03,4.819965004920959473e+01
-3.490138053894042969e-02,-7.892207056283950806e-02,-2.050142269581556320e-03,4.820461916923522949e+01
-3.489880263805389404e-02,-7.893770188093185425e-02,-2.076685195788741112e-03,4.820960307121276855e+01
-3.490980714559555054e-02,-7.886184751987457275e-02,-1.871737767942249775e-03,4.821466016769409180e+01
-3.490801900625228882e-02,-7.886788249015808105e-02,-1.886166399344801903e-03,4.821967315673828125e+01
-3.490988910198211670e-02,-7.888083904981613159e-02,-1.886104699224233627e-03,4.822466611862182617e+01
-3.491019085049629211e-02,-7.889153808355331421e-02,-1.893632812425494194e-03,4.822984313964843750e+01
-3.491120040416717529e-02,-7.890442758798599243e-02,-1.900497474707663059e-03,4.823466110229492188e+01
-3.491113707423210144e-02,-7.892205566167831421e-02,-1.908455044031143188e-03,4.823963022232055664e+01
-3.491311147809028625e-02,-7.886205613613128662e-02,-1.902408432215452194e-03,4.824466204643249512e+01
-3.491463512182235718e-02,-7.887181639671325684e-02,-1.904086093418300152e-03,4.824964404106140137e+01
-3.491620719432830811e-02,-7.888660579919815063e-02,-1.912987441755831242e-03,4.825479102134704590e+01
-3.491783514618873596e-02,-7.889887690544128418e-02,-1.914712018333375454e-03,4.825984621047973633e+01
-3.491949290037155151e-02,-7.891242951154708862e-02,-1.914712833240628242e-03,4.826477599143981934e+01
-3.492122143507003784e-02,-7.892771810293197632e-02,-1.912120496854186058e-03,4.826978111267089844e+01
-3.492296859622001648e-02,-7.894385606050491333e-02,-1.910446793772280216e-03,4.827470707893371582e+01
-3.487066179513931274e-02,-7.890566438436508179e-02,-1.886277808807790279e-03,4.827977705001831055e+01
-3.486715257167816162e-02,-7.891868054866790771e-02,-1.906857476569712162e-03,4.828475618362426758e+01
-3.486329317092895508e-02,-7.892935723066329956e-02,-1.918063848279416561e-03,4.828978109359741211e+01
-3.485948964953422546e-02,-7.894002646207809448e-02,-1.936013810336589813e-03,4.829504108428955078e+01
-3.485567122697830200e-02,-7.895081490278244019e-02,-1.960865221917629242e-03,4.829974508285522461e+01
-3.485241532325744629e-02,-7.896666228771209717e-02,-1.973437611013650894e-03,4.830478310585021973e+01
-3.485069796442985535e-02,-7.879359275102615356e-02,-1.828033011406660080e-03,4.830982518196105957e+01
-3.484538570046424866e-02,-7.879332453012466431e-02,-1.835616421885788441e-03,4.831476616859436035e+01
-3.483980894088745117e-02,-7.878820598125457764e-02,-1.840314827859401703e-03,4.831985616683959961e+01
-3.483413532376289368e-02,-7.878781110048294067e-02,-1.850684871897101402e-03,4.832478904724121094e+01
-3.482848405838012695e-02,-7.878897339105606079e-02,-1.863793702796101570e-03,4.832988619804382324e+01
-3.482314199209213257e-02,-7.879659533500671387e-02,-1.877923030406236649e-03,4.833478403091430664e+01
-3.481778502464294434e-02,-7.880206406116485596e-02,-1.891677617095410824e-03,4.833984518051147461e+01
-3.489283844828605652e-02,-7.881106436252593994e-02,-1.812068279832601547e-03,4.834484314918518066e+01
-3.489761799573898315e-02,-7.880955189466476440e-02,-1.790578244253993034e-03,4.834995913505554199e+01
-3.490152209997177124e-02,-7.881540060043334961e-02,-1.784921507351100445e-03,4.835486507415771484e+01
-3.490613773465156555e-02,-7.882339507341384888e-02,-1.773571595549583435e-03,4.835990905761718750e+01
-3.490959107875823975e-02,-7.883951067924499512e-02,-1.767643494531512260e-03,4.836487317085266113e+01
-3.491362929344177246e-02,-7.885258644819259644e-02,-1.756245852448046207e-03,4.837385010719299316e+01
-3.491773083806037903e-02,-7.886858284473419189e-02,-1.744729583151638508e-03,4.837489008903503418e+01
-3.485898301005363464e-02,-7.881937921047210693e-02,-1.735835219733417034e-03,4.838001608848571777e+01
-3.485931456089019775e-02,-7.882184535264968872e-02,-1.730167889036238194e-03,4.838482213020324707e+01
-3.485954552888870239e-02,-7.882568240165710449e-02,-1.719955937005579472e-03,4.839018702507019043e+01
-3.485964611172676086e-02,-7.883081585168838501e-02,-1.709551550447940826e-03,4.839515209197998047e+01
-3.485956415534019470e-02,-7.884001731872558594e-02,-1.708373194560408592e-03,4.840008902549743652e+01
-3.485943004488945007e-02,-7.884835451841354370e-02,-1.704850699752569199e-03,4.840503716468811035e+01
-3.485924005508422852e-02,-7.885718345642089844e-02,-1.703851157799363136e-03,4.841003704071044922e+01
-3.488573804497718811e-02,-7.879719883203506470e-02,-1.792310154996812344e-03,4.841501617431640625e+01
-3.488695248961448669e-02,-7.880435883998870850e-02,-1.808404922485351562e-03,4.842006301879882812e+01
-3.488818928599357605e-02,-7.881286740303039551e-02,-1.826358377002179623e-03,4.842504501342773438e+01
-3.488969802856445312e-02,-7.882434874773025513e-02,-1.838194206357002258e-03,4.843008399009704590e+01
-3.489106521010398865e-02,-7.883534580469131470e-02,-1.855684444308280945e-03,4.843504118919372559e+01
-3.489248082041740417e-02,-7.884682714939117432e-02,-1.873957924544811249e-03,4.844014811515808105e+01
-3.487656265497207642e-02,-7.886388152837753296e-02,-1.878595561720430851e-03,4.844494104385375977e+01
-3.487769514322280884e-02,-7.887656986713409424e-02,-1.898359623737633228e-03,4.845004010200500488e+01
-3.487864136695861816e-02,-7.889186590909957886e-02,-1.919223112054169178e-03,4.845510506629943848e+01
-3.487982973456382751e-02,-7.890834659337997437e-02,-1.936357468366622925e-03,4.846052503585815430e+01
-3.488116338849067688e-02,-7.892556488513946533e-02,-1.954652834683656693e-03,4.846517920494079590e+01
-3.488251194357872009e-02,-7.894467562437057495e-02,-1.972772181034088135e-03,4.847018909454345703e+01
-3.488383442163467407e-02,-7.896530628204345703e-02,-1.990234712138772011e-03,4.847515916824340820e+01
-3.486312925815582275e-02,-7.887031883001327515e-02,-1.862263889051973820e-03,4.848019909858703613e+01
-3.486654907464981079e-02,-7.887980341911315918e-02,-1.870880369096994400e-03,4.848516511917114258e+01
-3.487031161785125732e-02,-7.889030873775482178e-02,-1.880789874121546745e-03,4.849018716812133789e+01
-3.487462550401687622e-02,-7.890722155570983887e-02,-1.893094275146722794e-03,4.849538016319274902e+01
-3.487918153405189514e-02,-7.891953736543655396e-02,-1.901301904581487179e-03,4.850021815299987793e+01
-3.488422930240631104e-02,-7.893032580614089966e-02,-1.906436402350664139e-03,4.850515699386596680e+01
-3.488489985466003418e-02,-7.890783995389938354e-02,-1.858157920651137829e-03,4.851018619537353516e+01
-3.489029780030250549e-02,-7.891691476106643677e-02,-1.856134971603751183e-03,4.851515507698059082e+01
-3.489633277058601379e-02,-7.892642170190811157e-02,-1.853333669714629650e-03,4.852021718025207520e+01
-3.490349277853965759e-02,-7.896871119737625122e-02,-1.879878109320998192e-03,4.852516508102416992e+01
-3.491077572107315063e-02,-7.898561656475067139e-02,-1.886724610812962055e-03,4.853027319908142090e+01
-3.491874039173126221e-02,-7.900527119636535645e-02,-1.897739246487617493e-03,4.853527307510375977e+01
-3.492704406380653381e-02,-7.902047783136367798e-02,-1.913216081447899342e-03,4.854023003578186035e+01
-3.489919006824493408e-02,-7.902072370052337646e-02,-1.859362819232046604e-03,4.854525208473205566e+01
-3.490657731890678406e-02,-7.903856039047241211e-02,-1.865528756752610207e-03,4.855030608177185059e+01
-3.491475433111190796e-02,-7.905572652816772461e-02,-1.874124514870345592e-03,4.855525708198547363e+01
-3.491611778736114502e-02,-7.906118035316467285e-02,-1.893075881525874138e-03,4.856054115295410156e+01
-3.492133319377899170e-02,-7.907858490943908691e-02,-1.909846207126975060e-03,4.856538009643554688e+01
-3.492578864097595215e-02,-7.909738272428512573e-02,-1.931941485963761806e-03,4.857020807266235352e+01
-3.493145853281021118e-02,-7.912310212850570679e-02,-1.961226342245936394e-03,4.857530212402343750e+01
-3.484034538269042969e-02,-7.894894480705261230e-02,-1.808205386623740196e-03,4.858022022247314453e+01
-3.483735769987106323e-02,-7.896129041910171509e-02,-1.815430819988250732e-03,4.858511519432067871e+01
-3.483450785279273987e-02,-7.897714525461196899e-02,-1.825248706154525280e-03,4.859021019935607910e+01
-3.483170643448829651e-02,-7.899208366870880127e-02,-1.832973095588386059e-03,4.859546518325805664e+01
-3.482899069786071777e-02,-7.900764048099517822e-02,-1.839914475567638874e-03,4.860042214393615723e+01
-3.482630476355552673e-02,-7.902262359857559204e-02,-1.844043610617518425e-03,4.860533308982849121e+01
-3.488836809992790222e-02,-7.893587648868560791e-02,-1.826546038500964642e-03,4.861038899421691895e+01
-3.489090129733085632e-02,-7.894984632730484009e-02,-1.833815244026482105e-03,4.861524701118469238e+01
-3.489318117499351501e-02,-7.896123081445693970e-02,-1.852945191785693169e-03,4.862042212486267090e+01
-3.489596769213676453e-02,-7.897467166185379028e-02,-1.861076452769339085e-03,4.862531805038452148e+01
-3.489883244037628174e-02,-7.898680120706558228e-02,-1.871181069873273373e-03,4.863048410415649414e+01
-3.490164875984191895e-02,-7.899815589189529419e-02,-1.884889905340969563e-03,4.863539814949035645e+01
-3.487337380647659302e-02,-7.896545529365539551e-02,-1.827241154387593269e-03,4.864042210578918457e+01
-3.487487509846687317e-02,-7.897628843784332275e-02,-1.842613681219518185e-03,4.864537215232849121e+01
-3.487624973058700562e-02,-7.898726314306259155e-02,-1.861142227426171303e-03,4.865038919448852539e+01
-3.487760946154594421e-02,-7.899933308362960815e-02,-1.882158918306231499e-03,4.865545821189880371e+01
-3.487913683056831360e-02,-7.901246100664138794e-02,-1.901789801195263863e-03,4.866058301925659180e+01
-3.488080948591232300e-02,-7.902653515338897705e-02,-1.922302995808422565e-03,4.866556501388549805e+01
-3.488273173570632935e-02,-7.904101908206939697e-02,-1.939866458997130394e-03,4.867089605331420898e+01
-3.488475084304809570e-02,-7.905723899602890015e-02,-1.959967426955699921e-03,4.867570018768310547e+01
-3.486414998769760132e-02,-7.899337261915206909e-02,-1.855936716310679913e-03,4.868059420585632324e+01
-3.486559540033340454e-02,-7.900782674551010132e-02,-1.862502889707684517e-03,4.868546009063720703e+01
-3.486706316471099854e-02,-7.902184873819351196e-02,-1.872600638307631016e-03,4.869061899185180664e+01
-3.486886247992515564e-02,-7.903691381216049194e-02,-1.880726893432438374e-03,4.869558501243591309e+01
-3.487094864249229431e-02,-7.905311137437820435e-02,-1.887767692096531391e-03,4.870079016685485840e+01
-3.487315028905868530e-02,-7.907040417194366455e-02,-1.895713969133794308e-03,4.870548605918884277e+01
-3.485177829861640930e-02,-7.896453142166137695e-02,-1.887529040686786175e-03,4.871053004264831543e+01
-3.485383465886116028e-02,-7.897490262985229492e-02,-1.895092544145882130e-03,4.871578812599182129e+01
-3.485582023859024048e-02,-7.898925244808197021e-02,-1.911053666844964027e-03,4.872064018249511719e+01
-3.485777229070663452e-02,-7.900392264127731323e-02,-1.924690557643771172e-03,4.872558307647705078e+01
-3.485989198088645935e-02,-7.901963591575622559e-02,-1.935453270561993122e-03,4.873071718215942383e+01
-3.486193343997001648e-02,-7.903672009706497192e-02,-1.955145271494984627e-03,4.873567104339599609e+01
-3.484264016151428223e-02,-7.896518707275390625e-02,-1.761537976562976837e-03,4.874089407920837402e+01
-3.484434634447097778e-02,-7.897338271141052246e-02,-1.759201986715197563e-03,4.874562501907348633e+01
-3.484581038355827332e-02,-7.897961884737014771e-02,-1.761347404681146145e-03,4.875070405006408691e+01
-3.484712913632392883e-02,-7.898794114589691162e-02,-1.760200597345829010e-03,4.875558209419250488e+01
-3.484824672341346741e-02,-7.899542897939682007e-02,-1.759776496328413486e-03,4.876081705093383789e+01
-3.485098853707313538e-02,-7.900189608335494995e-02,-1.765226013958454132e-03,4.876567006111145020e+01
-3.485376760363578796e-02,-7.900961488485336304e-02,-1.770187518559396267e-03,4.877408719062805176e+01
-3.485713899135589600e-02,-7.901728898286819458e-02,-1.776445307768881321e-03,4.877566599845886230e+01
-3.484624624252319336e-02,-7.898534089326858521e-02,-1.765580498613417149e-03,4.878073120117187500e+01
-3.485186770558357239e-02,-7.899598032236099243e-02,-1.771024079062044621e-03,4.878556704521179199e+01
-3.485825285315513611e-02,-7.900529354810714722e-02,-1.773851690813899040e-03,4.879096102714538574e+01
-3.486353904008865356e-02,-7.901538163423538208e-02,-1.775943674147129059e-03,4.879570007324218750e+01
-3.486956655979156494e-02,-7.902631908655166626e-02,-1.779090147465467453e-03,4.880081701278686523e+01
-3.487561270594596863e-02,-7.903864979743957520e-02,-1.782309031113982201e-03,4.880558609962463379e+01
-3.483757749199867249e-02,-7.896670699119567871e-02,-1.713029341772198677e-03,4.881079816818237305e+01
-3.483999148011207581e-02,-7.897016406059265137e-02,-1.728579518385231495e-03,4.881577801704406738e+01
-3.484278544783592224e-02,-7.897736877202987671e-02,-1.740695093758404255e-03,4.882098221778869629e+01
-3.484566509723663330e-02,-7.898603379726409912e-02,-1.754475291818380356e-03,4.882583999633789062e+01
-3.484895080327987671e-02,-7.900023460388183594e-02,-1.762607018463313580e-03,4.883092904090881348e+01
-3.485215455293655396e-02,-7.901314646005630493e-02,-1.773659721948206425e-03,4.883576607704162598e+01
-3.480777516961097717e-02,-7.896129786968231201e-02,-1.715739141218364239e-03,4.884081101417541504e+01
-3.480796515941619873e-02,-7.896947115659713745e-02,-1.717980718240141869e-03,4.884568619728088379e+01
-3.480867296457290649e-02,-7.898116111755371094e-02,-1.719700754620134830e-03,4.885079216957092285e+01
-3.480996936559677124e-02,-7.899172604084014893e-02,-1.722247456200420856e-03,4.885574412345886230e+01
-3.481143712997436523e-02,-7.900147885084152222e-02,-1.726241200231015682e-03,4.886107301712036133e+01
-3.481292724609375000e-02,-7.901256531476974487e-02,-1.728832721710205078e-03,4.886590504646301270e+01
-3.481453284621238708e-02,-7.902473211288452148e-02,-1.731277443468570709e-03,4.887080311775207520e+01
-3.481647744774818420e-02,-7.904261350631713867e-02,-1.733986660838127136e-03,4.887583613395690918e+01
-3.477680310606956482e-02,-7.897040992975234985e-02,-1.652843202464282513e-03,4.888094210624694824e+01
-3.477367758750915527e-02,-7.898314297199249268e-02,-1.652806531637907028e-03,4.888583803176879883e+01
-3.477083891630172729e-02,-7.899813354015350342e-02,-1.653382554650306702e-03,4.889094805717468262e+01
-3.476870059967041016e-02,-7.901751995086669922e-02,-1.652873703278601170e-03,4.889605903625488281e+01
-3.476744890213012695e-02,-7.903676480054855347e-02,-1.654478721320629120e-03,4.890094518661499023e+01
-3.476691991090774536e-02,-7.906037569046020508e-02,-1.657095155678689480e-03,4.890583705902099609e+01
-3.478375077247619629e-02,-7.896894961595535278e-02,-1.672309124842286110e-03,4.891093301773071289e+01
-3.478433564305305481e-02,-7.897275686264038086e-02,-1.675777486525475979e-03,4.891590619087219238e+01
-3.478481248021125793e-02,-7.897551357746124268e-02,-1.680253772065043449e-03,4.892094421386718750e+01
-3.478514403104782104e-02,-7.898078113794326782e-02,-1.695711864158511162e-03,4.892659807205200195e+01
-3.478574752807617188e-02,-7.898769527673721313e-02,-1.703884801827371120e-03,4.893105220794677734e+01
-3.478630259633064270e-02,-7.899599522352218628e-02,-1.714162644930183887e-03,4.893648505210876465e+01
-3.478526696562767029e-02,-7.900926470756530762e-02,-1.726043759845197201e-03,4.894093298912048340e+01
-3.475692123174667358e-02,-7.896560430526733398e-02,-1.687119132839143276e-03,4.894588613510131836e+01
-3.475369885563850403e-02,-7.897517085075378418e-02,-1.698768348433077335e-03,4.895103907585144043e+01
-3.475289791822433472e-02,-7.898392528295516968e-02,-1.693494850769639015e-03,4.895666003227233887e+01
-3.475062549114227295e-02,-7.899522036314010620e-02,-1.702405279502272606e-03,4.896120214462280273e+01
-3.474847599864006042e-02,-7.900650054216384888e-02,-1.710916985757648945e-03,4.896658706665039062e+01
-3.474790602922439575e-02,-7.901953905820846558e-02,-1.727601280435919762e-03,4.897108507156372070e+01
-3.474723547697067261e-02,-7.903289049863815308e-02,-1.739724888466298580e-03,4.897660803794860840e+01
-3.476585447788238525e-02,-7.892869412899017334e-02,-1.515201525762677193e-03,4.898103213310241699e+01
-3.476832807064056396e-02,-7.893797010183334351e-02,-1.502090482972562313e-03,4.898594999313354492e+01
-3.476798534393310547e-02,-7.894718647003173828e-02,-1.500641461461782455e-03,4.899092102050781250e+01
-3.476981073617935181e-02,-7.895862311124801636e-02,-1.492419978603720665e-03,4.899639010429382324e+01
-3.477161377668380737e-02,-7.897170633077621460e-02,-1.484643085859715939e-03,4.900099802017211914e+01
-3.477208688855171204e-02,-7.898864150047302246e-02,-1.473305979743599892e-03,4.900607609748840332e+01
-3.474382311105728149e-02,-7.900488376617431641e-02,-1.667396631091833115e-03,4.901108813285827637e+01
-3.474194929003715515e-02,-7.901290804147720337e-02,-1.675758860073983669e-03,4.901659607887268066e+01
-3.474238887429237366e-02,-7.902634143829345703e-02,-1.694250386208295822e-03,4.902121019363403320e+01
-3.474124148488044739e-02,-7.903906702995300293e-02,-1.709397998638451099e-03,4.902669000625610352e+01
-3.474005684256553650e-02,-7.905441522598266602e-02,-1.728643896058201790e-03,4.903128719329833984e+01
-3.473900258541107178e-02,-7.907048612833023071e-02,-1.746573136188089848e-03,4.903623819351196289e+01
-3.473803773522377014e-02,-7.908770442008972168e-02,-1.767088775523006916e-03,4.904121017456054688e+01
-3.473828360438346863e-02,-7.896029204130172729e-02,-1.600536634214222431e-03,4.904610514640808105e+01
-3.473841026425361633e-02,-7.896569371223449707e-02,-1.602200558409094810e-03,4.905119919776916504e+01
-3.473853692412376404e-02,-7.897336035966873169e-02,-1.601608935743570328e-03,4.905620503425598145e+01
-3.473893553018569946e-02,-7.898215204477310181e-02,-1.602196600288152695e-03,4.906146216392517090e+01
-3.473966941237449646e-02,-7.899048924446105957e-02,-1.605027588084340096e-03,4.906628799438476562e+01
-3.474077954888343811e-02,-7.900185137987136841e-02,-1.605060067959129810e-03,4.907121300697326660e+01
-3.473521769046783447e-02,-7.892563939094543457e-02,-1.576121547259390354e-03,4.907632207870483398e+01
-3.473493829369544983e-02,-7.893133908510208130e-02,-1.580285956151783466e-03,4.908119916915893555e+01
-3.473208472132682800e-02,-7.894434034824371338e-02,-1.579505507834255695e-03,4.908678412437438965e+01
-3.473077714443206787e-02,-7.895492762327194214e-02,-1.581315533258020878e-03,4.909116816520690918e+01
-3.472932055592536926e-02,-7.896794378757476807e-02,-1.581474789418280125e-03,4.909701418876647949e+01
-3.472904115915298462e-02,-7.898262143135070801e-02,-1.582007622346282005e-03,4.910134315490722656e+01
-3.472794592380523682e-02,-7.899889349937438965e-02,-1.581711927428841591e-03,4.910685610771179199e+01
-3.472633287310600281e-02,-7.899291813373565674e-02,-1.610583043657243252e-03,4.911114716529846191e+01
-3.472615778446197510e-02,-7.900787889957427979e-02,-1.610357780009508133e-03,4.911694407463073730e+01
-3.472600504755973816e-02,-7.902060449123382568e-02,-1.614611712284386158e-03,4.912116312980651855e+01
-3.472628444433212280e-02,-7.903677225112915039e-02,-1.617383444681763649e-03,4.912712621688842773e+01
-3.472671657800674438e-02,-7.905476540327072144e-02,-1.622121082618832588e-03,4.913116621971130371e+01
-3.472717478871345520e-02,-7.907359302043914795e-02,-1.627337303943932056e-03,4.913700199127197266e+01
-3.472755476832389832e-02,-7.909304648637771606e-02,-1.636090571992099285e-03,4.914133620262145996e+01
-3.476778790354728699e-02,-7.896675169467926025e-02,-1.587861916050314903e-03,4.914694619178771973e+01
-3.477636724710464478e-02,-7.897840440273284912e-02,-1.583912526257336140e-03,4.915147900581359863e+01
-3.478329256176948547e-02,-7.898882776498794556e-02,-1.586758764460682869e-03,4.915679812431335449e+01
-3.479079902172088623e-02,-7.899980247020721436e-02,-1.586320577189326286e-03,4.916158509254455566e+01
-3.479699417948722839e-02,-7.901120930910110474e-02,-1.584423589520156384e-03,4.916655302047729492e+01
-3.480395302176475525e-02,-7.902387529611587524e-02,-1.583617529831826687e-03,4.917407917976379395e+01
-3.481123968958854675e-02,-7.903770357370376587e-02,-1.584272366017103195e-03,4.917659115791320801e+01
-3.475503996014595032e-02,-7.890529930591583252e-02,-1.597133697941899300e-03,4.918147516250610352e+01
-3.475874662399291992e-02,-7.891517877578735352e-02,-1.608132151886820793e-03,4.918659210205078125e+01
-3.476228937506675720e-02,-7.892557978630065918e-02,-1.620042836293578148e-03,4.919170808792114258e+01
-3.476570919156074524e-02,-7.893554121255874634e-02,-1.634406857192516327e-03,4.919705510139465332e+01
-3.476930409669876099e-02,-7.894741743803024292e-02,-1.649266690947115421e-03,4.920146417617797852e+01
-3.477296605706214905e-02,-7.896106690168380737e-02,-1.667935750447213650e-03,4.920658302307128906e+01
-3.474167734384536743e-02,-7.890303432941436768e-02,-1.673596794717013836e-03,4.921146202087402344e+01
-3.474382311105728149e-02,-7.891378551721572876e-02,-1.685031456872820854e-03,4.921701216697692871e+01
-3.474615886807441711e-02,-7.892787456512451172e-02,-1.696366234682500362e-03,4.922157621383666992e+01
-3.474882990121841431e-02,-7.894322276115417480e-02,-1.698342501185834408e-03,4.922685098648071289e+01
-3.475141525268554688e-02,-7.895936816930770874e-02,-1.706699840724468231e-03,4.923160409927368164e+01
-3.475410491228103638e-02,-7.897590100765228271e-02,-1.714138314127922058e-03,4.923709201812744141e+01
-3.475693613290786743e-02,-7.899284362792968750e-02,-1.719987951219081879e-03,4.924155116081237793e+01
-3.470675274729728699e-02,-7.888592034578323364e-02,-1.706054783426225185e-03,4.924666905403137207e+01
-3.470561653375625610e-02,-7.889528572559356689e-02,-1.717554521746933460e-03,4.925155520439147949e+01
-3.470462560653686523e-02,-7.890531420707702637e-02,-1.730681280605494976e-03,4.925687813758850098e+01
-3.470367565751075745e-02,-7.890975475311279297e-02,-1.745715737342834473e-03,4.926179313659667969e+01
-3.470319136977195740e-02,-7.891807705163955688e-02,-1.762302243150770664e-03,4.926675415039062500e+01
-3.470281884074211121e-02,-7.892487943172454834e-02,-1.783159794285893440e-03,4.927172017097473145e+01
-3.470232710242271423e-02,-7.892985641956329346e-02,-1.811759313568472862e-03,4.927707314491271973e+01
-3.471285477280616760e-02,-7.890787720680236816e-02,-1.624354510568082333e-03,4.928166508674621582e+01
-3.471446409821510315e-02,-7.891944050788879395e-02,-1.626097247935831547e-03,4.928683900833129883e+01
-3.471831977367401123e-02,-7.893408089876174927e-02,-1.638244255445897579e-03,4.929168820381164551e+01
-3.472142666578292847e-02,-7.894960045814514160e-02,-1.643118797801434994e-03,4.929694509506225586e+01
-3.472514078021049500e-02,-7.896737009286880493e-02,-1.647789031267166138e-03,4.930166101455688477e+01
-3.472787886857986450e-02,-7.898620516061782837e-02,-1.649036421440541744e-03,4.930672502517700195e+01
-3.467620536684989929e-02,-7.885714620351791382e-02,-1.714207814075052738e-03,4.931165599822998047e+01
-3.467516601085662842e-02,-7.886434346437454224e-02,-1.728917937725782394e-03,4.931684303283691406e+01
-3.467424586415290833e-02,-7.887294888496398926e-02,-1.743032131344079971e-03,4.932170200347900391e+01
-3.467427566647529602e-02,-7.888806611299514771e-02,-1.741678919643163681e-03,4.932696199417114258e+01
-3.467414528131484985e-02,-7.890114933252334595e-02,-1.754202763549983501e-03,4.933174109458923340e+01
-3.467435017228126526e-02,-7.891675084829330444e-02,-1.767961657606065273e-03,4.933692502975463867e+01
-3.467455878853797913e-02,-7.893447577953338623e-02,-1.792924595065414906e-03,4.934165811538696289e+01
-3.470426425337791443e-02,-7.888631522655487061e-02,-1.594311324879527092e-03,4.934681916236877441e+01
-3.470720723271369934e-02,-7.889448851346969604e-02,-1.599426963366568089e-03,4.935176205635070801e+01
-3.470990806818008423e-02,-7.889953255653381348e-02,-1.608400372788310051e-03,4.935719013214111328e+01
-3.471279516816139221e-02,-7.890869677066802979e-02,-1.616504276171326637e-03,4.936198210716247559e+01
-3.471579775214195251e-02,-7.891894876956939697e-02,-1.624470576643943787e-03,4.936700820922851562e+01
-3.471919894218444824e-02,-7.893636077642440796e-02,-1.631763414479792118e-03,4.937179112434387207e+01
-3.472254425287246704e-02,-7.895165681838989258e-02,-1.640375936403870583e-03,4.937672114372253418e+01
-3.471306711435317993e-02,-7.894343882799148560e-02,-1.506355009041726589e-03,4.938182616233825684e+01
-3.471680730581283569e-02,-7.895258069038391113e-02,-1.518600620329380035e-03,4.938694810867309570e+01
-3.472121804952621460e-02,-7.896737009286880493e-02,-1.526256673969328403e-03,4.939182209968566895e+01
-3.472530841827392578e-02,-7.898297160863876343e-02,-1.534852082841098309e-03,4.939726305007934570e+01
-3.472932428121566772e-02,-7.899856567382812500e-02,-1.532112131826579571e-03,4.940210509300231934e+01
-3.473317250609397888e-02,-7.901474833488464355e-02,-1.536295632831752300e-03,4.940703511238098145e+01
-3.442841395735740662e-02,-7.891573011875152588e-02,-1.459869556128978729e-03,4.941182303428649902e+01
-3.442149236798286438e-02,-7.891574501991271973e-02,-1.453998265787959099e-03,4.941713213920593262e+01
-3.441482782363891602e-02,-7.891955971717834473e-02,-1.451645279303193092e-03,4.942193412780761719e+01
-3.440869972109794617e-02,-7.892190665006637573e-02,-1.449379487894475460e-03,4.942716407775878906e+01
-3.440271690487861633e-02,-7.892408221960067749e-02,-1.449898583814501762e-03,4.943190813064575195e+01
-3.439647704362869263e-02,-7.892824709415435791e-02,-1.461000181734561920e-03,4.943723821640014648e+01
-3.439028933644294739e-02,-7.893203943967819214e-02,-1.468261005356907845e-03,4.944191002845764160e+01
-3.418818861246109009e-02,-7.894605398178100586e-02,-1.400758163072168827e-03,4.944726419448852539e+01
-3.417864441871643066e-02,-7.895276695489883423e-02,-1.403516740538179874e-03,4.945208311080932617e+01
-3.416950255632400513e-02,-7.896407693624496460e-02,-1.405082759447395802e-03,4.945694708824157715e+01
-3.416058421134948730e-02,-7.897522300481796265e-02,-1.407353440299630165e-03,4.946200609207153320e+01
-3.415179252624511719e-02,-7.898931205272674561e-02,-1.411422388628125191e-03,4.946690201759338379e+01
-3.414300456643104553e-02,-7.900304347276687622e-02,-1.415061648003757000e-03,4.947191405296325684e+01
-3.413429111242294312e-02,-7.901696115732192993e-02,-1.418771920725703239e-03,4.947698402404785156e+01
-3.403747081756591797e-02,-7.887803763151168823e-02,-1.277147210203111172e-03,4.948195409774780273e+01
-3.403168916702270508e-02,-7.889047265052795410e-02,-1.277015777304768562e-03,4.948711204528808594e+01
-3.402630239725112915e-02,-7.890354096889495850e-02,-1.277423347346484661e-03,4.949200606346130371e+01
-3.402112051844596863e-02,-7.891727238893508911e-02,-1.281502074562013149e-03,4.949713420867919922e+01
-3.401605412364006042e-02,-7.892847806215286255e-02,-1.286828308366239071e-03,4.950204420089721680e+01
-3.401113674044609070e-02,-7.893850654363632202e-02,-1.299132243730127811e-03,4.950727415084838867e+01
-3.387373313307762146e-02,-7.877911627292633057e-02,-1.177719561383128166e-03,4.951196002960205078e+01
-3.386893868446350098e-02,-7.877887040376663208e-02,-1.194119802676141262e-03,4.951719307899475098e+01
-3.386410325765609741e-02,-7.878327369689941406e-02,-1.211567781865596771e-03,4.952183413505554199e+01
-3.385888040065765381e-02,-7.878827303647994995e-02,-1.230870606377720833e-03,4.952714014053344727e+01
-3.385353833436965942e-02,-7.879495620727539062e-02,-1.245271181687712669e-03,4.953216314315795898e+01
-3.384802490472793579e-02,-7.880208641290664673e-02,-1.263623475097119808e-03,4.953707098960876465e+01
-3.384269028902053833e-02,-7.881080359220504761e-02,-1.283534569665789604e-03,4.954201221466064453e+01
-3.371906280517578125e-02,-7.875679433345794678e-02,-1.059600850567221642e-03,4.954717016220092773e+01
-3.371533006429672241e-02,-7.877004891633987427e-02,-1.068675192072987556e-03,4.955217313766479492e+01
-3.371206670999526978e-02,-7.878530770540237427e-02,-1.081951661035418510e-03,4.955708909034729004e+01
-3.370747715234756470e-02,-7.880149036645889282e-02,-1.097496598958969116e-03,4.956225514411926270e+01
-3.370365872979164124e-02,-7.881899923086166382e-02,-1.113266916945576668e-03,4.956713008880615234e+01
-3.369997069239616394e-02,-7.883813232183456421e-02,-1.128972973674535751e-03,4.957486605644226074e+01
-3.369639441370964050e-02,-7.885908335447311401e-02,-1.144931069575250149e-03,4.957708406448364258e+01
-3.364388644695281982e-02,-7.871703058481216431e-02,-9.767512092366814613e-04,4.958210706710815430e+01
-3.363999724388122559e-02,-7.872261106967926025e-02,-9.921281598508358002e-04,4.958712100982666016e+01
-3.363633155822753906e-02,-7.872862368822097778e-02,-1.010522479191422462e-03,4.959217715263366699e+01
-3.363409265875816345e-02,-7.875560224056243896e-02,-1.008175546303391457e-03,4.959730815887451172e+01
-3.363095223903656006e-02,-7.876529544591903687e-02,-1.021173084154725075e-03,4.960225415229797363e+01
-3.362859413027763367e-02,-7.877977192401885986e-02,-1.032375148497521877e-03,4.960714912414550781e+01
-3.362697362899780273e-02,-7.880000770092010498e-02,-1.044256612658500671e-03,4.961217021942138672e+01
-3.353363275527954102e-02,-7.871602475643157959e-02,-9.255487238988280296e-04,4.961727499961853027e+01
-3.353083133697509766e-02,-7.872853428125381470e-02,-9.375951485708355904e-04,4.962224912643432617e+01
-3.352765738964080811e-02,-7.873102277517318726e-02,-9.507265058346092701e-04,4.962741613388061523e+01
-3.352497518062591553e-02,-7.874494791030883789e-02,-9.664912358857691288e-04,4.963228321075439453e+01
-3.352238237857818604e-02,-7.876083254814147949e-02,-9.852956281974911690e-04,4.963735699653625488e+01
-3.352029249072074890e-02,-7.878750562667846680e-02,-1.005357014946639538e-03,4.964225101470947266e+01
-3.351058065891265869e-02,-7.866600900888442993e-02,-7.634611683897674084e-04,4.964731907844543457e+01
-3.351178020238876343e-02,-7.867024093866348267e-02,-7.598539232276380062e-04,4.965229320526123047e+01
-3.351350128650665283e-02,-7.868526130914688110e-02,-7.571837049908936024e-04,4.965752911567687988e+01
-3.351537883281707764e-02,-7.869559526443481445e-02,-7.507795817218720913e-04,4.966256117820739746e+01
-3.351741284132003784e-02,-7.870724797248840332e-02,-7.437902968376874924e-04,4.966728305816650391e+01
-3.351957350969314575e-02,-7.872056216001510620e-02,-7.387151126749813557e-04,4.967228603363037109e+01
-3.352172672748565674e-02,-7.873369753360748291e-02,-7.380308234132826328e-04,4.967727303504943848e+01
-3.342871740460395813e-02,-7.860051095485687256e-02,-7.643495919182896614e-04,4.968242001533508301e+01
-3.342812135815620422e-02,-7.861041277647018433e-02,-7.809562375769019127e-04,4.968728303909301758e+01
-3.342771530151367188e-02,-7.861778885126113892e-02,-7.927558035589754581e-04,4.969241404533386230e+01
-3.342746570706367493e-02,-7.862886041402816772e-02,-8.085075533017516136e-04,4.969749522209167480e+01
-3.342724591493606567e-02,-7.864169031381607056e-02,-8.249154780060052872e-04,4.970242404937744141e+01
-3.342730924487113953e-02,-7.866080105304718018e-02,-8.424844127148389816e-04,4.970745110511779785e+01
-3.336201608180999756e-02,-7.858612388372421265e-02,-6.624866509810090065e-04,4.971247911453247070e+01
-3.336047381162643433e-02,-7.859659194946289062e-02,-6.660932558588683605e-04,4.971751022338867188e+01
-3.335915878415107727e-02,-7.859932631254196167e-02,-6.614591693505644798e-04,4.972242307662963867e+01
-3.335827216506004333e-02,-7.860694825649261475e-02,-6.608114344999194145e-04,4.972776818275451660e+01
-3.335767611861228943e-02,-7.861308753490447998e-02,-6.575150764547288418e-04,4.973244714736938477e+01
-3.335728123784065247e-02,-7.862327247858047485e-02,-6.585159571841359138e-04,4.973744606971740723e+01
-3.335694968700408936e-02,-7.863238453865051270e-02,-6.583756185136735439e-04,4.974241709709167480e+01
-3.334189206361770630e-02,-7.850901782512664795e-02,-6.068135262466967106e-04,4.974743103981018066e+01
-3.334393724799156189e-02,-7.852051407098770142e-02,-6.259483634494245052e-04,4.975256109237670898e+01
-3.334601968526840210e-02,-7.852945476770401001e-02,-6.483142497017979622e-04,4.975761318206787109e+01
-3.334857523441314697e-02,-7.854233682155609131e-02,-6.669897120445966721e-04,4.976267004013061523e+01
-3.335123881697654724e-02,-7.855683565139770508e-02,-6.853807717561721802e-04,4.976757502555847168e+01
-3.335420042276382446e-02,-7.857521623373031616e-02,-6.963644991628825665e-04,4.977255511283874512e+01
-3.328810259699821472e-02,-7.842995226383209229e-02,-5.505734588950872421e-04,4.977778220176696777e+01
-3.329012915492057800e-02,-7.843556255102157593e-02,-5.656935973092913628e-04,4.978268718719482422e+01
-3.329192101955413818e-02,-7.843694835901260376e-02,-5.780713981948792934e-04,4.978759813308715820e+01
-3.329350799322128296e-02,-7.844156026840209961e-02,-5.954576190561056137e-04,4.979267120361328125e+01
-3.329493105411529541e-02,-7.844548672437667847e-02,-6.155298906378448009e-04,4.979773211479187012e+01
-3.329640254378318787e-02,-7.845087349414825439e-02,-6.397553370334208012e-04,4.980255317687988281e+01
-3.329809755086898804e-02,-7.845586538314819336e-02,-6.624755915254354477e-04,4.980760717391967773e+01
-3.318639472126960754e-02,-7.834111154079437256e-02,-4.797127330675721169e-04,4.981255722045898438e+01
-3.318387269973754883e-02,-7.834343612194061279e-02,-4.815988941118121147e-04,4.981780600547790527e+01
-3.318151459097862244e-02,-7.835052162408828735e-02,-4.852675774600356817e-04,4.982265710830688477e+01
-3.317923471331596375e-02,-7.835830748081207275e-02,-4.867102834396064281e-04,4.982780098915100098e+01
-3.317673131823539734e-02,-7.836624234914779663e-02,-4.872139543294906616e-04,4.983264517784118652e+01
-3.317391872406005859e-02,-7.837411761283874512e-02,-4.915010067634284496e-04,4.983775806427001953e+01
-3.318570554256439209e-02,-7.830050587654113770e-02,-3.855708928313106298e-04,4.984267401695251465e+01
-3.318839520215988159e-02,-7.830554246902465820e-02,-3.806808090303093195e-04,4.984771203994750977e+01
-3.319151327013969421e-02,-7.831636816263198853e-02,-3.723400295712053776e-04,4.985269308090209961e+01
-3.319455683231353760e-02,-7.832484692335128784e-02,-3.685845003928989172e-04,4.985775113105773926e+01
-3.319768980145454407e-02,-7.833403348922729492e-02,-3.659744397737085819e-04,4.986280798912048340e+01
-3.320057690143585205e-02,-7.834253460168838501e-02,-3.718542866408824921e-04,4.986766409873962402e+01
-3.320366516709327698e-02,-7.835296541452407837e-02,-3.751328331418335438e-04,4.987267017364501953e+01
-3.313861414790153503e-02,-7.829368859529495239e-02,-3.828973276540637016e-04,4.987779307365417480e+01
-3.314117714762687683e-02,-7.830580323934555054e-02,-3.913614200428128242e-04,4.988273811340332031e+01
-3.314420208334922791e-02,-7.831559330224990845e-02,-3.974269202444702387e-04,4.988770508766174316e+01
-3.314727917313575745e-02,-7.832425087690353394e-02,-4.040303174406290054e-04,4.989279699325561523e+01
-3.315002471208572388e-02,-7.832846045494079590e-02,-4.085391410626471043e-04,4.989784216880798340e+01
-3.315265476703643799e-02,-7.833629101514816284e-02,-4.159192612860351801e-04,4.990279912948608398e+01
-3.315522149205207825e-02,-7.834459841251373291e-02,-4.251508216839283705e-04,4.990791416168212891e+01
-3.311392292380332947e-02,-7.830443233251571655e-02,-4.139524826314300299e-04,4.991292905807495117e+01
-3.311722725629806519e-02,-7.831975072622299194e-02,-4.330319061409682035e-04,4.991806507110595703e+01
-3.312021493911743164e-02,-7.833825796842575073e-02,-4.619309329427778721e-04,4.992281818389892578e+01
-3.312364965677261353e-02,-7.835755497217178345e-02,-4.971359740011394024e-04,4.992809009552001953e+01
-3.312816470861434937e-02,-7.837473601102828979e-02,-5.094027146697044373e-04,4.993273115158081055e+01
-3.313244506716728210e-02,-7.839376479387283325e-02,-5.327870603650808334e-04,4.993780112266540527e+01
-3.305349126458168030e-02,-7.824629545211791992e-02,-3.697581123560667038e-04,4.994279503822326660e+01
-3.305466845631599426e-02,-7.826200127601623535e-02,-3.857811389025300741e-04,4.994775605201721191e+01
-3.305571526288986206e-02,-7.827469706535339355e-02,-4.016419406980276108e-04,4.995280504226684570e+01
-3.305699676275253296e-02,-7.828728854656219482e-02,-4.164308775216341019e-04,4.995783805847167969e+01
-3.305856883525848389e-02,-7.829798012971878052e-02,-4.252110084053128958e-04,4.996304321289062500e+01
-3.306024894118309021e-02,-7.831116020679473877e-02,-4.371813847683370113e-04,4.996811509132385254e+01
-3.306207060813903809e-02,-7.832601666450500488e-02,-4.484196833800524473e-04,4.997406411170959473e+01
-3.301789984107017517e-02,-7.823275774717330933e-02,-2.956286771222949028e-04,4.997797608375549316e+01
-3.301750868558883667e-02,-7.824088633060455322e-02,-2.935971424449235201e-04,4.998290300369262695e+01
-3.301814198493957520e-02,-7.825039327144622803e-02,-2.932384959422051907e-04,4.998836421966552734e+01
-3.301913291215896606e-02,-7.826216518878936768e-02,-2.986750623676925898e-04,4.999309420585632324e+01
-3.302039206027984619e-02,-7.827478647232055664e-02,-2.981766883749514818e-04,4.999793219566345215e+01
-3.302186354994773865e-02,-7.828825712203979492e-02,-2.992759982589632273e-04,5.000290918350219727e+01
-3.302359953522682190e-02,-7.830160111188888550e-02,-3.013721434399485588e-04,5.000798106193542480e+01
-3.300356492400169373e-02,-7.821263372898101807e-02,-2.643686893861740828e-04,5.001291704177856445e+01
-3.300664946436882019e-02,-7.822258025407791138e-02,-2.688165986910462379e-04,5.001833605766296387e+01
-3.300973773002624512e-02,-7.823318243026733398e-02,-2.729060943238437176e-04,5.002297902107238770e+01
-3.301313892006874084e-02,-7.824649661779403687e-02,-2.712224668357521296e-04,5.002824521064758301e+01
-3.301642090082168579e-02,-7.825969159603118896e-02,-2.749621926341205835e-04,5.003302907943725586e+01
-3.301976248621940613e-02,-7.827313989400863647e-02,-2.778257767204195261e-04,5.003807401657104492e+01
-3.302148729562759399e-02,-7.828606665134429932e-02,-2.798751520458608866e-04,5.004310107231140137e+01
-3.297378867864608765e-02,-7.819312065839767456e-02,-2.231697872048243880e-04,5.004812502861022949e+01
-3.297376260161399841e-02,-7.820705324411392212e-02,-2.302796492585912347e-04,5.005307221412658691e+01
-3.297599032521247864e-02,-7.822096347808837891e-02,-2.429087180644273758e-04,5.005810809135437012e+01
-3.297702595591545105e-02,-7.823722809553146362e-02,-2.540845307521522045e-04,5.006319713592529297e+01
-3.297808021306991577e-02,-7.825332134962081909e-02,-2.658305456861853600e-04,5.006813001632690430e+01
-3.297919407486915588e-02,-7.826590538024902344e-02,-2.725319645833224058e-04,5.007305908203125000e+01
-3.292817249894142151e-02,-7.820494472980499268e-02,-2.629080845508724451e-04,5.007805299758911133e+01
-3.292829170823097229e-02,-7.821267098188400269e-02,-2.673539565876126289e-04,5.008307003974914551e+01
-3.292835876345634460e-02,-7.821992039680480957e-02,-2.698237076401710510e-04,5.008832621574401855e+01
-3.293225541710853577e-02,-7.822763919830322266e-02,-2.631466195452958345e-04,5.009334015846252441e+01
-3.293463587760925293e-02,-7.823747396469116211e-02,-2.633754338603466749e-04,5.009837603569030762e+01
-3.293757513165473938e-02,-7.824733853340148926e-02,-2.618606376927345991e-04,5.010321712493896484e+01
-3.293937072157859802e-02,-7.825949788093566895e-02,-2.647935179993510246e-04,5.010823202133178711e+01
-3.293613344430923462e-02,-7.816606014966964722e-02,-1.637430686969310045e-04,5.011319899559020996e+01
-3.293890506029129028e-02,-7.817849516868591309e-02,-1.715220132609829307e-04,5.011846399307250977e+01
-3.294184803962707520e-02,-7.818838208913803101e-02,-1.820987672545015812e-04,5.012319898605346680e+01
-3.294540196657180786e-02,-7.820057868957519531e-02,-1.910302380565553904e-04,5.012848401069641113e+01
-3.294917941093444824e-02,-7.821207493543624878e-02,-2.002840337809175253e-04,5.013319516181945801e+01
-3.295311704277992249e-02,-7.822301983833312988e-02,-2.085483283735811710e-04,5.013821721076965332e+01
-3.294081985950469971e-02,-7.809106260538101196e-02,-1.310741790803149343e-04,5.014318799972534180e+01
-3.294404968619346619e-02,-7.810564339160919189e-02,-1.445105008315294981e-04,5.014826107025146484e+01
-3.294741362333297729e-02,-7.812042534351348877e-02,-1.521173398941755295e-04,5.015319609642028809e+01
-3.295078873634338379e-02,-7.813836634159088135e-02,-1.627941092010587454e-04,5.015820217132568359e+01
-3.295437246561050415e-02,-7.815947383642196655e-02,-1.727961207507178187e-04,5.016330909729003906e+01
-3.295814990997314453e-02,-7.818364351987838745e-02,-1.849936525104567409e-04,5.016825199127197266e+01
-3.296209871768951416e-02,-7.820829749107360840e-02,-1.973535399883985519e-04,5.017332100868225098e+01
-3.293047472834587097e-02,-7.801631838083267212e-02,-5.623348260996863246e-05,5.017833709716796875e+01
-3.293410688638687134e-02,-7.803416252136230469e-02,-6.809738988522440195e-05,5.018330717086791992e+01
-3.293875232338905334e-02,-7.806155830621719360e-02,-7.402851042570546269e-05,5.018853020668029785e+01
-3.294312953948974609e-02,-7.808286696672439575e-02,-8.561414870200678706e-05,5.019343209266662598e+01
-3.294739499688148499e-02,-7.810379564762115479e-02,-9.894806862575933337e-05,5.019834113121032715e+01
-3.295125067234039307e-02,-7.811581343412399292e-02,-1.096330015570856631e-04,5.020334100723266602e+01
-3.295512497425079346e-02,-7.813195139169692993e-02,-1.228036999236792326e-04,5.020833516120910645e+01
-3.288630768656730652e-02,-7.800103724002838135e-02,-4.891199205303564668e-05,5.021330809593200684e+01
-3.288599103689193726e-02,-7.800689339637756348e-02,-5.071659325039945543e-05,5.021848702430725098e+01
-3.288593888282775879e-02,-7.801841199398040771e-02,-5.889945168746635318e-05,5.022333717346191406e+01
-3.288611024618148804e-02,-7.803163677453994751e-02,-6.947825022507458925e-05,5.022857618331909180e+01
-3.288831561803817749e-02,-7.805225253105163574e-02,-8.310412522405385971e-05,5.023339319229125977e+01
-3.289023786783218384e-02,-7.807100564241409302e-02,-9.664447134127840400e-05,5.023841118812561035e+01
-3.290575370192527771e-02,-7.789366692304611206e-02,3.327748117953888141e-06,5.024345016479492188e+01
-3.290783986449241638e-02,-7.789869606494903564e-02,-7.642868695256765932e-06,5.024845910072326660e+01
-3.291146457195281982e-02,-7.790467888116836548e-02,-1.451297521271044388e-05,5.025339508056640625e+01
-3.291533887386322021e-02,-7.791160792112350464e-02,-2.474359462212305516e-05,5.025846505165100098e+01
-3.291939944028854370e-02,-7.791990041732788086e-02,-3.950420432374812663e-05,5.026352906227111816e+01
-3.292392939329147339e-02,-7.793049514293670654e-02,-4.528347199084237218e-05,5.026842117309570312e+01
-3.292818740010261536e-02,-7.794088125228881836e-02,-6.499347364297136664e-05,5.027343606948852539e+01
-3.286042064428329468e-02,-7.785581797361373901e-02,8.029736818571109325e-06,5.027854919433593750e+01
-3.286067023873329163e-02,-7.785916328430175781e-02,-2.126012623193673790e-05,5.028345012664794922e+01
-3.286148607730865479e-02,-7.787032425403594971e-02,-4.722623634734191000e-05,5.028853511810302734e+01
-3.286252543330192566e-02,-7.788418978452682495e-02,-7.608351006638258696e-05,5.029367017745971680e+01
-3.286424651741981506e-02,-7.790706306695938110e-02,-9.737370419315993786e-05,5.029854011535644531e+01
-3.286577016115188599e-02,-7.792764902114868164e-02,-1.240628480445593596e-04,5.030355000495910645e+01
-3.286740928888320923e-02,-7.794957607984542847e-02,-1.513275929028168321e-04,5.030853199958801270e+01
-3.281923010945320129e-02,-7.777327299118041992e-02,6.795833178330212831e-05,5.031353616714477539e+01
-3.281828016042709351e-02,-7.777974754571914673e-02,5.684226198354735970e-05,5.031866717338562012e+01
-3.281781449913978577e-02,-7.778645306825637817e-02,4.272802834748290479e-05,5.032359600067138672e+01
-3.281775116920471191e-02,-7.779101282358169556e-02,2.927888453996274620e-05,5.032867407798767090e+01
-3.281792625784873962e-02,-7.779725641012191772e-02,1.380583125865086913e-05,5.033352708816528320e+01
-3.281816095113754272e-02,-7.780474424362182617e-02,-3.113621232841978781e-06,5.033864903450012207e+01
-3.286727517843246460e-02,-7.773492485284805298e-02,1.594260975252836943e-04,5.034384417533874512e+01
-3.287082165479660034e-02,-7.774815708398818970e-02,1.554311893414705992e-04,5.034867119789123535e+01
-3.287465870380401611e-02,-7.776582986116409302e-02,1.525566040072590113e-04,5.035357403755187988e+01
-3.287904709577560425e-02,-7.778586447238922119e-02,1.525214029243215919e-04,5.035852503776550293e+01
-3.288323804736137390e-02,-7.779546082019805908e-02,1.436931779608130455e-04,5.036367106437683105e+01
-3.288816288113594055e-02,-7.780934870243072510e-02,1.426887465640902519e-04,5.036866712570190430e+01
-3.289325535297393799e-02,-7.782267034053802490e-02,1.409288815921172500e-04,5.037367320060729980e+01
-3.284043073654174805e-02,-7.777649164199829102e-02,1.280426367884501815e-04,5.037866306304931641e+01
-3.284272924065589905e-02,-7.778891175985336304e-02,1.200179904117248952e-04,5.038367104530334473e+01
-3.284515440464019775e-02,-7.780223339796066284e-02,1.117832216550596058e-04,5.038887906074523926e+01
-3.284811601042747498e-02,-7.781680673360824585e-02,1.105002156691625714e-04,5.039395904541015625e+01
-3.285089880228042603e-02,-7.783280313014984131e-02,9.252225572708994150e-05,5.039866518974304199e+01
-3.285369649529457092e-02,-7.784803956747055054e-02,7.230188930407166481e-05,5.040366911888122559e+01
-3.285632282495498657e-02,-7.785978168249130249e-02,4.531540253083221614e-05,5.040874099731445312e+01
-3.282703086733818054e-02,-7.769981026649475098e-02,2.026747388299554586e-04,5.041357803344726562e+01
-3.283060714602470398e-02,-7.770521938800811768e-02,2.035523648373782635e-04,5.041883611679077148e+01
-3.283438459038734436e-02,-7.771213352680206299e-02,2.075306983897462487e-04,5.042371702194213867e+01
-3.283847123384475708e-02,-7.771772891283035278e-02,2.117160911438986659e-04,5.042890214920043945e+01
-3.284265100955963135e-02,-7.772339135408401489e-02,2.154759131371974945e-04,5.043363714218139648e+01
-3.284684941172599792e-02,-7.772973179817199707e-02,2.170359075535088778e-04,5.043887615203857422e+01
-3.285153210163116455e-02,-7.774019986391067505e-02,2.207894576713442802e-04,5.044373011589050293e+01
-3.279178962111473083e-02,-7.765748351812362671e-02,2.503295836504548788e-04,5.044886803627014160e+01
-3.279389441013336182e-02,-7.766629010438919067e-02,2.397839998593553901e-04,5.045384716987609863e+01
-3.279580548405647278e-02,-7.766818255186080933e-02,2.261594781884923577e-04,5.045884704589843750e+01
-3.279814869165420532e-02,-7.767680287361145020e-02,2.125392493326216936e-04,5.046398901939392090e+01
-3.280061483383178711e-02,-7.768671959638595581e-02,1.963661343324929476e-04,5.046886110305786133e+01
-3.280344977974891663e-02,-7.770290970802307129e-02,1.797434524632990360e-04,5.047385311126708984e+01
-3.277863934636116028e-02,-7.761657238006591797e-02,2.666354703251272440e-04,5.047884917259216309e+01
-3.278139978647232056e-02,-7.762397080659866333e-02,2.612438111100345850e-04,5.048385715484619141e+01
-3.278403356671333313e-02,-7.763116061687469482e-02,2.467004233039915562e-04,5.048887419700622559e+01
-3.278706222772598267e-02,-7.764274626970291138e-02,2.359484205953776836e-04,5.049406409263610840e+01
-3.279040381312370300e-02,-7.765691727399826050e-02,2.239145251223817468e-04,5.049913501739501953e+01
-3.279427438974380493e-02,-7.767650485038757324e-02,2.140065917046740651e-04,5.050388503074645996e+01
-3.279830887913703918e-02,-7.769516110420227051e-02,2.016979560721665621e-04,5.050896215438842773e+01
-3.279051557183265686e-02,-7.761915028095245361e-02,3.222371742594987154e-04,5.051397013664245605e+01
-3.279668837785720825e-02,-7.762465626001358032e-02,3.204850654583424330e-04,5.051898312568664551e+01
-3.280331194400787354e-02,-7.763641327619552612e-02,3.174482553731650114e-04,5.052400207519531250e+01
-3.280958160758018494e-02,-7.764550298452377319e-02,3.112645936198532581e-04,5.052904701232910156e+01
-3.281586989760398865e-02,-7.765598595142364502e-02,3.027572529390454292e-04,5.053389811515808105e+01
-3.282226994633674622e-02,-7.766848802566528320e-02,2.938233374152332544e-04,5.053892517089843750e+01
-3.272903338074684143e-02,-7.759120315313339233e-02,3.061312600038945675e-04,5.054398608207702637e+01
-3.273104131221771240e-02,-7.759818434715270996e-02,3.003490855917334557e-04,5.054893016815185547e+01
-3.273309767246246338e-02,-7.760082185268402100e-02,2.928663743659853935e-04,5.055392122268676758e+01
-3.273548930883407593e-02,-7.760760188102722168e-02,2.838241343852132559e-04,5.055901813507080078e+01
-3.273801878094673157e-02,-7.761583477258682251e-02,2.731123531702905893e-04,5.056410408020019531e+01
-3.274274617433547974e-02,-7.763211429119110107e-02,2.623122127261012793e-04,5.056895208358764648e+01
-3.272775933146476746e-02,-7.754212617874145508e-02,4.011172568425536156e-04,5.057392120361328125e+01
-3.273339569568634033e-02,-7.755225896835327148e-02,4.019955813419073820e-04,5.057912015914916992e+01
-3.273952379822731018e-02,-7.755453884601593018e-02,4.020666819997131824e-04,5.058413219451904297e+01
-3.274663537740707397e-02,-7.756340503692626953e-02,4.073792078997939825e-04,5.058912110328674316e+01
-3.275432437658309937e-02,-7.757078111171722412e-02,4.174359783064574003e-04,5.059412503242492676e+01
-3.276130557060241699e-02,-7.758288085460662842e-02,4.350193776190280914e-04,5.059920907020568848e+01
-3.276899829506874084e-02,-7.759355008602142334e-02,4.485513200052082539e-04,5.060408306121826172e+01
-3.277690336108207703e-02,-7.760549336671829224e-02,4.615090729203075171e-04,5.060908412933349609e+01
-3.273163363337516785e-02,-7.755529880523681641e-02,3.946348733734339476e-04,5.061407017707824707e+01
-3.273682296276092529e-02,-7.756473869085311890e-02,3.910572850145399570e-04,5.061901998519897461e+01
-3.274166211485862732e-02,-7.757503539323806763e-02,3.879979485645890236e-04,5.062408804893493652e+01
-3.274604305624961853e-02,-7.758414745330810547e-02,3.853296802844852209e-04,5.062925910949707031e+01
-3.275029361248016357e-02,-7.758828997611999512e-02,3.811250207945704460e-04,5.063409614562988281e+01
-3.275530040264129639e-02,-7.759541273117065430e-02,3.782687417697161436e-04,5.063906621932983398e+01
-3.268479555845260620e-02,-7.754380255937576294e-02,4.429835244081914425e-04,5.064427399635314941e+01
-3.268658369779586792e-02,-7.755579799413681030e-02,4.335170669946819544e-04,5.064919209480285645e+01
-3.268890455365180969e-02,-7.757341116666793823e-02,4.263136070221662521e-04,5.065416622161865234e+01
-3.269143030047416687e-02,-7.759223133325576782e-02,4.178157250862568617e-04,5.065928912162780762e+01
-3.269585222005844116e-02,-7.761342823505401611e-02,4.062900261487811804e-04,5.066422605514526367e+01
-3.270023688673973083e-02,-7.763507962226867676e-02,3.946381621062755585e-04,5.066922616958618164e+01
-3.270046412944793701e-02,-7.752015441656112671e-02,5.005066050216555595e-04,5.067418122291564941e+01
-3.270401060581207275e-02,-7.753255218267440796e-02,4.936594050377607346e-04,5.067923998832702637e+01
-3.270916640758514404e-02,-7.754911482334136963e-02,4.872559220530092716e-04,5.068417310714721680e+01
-3.271465376019477844e-02,-7.756814360618591309e-02,4.776712739840149879e-04,5.068919610977172852e+01
-3.272056207060813904e-02,-7.758807390928268433e-02,4.653077921830117702e-04,5.069443607330322266e+01
-3.272674232721328735e-02,-7.760242372751235962e-02,4.549576551653444767e-04,5.069931101799011230e+01
-3.273319825530052185e-02,-7.761945575475692749e-02,4.413795250002294779e-04,5.070423316955566406e+01
-3.273974731564521790e-02,-7.763810455799102783e-02,4.224349977448582649e-04,5.070926618576049805e+01
-3.266645595431327820e-02,-7.750331610441207886e-02,4.916006000712513924e-04,5.071432209014892578e+01
-3.267028555274009705e-02,-7.751221209764480591e-02,4.792721010744571686e-04,5.071932721138000488e+01
-3.267428278923034668e-02,-7.752189040184020996e-02,4.652463248930871487e-04,5.072429108619689941e+01
-3.268043324351310730e-02,-7.753264158964157104e-02,4.540149820968508720e-04,5.072944712638854980e+01
-3.268656879663467407e-02,-7.754463702440261841e-02,4.393176059238612652e-04,5.073428320884704590e+01
-3.269325196743011475e-02,-7.755815982818603516e-02,4.223380237817764282e-04,5.073936009407043457e+01
-3.265251219272613525e-02,-7.748650759458541870e-02,5.482455599121749401e-04,5.074441599845886230e+01
-3.265850245952606201e-02,-7.749566435813903809e-02,5.428501754067838192e-04,5.074926304817199707e+01
-3.266522660851478577e-02,-7.750575244426727295e-02,5.370199214667081833e-04,5.075431108474731445e+01
-3.266729414463043213e-02,-7.751761376857757568e-02,5.634133121930062771e-04,5.075956106185913086e+01
-3.267311304807662964e-02,-7.753013074398040771e-02,5.630669184029102325e-04,5.076451706886291504e+01
-3.267928957939147949e-02,-7.754433900117874146e-02,5.652594263665378094e-04,5.076944518089294434e+01
-3.268569707870483398e-02,-7.755926996469497681e-02,5.689976969733834267e-04,5.077444720268249512e+01
-3.259974345564842224e-02,-7.757948338985443115e-02,4.580318927764892578e-04,5.077944421768188477e+01
-3.260344266891479492e-02,-7.759225368499755859e-02,4.515883047133684158e-04,5.078446221351623535e+01
-3.260758891701698303e-02,-7.760511338710784912e-02,4.436501476448029280e-04,5.078945207595825195e+01
-3.261250257492065430e-02,-7.761483639478683472e-02,4.367259680293500423e-04,5.079505109786987305e+01
-3.261855989694595337e-02,-7.762749493122100830e-02,4.293490783311426640e-04,5.079957699775695801e+01
-3.262544423341751099e-02,-7.763952761888504028e-02,4.214748914819210768e-04,5.080450510978698730e+01
-3.263125196099281311e-02,-7.765407860279083252e-02,4.133094043936580420e-04,5.080944299697875977e+01
-3.256301209330558777e-02,-7.755019515752792358e-02,4.829179379157721996e-04,5.081445407867431641e+01
-3.256536275148391724e-02,-7.756511867046356201e-02,4.735067777801305056e-04,5.081946921348571777e+01
-3.256766870617866516e-02,-7.757510989904403687e-02,4.673956718761473894e-04,5.082450914382934570e+01
-3.257037699222564697e-02,-7.759128510951995850e-02,4.616519436240196228e-04,5.082972908020019531e+01
-3.257352486252784729e-02,-7.760826498270034790e-02,4.584181297104805708e-04,5.083441400527954102e+01
-3.257706761360168457e-02,-7.762648165225982666e-02,4.549214500002563000e-04,5.083955216407775879e+01
-3.258084133267402649e-02,-7.764556258916854858e-02,4.515459295362234116e-04,5.084445905685424805e+01
-3.252021223306655884e-02,-7.753789424896240234e-02,4.920442588627338409e-04,5.084969401359558105e+01
-3.252084925770759583e-02,-7.754837721586227417e-02,4.830347897950559855e-04,5.085450720787048340e+01
-3.252156078815460205e-02,-7.755960524082183838e-02,4.683637234847992659e-04,5.085972714424133301e+01
-3.252261877059936523e-02,-7.757067680358886719e-02,4.549701116047799587e-04,5.086471509933471680e+01
-3.252397477626800537e-02,-7.758016139268875122e-02,4.419016186147928238e-04,5.086955118179321289e+01
-3.252572193741798401e-02,-7.759419828653335571e-02,4.281451692804694176e-04,5.087454819679260254e+01
-3.251488134264945984e-02,-7.748533785343170166e-02,5.251209367997944355e-04,5.087961721420288086e+01
-3.251667320728302002e-02,-7.748773694038391113e-02,5.127180484123528004e-04,5.088460111618041992e+01
-3.251858800649642944e-02,-7.749577611684799194e-02,5.003884434700012207e-04,5.088961100578308105e+01
-3.252034261822700500e-02,-7.750187814235687256e-02,4.836037405766546726e-04,5.089479708671569824e+01
-3.252221643924713135e-02,-7.750876247882843018e-02,4.647328751161694527e-04,5.089966416358947754e+01
-3.252411261200904846e-02,-7.751673460006713867e-02,4.405532381497323513e-04,5.090446901321411133e+01
-3.250322490930557251e-02,-7.745844870805740356e-02,6.389795453287661076e-04,5.090969514846801758e+01
-3.250429779291152954e-02,-7.746607065200805664e-02,6.358944810926914215e-04,5.091462922096252441e+01
-3.250598907470703125e-02,-7.748006284236907959e-02,6.325276335701346397e-04,5.091975402832031250e+01
-3.250801935791969299e-02,-7.749240845441818237e-02,6.297272047959268093e-04,5.092468309402465820e+01
-3.251047059893608093e-02,-7.750711590051651001e-02,6.268121069297194481e-04,5.092983317375183105e+01
-3.251303732395172119e-02,-7.752129435539245605e-02,6.219891365617513657e-04,5.093465304374694824e+01
-3.251583129167556763e-02,-7.753718644380569458e-02,6.166080129332840443e-04,5.093971920013427734e+01
-3.250646963715553284e-02,-7.746101915836334229e-02,5.966778844594955444e-04,5.094470715522766113e+01
-3.250997513532638550e-02,-7.746917009353637695e-02,5.908154416829347610e-04,5.094970703125000000e+01
-3.251345828175544739e-02,-7.747935503721237183e-02,5.804935353808104992e-04,5.095467805862426758e+01
-3.251729533076286316e-02,-7.748918235301971436e-02,5.698292516171932220e-04,5.095988702774047852e+01
-3.252118825912475586e-02,-7.749965041875839233e-02,5.576044204644858837e-04,5.096477913856506348e+01
-3.252517431974411011e-02,-7.751215249300003052e-02,5.451229517348110676e-04,5.096969819068908691e+01
-3.252935409545898438e-02,-7.752523571252822876e-02,5.320926429703831673e-04,5.097463107109069824e+01
-3.245963901281356812e-02,-7.749561220407485962e-02,5.971435457468032837e-04,5.097969007492065430e+01
-3.245708718895912170e-02,-7.751358300447463989e-02,5.878931260667741299e-04,5.098476600646972656e+01
-3.245593979954719543e-02,-7.752754539251327515e-02,5.792236188426613808e-04,5.098993015289306641e+01
-3.245445713400840759e-02,-7.754030823707580566e-02,5.703347269445657730e-04,5.099478816986083984e+01
-3.245561942458152771e-02,-7.754507660865783691e-02,5.613387329503893852e-04,5.099985098838806152e+01
-3.245572745800018311e-02,-7.755468785762786865e-02,5.521051352843642235e-04,5.100483202934265137e+01
-3.252242505550384521e-02,-7.743044197559356689e-02,6.437792908400297165e-04,5.100983309745788574e+01
-3.253038600087165833e-02,-7.744041830301284790e-02,6.373777287080883980e-04,5.101482915878295898e+01
-3.253911435604095459e-02,-7.745002210140228271e-02,6.286550778895616531e-04,5.101983714103698730e+01
-3.254814445972442627e-02,-7.746117562055587769e-02,6.203321972861886024e-04,5.102469706535339355e+01
-3.255745768547058105e-02,-7.747559249401092529e-02,6.102730985730886459e-04,5.103018617630004883e+01
-3.256749361753463745e-02,-7.749043405055999756e-02,5.997151019982993603e-04,5.103479504585266113e+01
-3.257842361927032471e-02,-7.750591635704040527e-02,5.902723642066121101e-04,5.103984618186950684e+01
-3.247500583529472351e-02,-7.741545140743255615e-02,6.463455501943826675e-04,5.104485106468200684e+01
-3.247693926095962524e-02,-7.742165029048919678e-02,6.334196077659726143e-04,5.104997611045837402e+01
-3.248106688261032104e-02,-7.743408530950546265e-02,6.193483714014291763e-04,5.105489110946655273e+01
-3.248524665832519531e-02,-7.744719833135604858e-02,6.027881754562258720e-04,5.106015300750732422e+01
-3.248933702707290649e-02,-7.746299356222152710e-02,5.828030989505350590e-04,5.106496405601501465e+01
-3.249335289001464844e-02,-7.747980207204818726e-02,5.632878164760768414e-04,5.106996607780456543e+01
-3.249758109450340271e-02,-7.749959081411361694e-02,5.436050705611705780e-04,5.107493114471435547e+01
-3.245070204138755798e-02,-7.739528268575668335e-02,7.334523834288120270e-04,5.108003902435302734e+01
-3.245307505130767822e-02,-7.741010189056396484e-02,7.410150137729942799e-04,5.108493804931640625e+01
-3.245570883154869080e-02,-7.742566615343093872e-02,7.501832442358136177e-04,5.108999419212341309e+01
-3.245980292558670044e-02,-7.743266969919204712e-02,7.547229179181158543e-04,5.109519910812377930e+01
-3.246426954865455627e-02,-7.744476944208145142e-02,7.605925202369689941e-04,5.110020017623901367e+01
-3.246942535042762756e-02,-7.745655626058578491e-02,7.648154860362410545e-04,5.110500216484069824e+01
-3.242952376604080200e-02,-7.733822613954544067e-02,6.953171687200665474e-04,5.111011505126953125e+01
-3.243204206228256226e-02,-7.734540104866027832e-02,6.935879937373101711e-04,5.111495709419250488e+01
-3.243452683091163635e-02,-7.735253870487213135e-02,6.946137291379272938e-04,5.112016320228576660e+01
-3.243717178702354431e-02,-7.735993713140487671e-02,6.980512989684939384e-04,5.112498617172241211e+01
-3.243706375360488892e-02,-7.737081497907638550e-02,6.880197906866669655e-04,5.113011717796325684e+01
-3.243790939450263977e-02,-7.738017290830612183e-02,6.820417474955320358e-04,5.113507604598999023e+01
-3.243842720985412598e-02,-7.739039510488510132e-02,6.740410462953150272e-04,5.114014720916748047e+01
-3.240712359547615051e-02,-7.732403278350830078e-02,7.445633527822792530e-04,5.114499402046203613e+01
-3.240973129868507385e-02,-7.733229547739028931e-02,7.447252282872796059e-04,5.115010905265808105e+01
-3.241306543350219727e-02,-7.734082639217376709e-02,7.457646424882113934e-04,5.115502214431762695e+01
-3.241425380110740662e-02,-7.734683901071548462e-02,7.571273599751293659e-04,5.116059708595275879e+01
-3.241679817438125610e-02,-7.735407352447509766e-02,7.593081681989133358e-04,5.116520214080810547e+01
-3.241935744881629944e-02,-7.735983282327651978e-02,7.615921203978359699e-04,5.117001914978027344e+01
-3.242358565330505371e-02,-7.736407220363616943e-02,7.594855851493775845e-04,5.117555499076843262e+01
-3.241885825991630554e-02,-7.729370146989822388e-02,8.040881948545575142e-04,5.118012809753417969e+01
-3.242375329136848450e-02,-7.730260491371154785e-02,8.116287062875926495e-04,5.118517899513244629e+01
-3.242671489715576172e-02,-7.731527090072631836e-02,8.102600695565342903e-04,5.119023513793945312e+01
-3.243130818009376526e-02,-7.732637226581573486e-02,8.139185956679284573e-04,5.119530415534973145e+01
-3.243621811270713806e-02,-7.733868062496185303e-02,8.177385316230356693e-04,5.120020604133605957e+01
-3.244140371680259705e-02,-7.735235989093780518e-02,8.219720330089330673e-04,5.120513415336608887e+01
-3.244652599096298218e-02,-7.736729830503463745e-02,8.181578014045953751e-04,5.121020603179931641e+01
-3.236917406320571899e-02,-7.723543792963027954e-02,7.358925649896264076e-04,5.121515107154846191e+01
-3.236971050500869751e-02,-7.724319398403167725e-02,7.288596825674176216e-04,5.122024822235107422e+01
-3.237022086977958679e-02,-7.724527269601821899e-02,7.242825813591480255e-04,5.122519421577453613e+01
-3.237100690603256226e-02,-7.725306600332260132e-02,7.169174496084451675e-04,5.123032116889953613e+01
-3.237204626202583313e-02,-7.726203650236129761e-02,7.108669960871338844e-04,5.123515009880065918e+01
-3.237367793917655945e-02,-7.727482169866561890e-02,7.071869331412017345e-04,5.124024105072021484e+01
-3.232727572321891785e-02,-7.731755077838897705e-02,5.866058054380118847e-04,5.124516320228576660e+01
-3.232762590050697327e-02,-7.732427120208740234e-02,5.706236697733402252e-04,5.125031805038452148e+01
-3.232847154140472412e-02,-7.734298706054687500e-02,5.555696552619338036e-04,5.125529503822326660e+01
-3.232908993959426880e-02,-7.735579460859298706e-02,5.410625017248094082e-04,5.126049613952636719e+01
-3.232983499765396118e-02,-7.737042754888534546e-02,5.281366175040602684e-04,5.126542711257934570e+01
-3.233057633042335510e-02,-7.738249003887176514e-02,5.198619328439235687e-04,5.127027010917663574e+01
-3.233140334486961365e-02,-7.739768922328948975e-02,5.085185985080897808e-04,5.127530503273010254e+01
-3.232182562351226807e-02,-7.737535238265991211e-02,5.355146131478250027e-04,5.128023409843444824e+01
-3.232103958725929260e-02,-7.738214731216430664e-02,5.218069418333470821e-04,5.128549313545227051e+01
-3.232089057564735413e-02,-7.739537209272384644e-02,5.088409525342285633e-04,5.129039812088012695e+01
-3.232119232416152954e-02,-7.740944623947143555e-02,4.968236899003386497e-04,5.129548406600952148e+01
-3.232177346944808960e-02,-7.742469757795333862e-02,4.854027356486767530e-04,5.130038714408874512e+01
-3.232223913073539734e-02,-7.743997871875762939e-02,4.614180070348083973e-04,5.130530810356140137e+01
-3.229427710175514221e-02,-7.726114988327026367e-02,6.573789869435131550e-04,5.131039905548095703e+01
-3.229406103491783142e-02,-7.727459073066711426e-02,6.443646852858364582e-04,5.131520104408264160e+01
-3.229364752769470215e-02,-7.729169726371765137e-02,6.189149571582674980e-04,5.132051110267639160e+01
-3.229326009750366211e-02,-7.730680704116821289e-02,5.999147542752325535e-04,5.132538700103759766e+01
-3.229289129376411438e-02,-7.732123881578445435e-02,5.786928813904523849e-04,5.133045721054077148e+01
-3.229270502924919128e-02,-7.733020931482315063e-02,5.641030147671699524e-04,5.133538222312927246e+01
-3.229277208447456360e-02,-7.734306156635284424e-02,5.452483892440795898e-04,5.134052920341491699e+01
-3.221810609102249146e-02,-7.734057307243347168e-02,5.678231827914714813e-04,5.134539318084716797e+01
-3.221412748098373413e-02,-7.736255973577499390e-02,5.585206672549247742e-04,5.135047101974487305e+01
-3.221043199300765991e-02,-7.738075405359268188e-02,5.469977622851729393e-04,5.135544109344482422e+01
-3.220729157328605652e-02,-7.740047574043273926e-02,5.328550469130277634e-04,5.136058402061462402e+01
-3.220420330762863159e-02,-7.741617411375045776e-02,5.122302682138979435e-04,5.136545801162719727e+01
-3.220165148377418518e-02,-7.743585854768753052e-02,4.940541111864149570e-04,5.137046313285827637e+01
-3.223924711346626282e-02,-7.729361951351165771e-02,5.565897445194423199e-04,5.137543106079101562e+01
-3.224087134003639221e-02,-7.730650156736373901e-02,5.389525322243571281e-04,5.138058519363403320e+01
-3.224298730492591858e-02,-7.732374966144561768e-02,5.263331695459783077e-04,5.138555717468261719e+01
-3.224498778581619263e-02,-7.733883708715438843e-02,5.117299733683466911e-04,5.139057803153991699e+01
-3.224690631031990051e-02,-7.735490053892135620e-02,4.971197922714054585e-04,5.139562511444091797e+01
-3.224872797727584839e-02,-7.736785709857940674e-02,4.818026500288397074e-04,5.140059018135070801e+01
-3.225092217326164246e-02,-7.738370448350906372e-02,4.650329938158392906e-04,5.140555000305175781e+01
-3.222474828362464905e-02,-7.729177176952362061e-02,5.905999569222331047e-04,5.141050314903259277e+01
-3.222696855664253235e-02,-7.730951160192489624e-02,5.802233354188501835e-04,5.141545510292053223e+01
-3.222898021340370178e-02,-7.732295989990234375e-02,5.735143786296248436e-04,5.142059206962585449e+01
-3.223112225532531738e-02,-7.733768969774246216e-02,5.674479180015623569e-04,5.142569303512573242e+01
-3.223152086138725281e-02,-7.734680920839309692e-02,5.655794520862400532e-04,5.143056011199951172e+01
-3.223222866654396057e-02,-7.735985517501831055e-02,5.608955980278551579e-04,5.143549108505249023e+01
-3.223246335983276367e-02,-7.737290114164352417e-02,5.567348562180995941e-04,5.144058799743652344e+01
-3.223146498203277588e-02,-7.726813107728958130e-02,6.132299313321709633e-04,5.144555616378784180e+01
-3.223089873790740967e-02,-7.727713137865066528e-02,6.033263052813708782e-04,5.145065999031066895e+01
-3.223070129752159119e-02,-7.728692889213562012e-02,5.870960885658860207e-04,5.145562815666198730e+01
-3.223073482513427734e-02,-7.729753851890563965e-02,5.682209739461541176e-04,5.146083998680114746e+01
-3.223101794719696045e-02,-7.730676978826522827e-02,5.632828106172382832e-04,5.146558308601379395e+01
-3.223151341080665588e-02,-7.731943577527999878e-02,5.547056207433342934e-04,5.147063803672790527e+01
-3.224088996648788452e-02,-7.727075368165969849e-02,6.292704492807388306e-04,5.147563815116882324e+01
-3.224325180053710938e-02,-7.727964967489242554e-02,6.292117177508771420e-04,5.148064398765563965e+01
-3.224575892090797424e-02,-7.728946954011917114e-02,6.225081160664558411e-04,5.148563599586486816e+01
-3.224845975637435913e-02,-7.730139791965484619e-02,6.132815615274012089e-04,5.149065208435058594e+01
-3.225126489996910095e-02,-7.731708139181137085e-02,5.945288576185703278e-04,5.149577617645263672e+01
-3.225430846214294434e-02,-7.733248174190521240e-02,5.774506134912371635e-04,5.150066709518432617e+01
-3.225738182663917542e-02,-7.734803110361099243e-02,5.571389338001608849e-04,5.150568699836730957e+01
-3.224937245249748230e-02,-7.727982103824615479e-02,6.496965070255100727e-04,5.151067113876342773e+01
-3.225041180849075317e-02,-7.729086279869079590e-02,6.372322677634656429e-04,5.151570701599121094e+01
-3.225203230977058411e-02,-7.730187475681304932e-02,6.220935611054301262e-04,5.152085208892822266e+01
-3.225412964820861816e-02,-7.731722295284271240e-02,6.052429089322686195e-04,5.152579212188720703e+01
-3.225627169013023376e-02,-7.733167707920074463e-02,5.877699004486203194e-04,5.153093504905700684e+01
-3.225851058959960938e-02,-7.734701037406921387e-02,5.702482885681092739e-04,5.153580021858215332e+01
-3.226097673177719116e-02,-7.736299932003021240e-02,5.503320135176181793e-04,5.154092216491699219e+01
-3.224940598011016846e-02,-7.734595239162445068e-02,6.746744038537144661e-04,5.154573202133178711e+01
-3.225062787532806396e-02,-7.736308127641677856e-02,6.653322489000856876e-04,5.155091404914855957e+01
-3.225193917751312256e-02,-7.738234102725982666e-02,6.557212909683585167e-04,5.155580806732177734e+01
-3.225319460034370422e-02,-7.740055769681930542e-02,6.475180853158235550e-04,5.156094908714294434e+01
-3.225456178188323975e-02,-7.742056250572204590e-02,6.373099749907851219e-04,5.156579804420471191e+01
-3.225618600845336914e-02,-7.744129747152328491e-02,6.271101301535964012e-04,5.157084608078002930e+01
-3.225793689489364624e-02,-7.745940238237380981e-02,6.171010318212211132e-04,5.157669305801391602e+01
-3.224460035562515259e-02,-7.741733640432357788e-02,6.971340044401586056e-04,5.158090305328369141e+01
-3.224493563175201416e-02,-7.743091881275177002e-02,6.904264446347951889e-04,5.158666110038757324e+01
-3.224533796310424805e-02,-7.744902372360229492e-02,6.739602540619671345e-04,5.159110522270202637e+01
-3.224603459239006042e-02,-7.746684551239013672e-02,6.628379342146217823e-04,5.159681916236877441e+01
-3.224701806902885437e-02,-7.748782634735107422e-02,6.510553066618740559e-04,5.160092616081237793e+01
-3.225018456578254700e-02,-7.751148194074630737e-02,6.479492294602096081e-04,5.160656499862670898e+01
-3.222516179084777832e-02,-7.739138603210449219e-02,6.076316349208354950e-04,5.161092519760131836e+01
-3.222778066992759705e-02,-7.740005850791931152e-02,5.998704582452774048e-04,5.161618518829345703e+01
-3.222593665122985840e-02,-7.740616053342819214e-02,5.846135900355875492e-04,5.162093019485473633e+01
-3.222655132412910461e-02,-7.741471379995346069e-02,5.696098669432103634e-04,5.162665510177612305e+01
-3.222678974270820618e-02,-7.742280513048171997e-02,5.518325488083064556e-04,5.163105320930480957e+01
-3.222659975290298462e-02,-7.743009179830551147e-02,5.304033402353525162e-04,5.163590908050537109e+01
-3.222903609275817871e-02,-7.744139432907104492e-02,5.191801465116441250e-04,5.164086008071899414e+01
-3.220183029770851135e-02,-7.740479707717895508e-02,6.371755152940750122e-04,5.164581418037414551e+01
-3.220022842288017273e-02,-7.740629464387893677e-02,6.326743168756365776e-04,5.165106511116027832e+01
-3.219904378056526184e-02,-7.740778475999832153e-02,6.341382977552711964e-04,5.165611600875854492e+01
-3.219796344637870789e-02,-7.741231471300125122e-02,6.306455470621585846e-04,5.166115117073059082e+01
-3.219705820083618164e-02,-7.741916179656982422e-02,6.280427915044128895e-04,5.166600799560546875e+01
-3.219678625464439392e-02,-7.743465900421142578e-02,6.269045406952500343e-04,5.167100405693054199e+01
-3.216697275638580322e-02,-7.740198820829391479e-02,5.004730774089694023e-04,5.167613005638122559e+01
-3.216655924916267395e-02,-7.740639895200729370e-02,4.928788403049111366e-04,5.168111610412597656e+01
-3.216912597417831421e-02,-7.741430401802062988e-02,4.859430773649364710e-04,5.168610310554504395e+01
-3.217082098126411438e-02,-7.742019742727279663e-02,4.794834239874035120e-04,5.169112014770507812e+01
-3.217314183712005615e-02,-7.742579281330108643e-02,4.738224379252642393e-04,5.169643306732177734e+01
-3.217434510588645935e-02,-7.743029296398162842e-02,4.691382928285747766e-04,5.170113110542297363e+01
-3.213799372315406799e-02,-7.745687663555145264e-02,4.090171423740684986e-04,5.170618009567260742e+01
-3.213714063167572021e-02,-7.746314257383346558e-02,3.974276769440621138e-04,5.171130108833312988e+01
-3.213638439774513245e-02,-7.746941596269607544e-02,3.850103821605443954e-04,5.171619510650634766e+01
-3.213571384549140930e-02,-7.747466862201690674e-02,3.679868241306394339e-04,5.172108411788940430e+01
-3.213566169142723083e-02,-7.748197019100189209e-02,3.537567099556326866e-04,5.172675919532775879e+01
-3.213581442832946777e-02,-7.748813182115554810e-02,3.392595390323549509e-04,5.173125004768371582e+01
-3.213600069284439087e-02,-7.749295234680175781e-02,3.292830951977521181e-04,5.173678517341613770e+01
-3.213616460561752319e-02,-7.749867439270019531e-02,3.169563133269548416e-04,5.174109101295471191e+01
-3.198028728365898132e-02,-7.749769091606140137e-02,2.170177176594734192e-04,5.174678802490234375e+01
-3.197515755891799927e-02,-7.750865072011947632e-02,2.068196190521121025e-04,5.175124311447143555e+01
-3.197035565972328186e-02,-7.752486318349838257e-02,1.970991579582914710e-04,5.175693202018737793e+01
-3.196572512388229370e-02,-7.754211127758026123e-02,1.911392901092767715e-04,5.176138401031494141e+01
-3.196286037564277649e-02,-7.755925506353378296e-02,1.868044055299833417e-04,5.176687312126159668e+01
-3.195983916521072388e-02,-7.757739722728729248e-02,1.823693746700882912e-04,5.177126908302307129e+01
-3.189520910382270813e-02,-7.747311890125274658e-02,1.134209596784785390e-04,5.177694916725158691e+01
-3.189305588603019714e-02,-7.748503237962722778e-02,1.027901816996745765e-04,5.178127503395080566e+01
-3.189102560281753540e-02,-7.749292254447937012e-02,8.415110642090439796e-05,5.178699111938476562e+01
-3.188977390527725220e-02,-7.750136405229568481e-02,6.540911272168159485e-05,5.179127311706542969e+01
-3.188752010464668274e-02,-7.750888168811798096e-02,4.637438541976734996e-05,5.179683709144592285e+01
-3.188627213239669800e-02,-7.751865684986114502e-02,2.709785258048214018e-05,5.180120611190795898e+01
-3.188512846827507019e-02,-7.752873003482818604e-02,7.907959115982521325e-06,5.180621409416198730e+01
-3.238719701766967773e-02,-7.796965539455413818e-02,-6.135935545898973942e-04,5.181141018867492676e+01
-3.238970786333084106e-02,-7.798471301794052124e-02,-6.362927961163222790e-04,5.181679415702819824e+01
-3.239233419299125671e-02,-7.800191640853881836e-02,-6.559169851243495941e-04,5.182130908966064453e+01
-3.239497914910316467e-02,-7.801993936300277710e-02,-6.754052010364830494e-04,5.182693505287170410e+01
-3.239767625927925110e-02,-7.803677022457122803e-02,-6.941805477254092693e-04,5.183139204978942871e+01
-3.240033239126205444e-02,-7.805517315864562988e-02,-7.147375144995748997e-04,5.183675312995910645e+01
-3.240282461047172546e-02,-7.807516306638717651e-02,-7.365343626588582993e-04,5.184138011932373047e+01
-3.243268653750419617e-02,-7.807581126689910889e-02,-1.243139500729739666e-03,5.184669208526611328e+01
-3.243365883827209473e-02,-7.808181643486022949e-02,-1.252702670171856880e-03,5.185147905349731445e+01
-3.243451192975044250e-02,-7.808763533830642700e-02,-1.262310193851590157e-03,5.185669612884521484e+01
-3.243546932935714722e-02,-7.809533178806304932e-02,-1.267138286493718624e-03,5.186159110069274902e+01
-3.243623673915863037e-02,-7.810243964195251465e-02,-1.275265007279813290e-03,5.186656904220581055e+01
-3.243701532483100891e-02,-7.810987532138824463e-02,-1.282551209442317486e-03,5.187146210670471191e+01
-3.243786841630935669e-02,-7.812137901782989502e-02,-1.293937792070209980e-03,5.187671017646789551e+01
-3.246871009469032288e-02,-7.802207022905349731e-02,-1.512316754087805748e-03,5.188146305084228516e+01
-3.247319534420967102e-02,-7.803350687026977539e-02,-1.525819185189902782e-03,5.188693213462829590e+01
-3.247758373618125916e-02,-7.804705202579498291e-02,-1.539762713946402073e-03,5.189137220382690430e+01
-3.248169273138046265e-02,-7.805649936199188232e-02,-1.555267837829887867e-03,5.189670014381408691e+01
-3.248596936464309692e-02,-7.806822657585144043e-02,-1.566749415360391140e-03,5.190153121948242188e+01
-3.249020874500274658e-02,-7.807990908622741699e-02,-1.575056114234030247e-03,5.190682005882263184e+01
-3.250278532505035400e-02,-7.804716378450393677e-02,-1.497897668741643429e-03,5.191153717041015625e+01
-3.250395506620407104e-02,-7.806039601564407349e-02,-1.512544113211333752e-03,5.191680812835693359e+01
-3.250453248620033264e-02,-7.807438075542449951e-02,-1.530935056507587433e-03,5.192154717445373535e+01
-3.250696137547492981e-02,-7.808139920234680176e-02,-1.556886127218604088e-03,5.192698621749877930e+01
-3.250808268785476685e-02,-7.809448242187500000e-02,-1.577567425556480885e-03,5.193159914016723633e+01
-3.250907734036445618e-02,-7.810813188552856445e-02,-1.599383191205561161e-03,5.193677711486816406e+01
-3.251032158732414246e-02,-7.812692970037460327e-02,-1.615522080101072788e-03,5.194160318374633789e+01
-3.255799412727355957e-02,-7.819272577762603760e-02,-1.622999669052660465e-03,5.194685316085815430e+01
-3.256074339151382446e-02,-7.820432633161544800e-02,-1.644424395635724068e-03,5.195159912109375000e+01
-3.256386145949363708e-02,-7.821983098983764648e-02,-1.662715920247137547e-03,5.195675206184387207e+01
-3.256676718592643738e-02,-7.823303341865539551e-02,-1.684412360191345215e-03,5.196182417869567871e+01
-3.256953880190849304e-02,-7.824639230966567993e-02,-1.706264563836157322e-03,5.196686005592346191e+01
-3.257200866937637329e-02,-7.825775444507598877e-02,-1.727778348140418530e-03,5.197183918952941895e+01
-3.257433325052261353e-02,-7.827178388833999634e-02,-1.750743598677217960e-03,5.197707104682922363e+01
-3.256627172231674194e-02,-7.829169929027557373e-02,-1.672239159233868122e-03,5.198153710365295410e+01
-3.256783261895179749e-02,-7.830730825662612915e-02,-1.685910043306648731e-03,5.198714303970336914e+01
-3.256915882229804993e-02,-7.832266390323638916e-02,-1.700176740996539593e-03,5.199186801910400391e+01
-3.257028758525848389e-02,-7.833821326494216919e-02,-1.713095582090318203e-03,5.199711108207702637e+01
-3.257121890783309937e-02,-7.835289835929870605e-02,-1.726010465063154697e-03,5.200179004669189453e+01
-3.257183730602264404e-02,-7.836271077394485474e-02,-1.738765160553157330e-03,5.200679206848144531e+01
-3.257486969232559204e-02,-7.841012626886367798e-02,-1.694668899290263653e-03,5.201170420646667480e+01
-3.257568180561065674e-02,-7.843232899904251099e-02,-1.704735448583960533e-03,5.201696705818176270e+01
-3.257681801915168762e-02,-7.846336066722869873e-02,-1.709734904579818249e-03,5.202172398567199707e+01
-3.257739916443824768e-02,-7.848896831274032593e-02,-1.720550935715436935e-03,5.202696204185485840e+01
-3.257770836353302002e-02,-7.851406931877136230e-02,-1.734183635562658310e-03,5.203160715103149414e+01
-3.257716447114944458e-02,-7.852901518344879150e-02,-1.756514888256788254e-03,5.203687620162963867e+01
-3.257676213979721069e-02,-7.855036109685897827e-02,-1.775616896338760853e-03,5.204170203208923340e+01
-3.240771219134330750e-02,-7.845393568277359009e-02,-1.749749761074781418e-03,5.204703617095947266e+01
-3.240051120519638062e-02,-7.847189158201217651e-02,-1.750644296407699585e-03,5.205164909362792969e+01
-3.239327669143676758e-02,-7.848747074604034424e-02,-1.757605583406984806e-03,5.205680704116821289e+01
-3.238622844219207764e-02,-7.850572466850280762e-02,-1.765459310263395309e-03,5.206193399429321289e+01
-3.237920626997947693e-02,-7.852657884359359741e-02,-1.773297321051359177e-03,5.206692409515380859e+01
-3.236943855881690979e-02,-7.854495197534561157e-02,-1.781982136890292168e-03,5.207179307937622070e+01
-3.235060349106788635e-02,-7.852983474731445312e-02,-1.777134137228131294e-03,5.207693815231323242e+01
-3.234433755278587341e-02,-7.854549586772918701e-02,-1.782585866749286652e-03,5.208192205429077148e+01
-3.234048932790756226e-02,-7.856659591197967529e-02,-1.789947971701622009e-03,5.208685016632080078e+01
-3.233452886343002319e-02,-7.858616858720779419e-02,-1.796138938516378403e-03,5.209179401397705078e+01
-3.232838958501815796e-02,-7.860720157623291016e-02,-1.802268787287175655e-03,5.209707021713256836e+01
-3.232187777757644653e-02,-7.862403243780136108e-02,-1.807026565074920654e-03,5.210186219215393066e+01
-3.231524303555488586e-02,-7.864473760128021240e-02,-1.812581205740571022e-03,5.210685515403747559e+01
-3.228527307510375977e-02,-7.864753156900405884e-02,-1.972881611436605453e-03,5.211186313629150391e+01
-3.228091821074485779e-02,-7.866240292787551880e-02,-1.985594164580106735e-03,5.211681008338928223e+01
-3.227634727954864502e-02,-7.867904752492904663e-02,-1.999585190787911415e-03,5.212193608283996582e+01
-3.227135539054870605e-02,-7.869561016559600830e-02,-2.015529433265328407e-03,5.212706398963928223e+01
-3.226741030812263489e-02,-7.870720326900482178e-02,-2.033685566857457161e-03,5.213200020790100098e+01
-3.226307034492492676e-02,-7.872222363948822021e-02,-2.051929943263530731e-03,5.213699722290039062e+01
-3.225903585553169250e-02,-7.873942703008651733e-02,-2.070074668154120445e-03,5.214202117919921875e+01
-3.230815753340721130e-02,-7.862709462642669678e-02,-1.964486669749021530e-03,5.214694404602050781e+01
-3.230692073702812195e-02,-7.862520962953567505e-02,-1.972500700503587723e-03,5.215205407142639160e+01
-3.230713307857513428e-02,-7.862588018178939819e-02,-1.981783192604780197e-03,5.215708804130554199e+01
-3.230651840567588806e-02,-7.862667739391326904e-02,-1.989758806303143501e-03,5.216208600997924805e+01
-3.230379521846771240e-02,-7.863068580627441406e-02,-1.994248013943433762e-03,5.216713213920593262e+01
-3.230080381035804749e-02,-7.863450050354003906e-02,-2.000378211960196495e-03,5.217205309867858887e+01
-3.224782273173332214e-02,-7.852291315793991089e-02,-1.842881203629076481e-03,5.217709517478942871e+01
-3.224552050232887268e-02,-7.853724807500839233e-02,-1.855704467743635178e-03,5.218201208114624023e+01
-3.224130347371101379e-02,-7.855119556188583374e-02,-1.868868363089859486e-03,5.218713617324829102e+01
-3.223676979541778564e-02,-7.856565713882446289e-02,-1.882254960946738720e-03,5.219206309318542480e+01
-3.223187476396560669e-02,-7.857665419578552246e-02,-1.889602397568523884e-03,5.219701814651489258e+01
-3.222671896219253540e-02,-7.859070599079132080e-02,-1.899652765132486820e-03,5.220200109481811523e+01
-3.224515169858932495e-02,-7.847964018583297729e-02,-1.722024404443800449e-03,5.220702409744262695e+01
-3.224151208996772766e-02,-7.849004864692687988e-02,-1.722702989354729652e-03,5.221214604377746582e+01
-3.223757073283195496e-02,-7.849806547164916992e-02,-1.719838357530534267e-03,5.221708703041076660e+01
-3.223330155014991760e-02,-7.850565761327743530e-02,-1.716152997687458992e-03,5.222210121154785156e+01
-3.223017975687980652e-02,-7.851289212703704834e-02,-1.714021549560129642e-03,5.222749304771423340e+01
-3.222639858722686768e-02,-7.852303981781005859e-02,-1.712750177830457687e-03,5.223209714889526367e+01
-3.222271054983139038e-02,-7.853284478187561035e-02,-1.711145858280360699e-03,5.223699021339416504e+01
-3.222363442182540894e-02,-7.841574400663375854e-02,-1.716584432870149612e-03,5.224205398559570312e+01
-3.221419826149940491e-02,-7.841997593641281128e-02,-1.716316095553338528e-03,5.224698519706726074e+01
-3.220741078257560730e-02,-7.842966169118881226e-02,-1.719151856377720833e-03,5.225198411941528320e+01
-3.219999372959136963e-02,-7.844216376543045044e-02,-1.721892855130136013e-03,5.225702500343322754e+01
-3.219379112124443054e-02,-7.845885306596755981e-02,-1.725655863992869854e-03,5.226221513748168945e+01
-3.218663111329078674e-02,-7.847550511360168457e-02,-1.729984418489038944e-03,5.226717400550842285e+01
-3.217909112572669983e-02,-7.849346101284027100e-02,-1.736068399623036385e-03,5.227225017547607422e+01
-3.217723220586776733e-02,-7.840310037136077881e-02,-1.771095092408359051e-03,5.227720212936401367e+01
-3.216911852359771729e-02,-7.841172814369201660e-02,-1.779240439645946026e-03,5.228215909004211426e+01
-3.216028958559036255e-02,-7.842247188091278076e-02,-1.788979512639343739e-03,5.228722715377807617e+01
-3.215074911713600159e-02,-7.843516021966934204e-02,-1.802508602850139141e-03,5.229214906692504883e+01
-3.214049711823463440e-02,-7.844825088977813721e-02,-1.816199044696986675e-03,5.229738306999206543e+01
-3.212947770953178406e-02,-7.846336066722869873e-02,-1.829834887757897377e-03,5.230219912528991699e+01
-3.217282146215438843e-02,-7.832874357700347900e-02,-1.670172554440796375e-03,5.230718517303466797e+01
-3.216617926955223083e-02,-7.833430171012878418e-02,-1.677337451837956905e-03,5.231225299835205078e+01
-3.215924650430679321e-02,-7.834080606698989868e-02,-1.682378933764994144e-03,5.231715011596679688e+01
-3.215190768241882324e-02,-7.834763079881668091e-02,-1.686369068920612335e-03,5.232218217849731445e+01
-3.214386478066444397e-02,-7.835369557142257690e-02,-1.695691025815904140e-03,5.232746005058288574e+01
-3.213546052575111389e-02,-7.835913449525833130e-02,-1.702752895653247833e-03,5.233227610588073730e+01
-3.212664276361465454e-02,-7.836602628231048584e-02,-1.712825149297714233e-03,5.233718013763427734e+01
-3.218080475926399231e-02,-7.835043966770172119e-02,-1.593223074451088905e-03,5.234228205680847168e+01
-3.217758983373641968e-02,-7.836058735847473145e-02,-1.595998415723443031e-03,5.234755110740661621e+01
-3.217387571930885315e-02,-7.837178558111190796e-02,-1.598995644599199295e-03,5.235236001014709473e+01
-3.216668963432312012e-02,-7.838516682386398315e-02,-1.603768672794103622e-03,5.235738110542297363e+01
-3.216009214520454407e-02,-7.839976251125335693e-02,-1.608067541383206844e-03,5.236248207092285156e+01
-3.215263038873672485e-02,-7.841672748327255249e-02,-1.612653373740613461e-03,5.236731314659118652e+01
-3.214599564671516418e-02,-7.843459397554397583e-02,-1.616474590264260769e-03,5.237236714363098145e+01
-3.214477002620697021e-02,-7.818382978439331055e-02,-1.501319929957389832e-03,5.237748408317565918e+01
-3.213812783360481262e-02,-7.818597555160522461e-02,-1.507520326413214207e-03,5.238234400749206543e+01
-3.213096782565116882e-02,-7.818856090307235718e-02,-1.519164303317666054e-03,5.238763904571533203e+01
-3.212347626686096191e-02,-7.819047570228576660e-02,-1.528010936453938484e-03,5.239243102073669434e+01
-3.211548179388046265e-02,-7.819122076034545898e-02,-1.539565040729939938e-03,5.239749217033386230e+01
-3.210693225264549255e-02,-7.819060236215591431e-02,-1.554315094836056232e-03,5.240240406990051270e+01
-3.216172382235527039e-02,-7.826517522335052490e-02,-1.508920802734792233e-03,5.240743708610534668e+01
-3.215636312961578369e-02,-7.826752960681915283e-02,-1.513420371338725090e-03,5.241244721412658691e+01
-3.215053305029869080e-02,-7.826870679855346680e-02,-1.517247757874429226e-03,5.241747713088989258e+01
-3.214432671666145325e-02,-7.826755195856094360e-02,-1.514163101091980934e-03,5.242249107360839844e+01
-3.213779255747795105e-02,-7.827063649892807007e-02,-1.516906311735510826e-03,5.242769002914428711e+01
-3.213087469339370728e-02,-7.827435433864593506e-02,-1.519131707027554512e-03,5.243246603012084961e+01
-3.212361782789230347e-02,-7.828415185213088989e-02,-1.526902196928858757e-03,5.243739104270935059e+01
-3.214219212532043457e-02,-7.826300710439682007e-02,-1.570422318764030933e-03,5.244240903854370117e+01
-3.213724493980407715e-02,-7.827294617891311646e-02,-1.587058999575674534e-03,5.244746208190917969e+01
-3.213144838809967041e-02,-7.828158885240554810e-02,-1.616026507690548897e-03,5.245250821113586426e+01
-3.212555870413780212e-02,-7.829263061285018921e-02,-1.638235989958047867e-03,5.245744419097900391e+01
-3.211921826004981995e-02,-7.830474525690078735e-02,-1.661426271311938763e-03,5.246271514892578125e+01
-3.211266919970512390e-02,-7.831861078739166260e-02,-1.675518695265054703e-03,5.246748805046081543e+01
-3.210556507110595703e-02,-7.833302766084671021e-02,-1.695831655524671078e-03,5.247258305549621582e+01
-3.212456777691841125e-02,-7.819133996963500977e-02,-1.498672063462436199e-03,5.247764921188354492e+01
-3.211959451436996460e-02,-7.819513976573944092e-02,-1.509039313532412052e-03,5.248250913619995117e+01
-3.211376443505287170e-02,-7.820001989603042603e-02,-1.520154997706413269e-03,5.248762106895446777e+01
-3.210733458399772644e-02,-7.820514589548110962e-02,-1.535098766908049583e-03,5.249271321296691895e+01
-3.210056945681571960e-02,-7.821115106344223022e-02,-1.549859531223773956e-03,5.249778413772583008e+01
-3.209103643894195557e-02,-7.822100818157196045e-02,-1.563857193104922771e-03,5.250258803367614746e+01
-3.210964426398277283e-02,-7.815733551979064941e-02,-1.384348608553409576e-03,5.250754904747009277e+01
-3.210273012518882751e-02,-7.816487550735473633e-02,-1.376646687276661396e-03,5.251259613037109375e+01
-3.209819644689559937e-02,-7.817575335502624512e-02,-1.369584118947386742e-03,5.251763319969177246e+01
-3.209115564823150635e-02,-7.818596065044403076e-02,-1.363166142255067825e-03,5.252258205413818359e+01
-3.208331391215324402e-02,-7.819817960262298584e-02,-1.358255161903798580e-03,5.252784800529479980e+01
-3.207661584019660950e-02,-7.821141183376312256e-02,-1.353747211396694183e-03,5.253271222114562988e+01
-3.206923976540565491e-02,-7.822625339031219482e-02,-1.351307961158454418e-03,5.253760910034179688e+01
-3.211348876357078552e-02,-7.810104638338088989e-02,-1.380409812554717064e-03,5.254260611534118652e+01
-3.210602328181266785e-02,-7.810548692941665649e-02,-1.388947828672826290e-03,5.254814505577087402e+01
-3.210048377513885498e-02,-7.811054587364196777e-02,-1.393869752064347267e-03,5.255274820327758789e+01
-3.209400177001953125e-02,-7.811611145734786987e-02,-1.398157910443842411e-03,5.255786204338073730e+01
-3.208851814270019531e-02,-7.812377810478210449e-02,-1.393722137436270714e-03,5.256283020973205566e+01
-3.208176419138908386e-02,-7.813169807195663452e-02,-1.393420505337417126e-03,5.256778407096862793e+01
-3.207461535930633545e-02,-7.814083248376846313e-02,-1.392751466482877731e-03,5.257272100448608398e+01
-3.209216147661209106e-02,-7.823379337787628174e-02,-1.413909136317670345e-03,5.257779216766357422e+01
-3.208624571561813354e-02,-7.824431359767913818e-02,-1.419928041286766529e-03,5.258266305923461914e+01
-3.207992017269134521e-02,-7.825588434934616089e-02,-1.421992084942758083e-03,5.258777618408203125e+01
-3.207318857312202454e-02,-7.826846837997436523e-02,-1.426494680345058441e-03,5.259284305572509766e+01
-3.206627070903778076e-02,-7.828497141599655151e-02,-1.431618817150592804e-03,5.259787917137145996e+01
-3.205885738134384155e-02,-7.830057293176651001e-02,-1.437062164768576622e-03,5.260260200500488281e+01
-3.209774196147918701e-02,-7.828563451766967773e-02,-1.440132036805152893e-03,5.260772013664245605e+01
-3.209258988499641418e-02,-7.829184830188751221e-02,-1.436706515960395336e-03,5.261271119117736816e+01
-3.208687528967857361e-02,-7.830134779214859009e-02,-1.437168801203370094e-03,5.261789107322692871e+01
-3.208063170313835144e-02,-7.831136882305145264e-02,-1.437486032955348492e-03,5.262285113334655762e+01
-3.207399696111679077e-02,-7.832625508308410645e-02,-1.442936947569251060e-03,5.262805914878845215e+01
-3.206686675548553467e-02,-7.833996415138244629e-02,-1.447183429263532162e-03,5.263284206390380859e+01
-3.205921500921249390e-02,-7.835383713245391846e-02,-1.452700351364910603e-03,5.263784313201904297e+01
-3.211435675621032715e-02,-7.840652018785476685e-02,-1.579226809553802013e-03,5.264280915260314941e+01
-3.210864216089248657e-02,-7.841876149177551270e-02,-1.586901606060564518e-03,5.264785909652709961e+01
-3.210252523422241211e-02,-7.843425869941711426e-02,-1.596058602444827557e-03,5.265285015106201172e+01
-3.209802135825157166e-02,-7.846086472272872925e-02,-1.603693934157490730e-03,5.265805006027221680e+01
-3.209188580513000488e-02,-7.848390936851501465e-02,-1.612132415175437927e-03,5.266291904449462891e+01
-3.208504244685173035e-02,-7.850763946771621704e-02,-1.622107229195535183e-03,5.266786003112792969e+01
-3.207745775580406189e-02,-7.853232324123382568e-02,-1.634471816942095757e-03,5.267279410362243652e+01
-3.211156278848648071e-02,-7.851289957761764526e-02,-1.663678092882037163e-03,5.267782902717590332e+01
-3.210831806063652039e-02,-7.852894812822341919e-02,-1.678121392615139484e-03,5.268285322189331055e+01
-3.210467100143432617e-02,-7.854474335908889771e-02,-1.693235710263252258e-03,5.268803000450134277e+01
-3.210039809346199036e-02,-7.855860143899917603e-02,-1.707873889245092869e-03,5.269309115409851074e+01
-3.209554404020309448e-02,-7.857472449541091919e-02,-1.726623857393860817e-03,5.269808316230773926e+01
-3.209006786346435547e-02,-7.859093695878982544e-02,-1.749093295074999332e-03,5.270298218727111816e+01
-3.208582475781440735e-02,-7.861001044511795044e-02,-1.774980104528367519e-03,5.270803117752075195e+01
-3.210192173719406128e-02,-7.866175472736358643e-02,-1.768961548805236816e-03,5.271298098564147949e+01
-3.209992498159408569e-02,-7.867760956287384033e-02,-1.772216404788196087e-03,5.271797919273376465e+01
-3.209559619426727295e-02,-7.869698852300643921e-02,-1.770304748788475990e-03,5.272298216819763184e+01
-3.209195658564567566e-02,-7.871568202972412109e-02,-1.774983480572700500e-03,5.272831702232360840e+01
-3.208788111805915833e-02,-7.873540371656417847e-02,-1.779619953595101833e-03,5.273299908638000488e+01
-3.208304569125175476e-02,-7.875307649374008179e-02,-1.791806658729910851e-03,5.273803400993347168e+01
-3.212245181202888489e-02,-7.858856022357940674e-02,-1.792137976735830307e-03,5.274300599098205566e+01
-3.211817517876625061e-02,-7.859633117914199829e-02,-1.799368532374501228e-03,5.274806308746337891e+01
-3.211328014731407166e-02,-7.860404998064041138e-02,-1.804597442969679832e-03,5.275311398506164551e+01
-3.210433572530746460e-02,-7.861020416021347046e-02,-1.812138129025697708e-03,5.275816607475280762e+01
-3.209663927555084229e-02,-7.861921191215515137e-02,-1.823808532208204269e-03,5.276325511932373047e+01
-3.208809345960617065e-02,-7.862816751003265381e-02,-1.838042866438627243e-03,5.276818513870239258e+01
-3.208038210868835449e-02,-7.863748818635940552e-02,-1.854462549090385437e-03,5.277313899993896484e+01
-3.210469707846641541e-02,-7.872486114501953125e-02,-1.829628250561654568e-03,5.277821803092956543e+01
-3.209803998470306396e-02,-7.874020934104919434e-02,-1.832294045016169548e-03,5.278314709663391113e+01
-3.209025040268898010e-02,-7.875085622072219849e-02,-1.840973971411585808e-03,5.278831815719604492e+01
-3.208216652274131775e-02,-7.876822352409362793e-02,-1.849082764238119125e-03,5.279326510429382324e+01
-3.207369148731231689e-02,-7.878818362951278687e-02,-1.859700307250022888e-03,5.279847717285156250e+01
-3.206489607691764832e-02,-7.881292700767517090e-02,-1.871792599558830261e-03,5.280304503440856934e+01
-3.207954391837120056e-02,-7.867152988910675049e-02,-1.873510540463030338e-03,5.280808520317077637e+01
-3.207172825932502747e-02,-7.867179065942764282e-02,-1.879037125036120415e-03,5.281303310394287109e+01
-3.206377848982810974e-02,-7.867603749036788940e-02,-1.875981921330094337e-03,5.281824302673339844e+01
-3.205509111285209656e-02,-7.868097722530364990e-02,-1.880893716588616371e-03,5.282315611839294434e+01
-3.204593807458877563e-02,-7.868822664022445679e-02,-1.888298895210027695e-03,5.282835602760314941e+01
-3.203637152910232544e-02,-7.869714498519897461e-02,-1.896604895591735840e-03,5.283312416076660156e+01
-3.202635422348976135e-02,-7.870312035083770752e-02,-1.897672074846923351e-03,5.283824205398559570e+01
-3.209729865193367004e-02,-7.885184139013290405e-02,-1.984375761821866035e-03,5.284312319755554199e+01
-3.209117799997329712e-02,-7.886829972267150879e-02,-1.996605191379785538e-03,5.284827804565429688e+01
-3.208475559949874878e-02,-7.888741046190261841e-02,-2.010298427194356918e-03,5.285312604904174805e+01
-3.207784518599510193e-02,-7.890611886978149414e-02,-2.023832174018025398e-03,5.285824108123779297e+01
-3.207048401236534119e-02,-7.892590761184692383e-02,-2.038067905232310295e-03,5.286327505111694336e+01
-3.206435963511466980e-02,-7.894457131624221802e-02,-2.049872186034917831e-03,5.286828804016113281e+01
-3.205754607915878296e-02,-7.896528393030166626e-02,-2.063341904431581497e-03,5.287312221527099609e+01
-3.210467100143432617e-02,-7.896683365106582642e-02,-2.046104287728667259e-03,5.287847304344177246e+01
-3.210074454545974731e-02,-7.898325473070144653e-02,-2.049400936812162399e-03,5.288328218460083008e+01
-3.209771215915679932e-02,-7.899924367666244507e-02,-2.055396791547536850e-03,5.288824605941772461e+01
-3.209431096911430359e-02,-7.901713252067565918e-02,-2.063330961391329765e-03,5.289340019226074219e+01
-3.209043294191360474e-02,-7.903590798377990723e-02,-2.074748044833540916e-03,5.289827513694763184e+01
-3.208612650632858276e-02,-7.905542105436325073e-02,-2.085436135530471802e-03,5.290340900421142578e+01
-3.210991248488426208e-02,-7.902728766202926636e-02,-2.089324174448847771e-03,5.290829300880432129e+01
-3.210761398077011108e-02,-7.903356850147247314e-02,-2.095839241519570351e-03,5.291340303421020508e+01
-3.210501000285148621e-02,-7.904395461082458496e-02,-2.096167299896478653e-03,5.291828608512878418e+01
-3.210171312093734741e-02,-7.905521988868713379e-02,-2.098452532663941383e-03,5.292328119277954102e+01
-3.209761902689933777e-02,-7.906655967235565186e-02,-2.102130325511097908e-03,5.292858314514160156e+01
-3.209269046783447266e-02,-7.907881587743759155e-02,-2.106558065861463547e-03,5.293327116966247559e+01
-3.208696097135543823e-02,-7.908871024847030640e-02,-2.108943182975053787e-03,5.293828606605529785e+01
-3.210018575191497803e-02,-7.909525930881500244e-02,-2.208425197750329971e-03,5.294326019287109375e+01
-3.209484741091728210e-02,-7.909793406724929810e-02,-2.215490676462650299e-03,5.294836306571960449e+01
-3.208929300308227539e-02,-7.910341024398803711e-02,-2.226054202765226364e-03,5.295340919494628906e+01
-3.208319097757339478e-02,-7.910887897014617920e-02,-2.237877808511257172e-03,5.295841503143310547e+01
-3.207660838961601257e-02,-7.911823689937591553e-02,-2.253529150038957596e-03,5.296333909034729004e+01
-3.206974267959594727e-02,-7.912708818912506104e-02,-2.267867559567093849e-03,5.296843099594116211e+01
-3.206263855099678040e-02,-7.913799583911895752e-02,-2.282413421198725700e-03,5.297341918945312500e+01
-3.209254890680313110e-02,-7.905366271734237671e-02,-2.211190294474363327e-03,5.297841310501098633e+01
-3.208829089999198914e-02,-7.905843853950500488e-02,-2.216221531853079796e-03,5.298336410522460938e+01
-3.208356350660324097e-02,-7.906170189380645752e-02,-2.218551468104124069e-03,5.298855710029602051e+01
-3.207777813076972961e-02,-7.905684411525726318e-02,-2.228005789220333099e-03,5.299362301826477051e+01
-3.207154572010040283e-02,-7.905684411525726318e-02,-2.234708983451128006e-03,5.299859619140625000e+01
-3.206463903188705444e-02,-7.905711978673934937e-02,-2.242840128019452095e-03,5.300342321395874023e+01
-3.211150318384170532e-02,-7.911420613527297974e-02,-2.230120822787284851e-03,5.300861620903015137e+01
-3.210699185729026794e-02,-7.912331819534301758e-02,-2.248812466859817505e-03,5.301325821876525879e+01
-3.210179135203361511e-02,-7.913026958703994751e-02,-2.262674039229750633e-03,5.301856899261474609e+01
-3.209602460265159607e-02,-7.913681864738464355e-02,-2.273436868563294411e-03,5.302352404594421387e+01
-3.209012746810913086e-02,-7.914274930953979492e-02,-2.271385630592703819e-03,5.302900314331054688e+01
-3.208385780453681946e-02,-7.914950698614120483e-02,-2.275148406624794006e-03,5.303354620933532715e+01
-3.207725659012794495e-02,-7.915513962507247925e-02,-2.278058324009180069e-03,5.303862810134887695e+01
-3.209559991955757141e-02,-7.910186797380447388e-02,-2.288201125338673592e-03,5.304353117942810059e+01
-3.209292143583297729e-02,-7.910864800214767456e-02,-2.302333945408463478e-03,5.304860305786132812e+01
-3.208934515714645386e-02,-7.911639660596847534e-02,-2.314437879249453545e-03,5.305350899696350098e+01
-3.208558633923530579e-02,-7.913386076688766479e-02,-2.318338723853230476e-03,5.305862116813659668e+01
-3.208079189062118530e-02,-7.914759218692779541e-02,-2.326977206394076347e-03,5.306367301940917969e+01
-3.207533806562423706e-02,-7.916226238012313843e-02,-2.335067605599761009e-03,5.306863307952880859e+01
-3.206888586282730103e-02,-7.917168736457824707e-02,-2.349134068936109543e-03,5.307352399826049805e+01
-3.210907801985740662e-02,-7.921390235424041748e-02,-2.294589532539248466e-03,5.307872819900512695e+01
-3.210534527897834778e-02,-7.922729849815368652e-02,-2.305527683347463608e-03,5.308370113372802734e+01
-3.210089355707168579e-02,-7.924147695302963257e-02,-2.315774792805314064e-03,5.308864116668701172e+01
-3.209614008665084839e-02,-7.925504446029663086e-02,-2.308451104909181595e-03,5.309380602836608887e+01
-3.209064900875091553e-02,-7.927095144987106323e-02,-2.314502838999032974e-03,5.309891319274902344e+01
-3.208477795124053955e-02,-7.928802073001861572e-02,-2.319867489859461784e-03,5.310370302200317383e+01
-3.207792714238166809e-02,-7.913307100534439087e-02,-2.302645705640316010e-03,5.310872101783752441e+01
-3.207212686538696289e-02,-7.913980633020401001e-02,-2.315825549885630608e-03,5.311373710632324219e+01
-3.206589445471763611e-02,-7.914675772190093994e-02,-2.330239163711667061e-03,5.311879420280456543e+01
-3.205906599760055542e-02,-7.914991676807403564e-02,-2.343449043110013008e-03,5.312372612953186035e+01
-3.205177187919616699e-02,-7.915743440389633179e-02,-2.360354643315076828e-03,5.312902998924255371e+01
-3.204381465911865234e-02,-7.916466146707534790e-02,-2.379745943471789360e-03,5.313370013236999512e+01
-3.203530609607696533e-02,-7.917298376560211182e-02,-2.401789417490363121e-03,5.313884115219116211e+01
-3.210647404193878174e-02,-7.923024147748947144e-02,-2.263779519125819206e-03,5.314376616477966309e+01
-3.210222721099853516e-02,-7.924134284257888794e-02,-2.258395077660679817e-03,5.314883017539978027e+01
-3.209762647747993469e-02,-7.925781607627868652e-02,-2.253552898764610291e-03,5.315376901626586914e+01
-3.209227323532104492e-02,-7.927053421735763550e-02,-2.248384291306138039e-03,5.315888118743896484e+01
-3.208635374903678894e-02,-7.928241044282913208e-02,-2.243546303361654282e-03,5.316388916969299316e+01
-3.207955136895179749e-02,-7.928578555583953857e-02,-2.240287605673074722e-03,5.316900610923767090e+01
-3.207262605428695679e-02,-7.929432392120361328e-02,-2.237233566120266914e-03,5.317388319969177246e+01
-3.208010643720626831e-02,-7.913865149021148682e-02,-2.272246172651648521e-03,5.317887210845947266e+01
-3.207034245133399963e-02,-7.913678139448165894e-02,-2.274771919474005699e-03,5.318387913703918457e+01
-3.205662220716476440e-02,-7.913570106029510498e-02,-2.280692569911479950e-03,5.318892121315002441e+01
-3.204442560672760010e-02,-7.913572341203689575e-02,-2.282925415784120560e-03,5.319399809837341309e+01
-3.203180059790611267e-02,-7.913627475500106812e-02,-2.286094008013606071e-03,5.319899606704711914e+01
-3.201989084482192993e-02,-7.913881540298461914e-02,-2.292238874360918999e-03,5.320386004447937012e+01
-3.209948539733886719e-02,-7.908836007118225098e-02,-2.164001343771815300e-03,5.320896410942077637e+01
-3.209564462304115295e-02,-7.909327745437622070e-02,-2.155689056962728500e-03,5.321389508247375488e+01
-3.209403529763221741e-02,-7.909928262233734131e-02,-2.154260175302624702e-03,5.321894311904907227e+01
-3.209099546074867249e-02,-7.910668849945068359e-02,-2.149776322767138481e-03,5.322380805015563965e+01
-3.208796307444572449e-02,-7.911559194326400757e-02,-2.145987004041671753e-03,5.322909116744995117e+01
-3.208331763744354248e-02,-7.912552356719970703e-02,-2.141717588528990746e-03,5.323391103744506836e+01
-3.207897022366523743e-02,-7.913666963577270508e-02,-2.139200223609805107e-03,5.323900413513183594e+01
-3.209639340639114380e-02,-7.907222211360931396e-02,-2.210980514064431190e-03,5.324398016929626465e+01
-3.209367021918296814e-02,-7.908041030168533325e-02,-2.217622473835945129e-03,5.324897503852844238e+01
-3.209060057997703552e-02,-7.908515632152557373e-02,-2.224038820713758469e-03,5.325391221046447754e+01
-3.208719938993453979e-02,-7.908824831247329712e-02,-2.231138292700052261e-03,5.325907206535339355e+01
-3.208315372467041016e-02,-7.909120619297027588e-02,-2.240536967292428017e-03,5.326406621932983398e+01
-3.207868710160255432e-02,-7.910035550594329834e-02,-2.250479534268379211e-03,5.326893711090087891e+01
-3.211573138833045959e-02,-7.902646809816360474e-02,-2.194137312471866608e-03,5.327389001846313477e+01
-3.211390599608421326e-02,-7.902674376964569092e-02,-2.202728530392050743e-03,5.327899312973022461e+01
-3.211177140474319458e-02,-7.902843505144119263e-02,-2.202830277383327484e-03,5.328405213356018066e+01
-3.210903704166412354e-02,-7.903021574020385742e-02,-2.208195859566330910e-03,5.328887701034545898e+01
-3.210598975419998169e-02,-7.903306931257247925e-02,-2.213317900896072388e-03,5.329415106773376465e+01
-3.210280463099479675e-02,-7.903975993394851685e-02,-2.215445972979068756e-03,5.329901814460754395e+01
-3.209900483489036560e-02,-7.904560118913650513e-02,-2.220491878688335419e-03,5.330407404899597168e+01
-3.210823982954025269e-02,-7.902506738901138306e-02,-2.184750745072960854e-03,5.330903720855712891e+01
-3.210439905524253845e-02,-7.903365790843963623e-02,-2.194921951740980148e-03,5.331402611732482910e+01
-3.209992498159408569e-02,-7.903978973627090454e-02,-2.206621225923299789e-03,5.331898999214172363e+01
-3.209496662020683289e-02,-7.904569804668426514e-02,-2.218324225395917892e-03,5.332408213615417480e+01
-3.208955004811286926e-02,-7.904966920614242554e-02,-2.226795535534620285e-03,5.332917404174804688e+01
-3.208376094698905945e-02,-7.905592769384384155e-02,-2.237509237602353096e-03,5.333403706550598145e+01
-3.207758441567420959e-02,-7.906276732683181763e-02,-2.248428994789719582e-03,5.333904719352722168e+01
-3.207877278327941895e-02,-7.902800291776657104e-02,-2.145556267350912094e-03,5.334408807754516602e+01
-3.207174688577651978e-02,-7.904659211635589600e-02,-2.150191925466060638e-03,5.334897112846374512e+01
-3.206560760736465454e-02,-7.905983924865722656e-02,-2.155506052076816559e-03,5.335402703285217285e+01
-3.205839172005653381e-02,-7.907359302043914795e-02,-2.164734527468681335e-03,5.335916399955749512e+01
-3.205314278602600098e-02,-7.908117771148681641e-02,-2.183084841817617416e-03,5.336420512199401855e+01
-3.204653784632682800e-02,-7.909276336431503296e-02,-2.198799047619104385e-03,5.336917519569396973e+01
-3.210571035742759705e-02,-7.908143848180770874e-02,-2.212079707533121109e-03,5.337413620948791504e+01
-3.210180252790451050e-02,-7.909695804119110107e-02,-2.226609038189053535e-03,5.337919521331787109e+01
-3.209930285811424255e-02,-7.910872995853424072e-02,-2.231277059763669968e-03,5.338420915603637695e+01
-3.209627792239189148e-02,-7.912030071020126343e-02,-2.236911794170737267e-03,5.338917207717895508e+01
-3.209253400564193726e-02,-7.912898808717727661e-02,-2.244659932330250740e-03,5.339439415931701660e+01
-3.208838775753974915e-02,-7.914055883884429932e-02,-2.252357546240091324e-03,5.339934921264648438e+01
-3.208373486995697021e-02,-7.915300875902175903e-02,-2.259513363242149353e-03,5.340418219566345215e+01
-3.209190815687179565e-02,-7.918009907007217407e-02,-2.210177248343825340e-03,5.340915513038635254e+01
-3.208762779831886292e-02,-7.919374108314514160e-02,-2.206391887739300728e-03,5.341418910026550293e+01
-3.208282217383384705e-02,-7.921046763658523560e-02,-2.201915252953767776e-03,5.341931319236755371e+01
-3.207770362496376038e-02,-7.923500239849090576e-02,-2.202634233981370926e-03,5.342430710792541504e+01
-3.207226097583770752e-02,-7.925738394260406494e-02,-2.201081020757555962e-03,5.342948508262634277e+01
-3.206652030348777771e-02,-7.928109914064407349e-02,-2.200135262683033943e-03,5.343433308601379395e+01
-3.206038102507591248e-02,-7.930640876293182373e-02,-2.199571346864104271e-03,5.343917202949523926e+01
-3.205905854701995850e-02,-7.955330610275268555e-02,-2.586467657238245010e-03,5.344433116912841797e+01
-3.205155953764915466e-02,-7.957227528095245361e-02,-2.595291705802083015e-03,5.344934415817260742e+01
-3.204378113150596619e-02,-7.959289848804473877e-02,-2.604722511023283005e-03,5.345429420471191406e+01
-3.203415870666503906e-02,-7.959030568599700928e-02,-2.630241215229034424e-03,5.345947313308715820e+01
-3.202541172504425049e-02,-7.960981875658035278e-02,-2.640978898853063583e-03,5.346436214447021484e+01
-3.201620280742645264e-02,-7.963245362043380737e-02,-2.652493771165609360e-03,5.346934008598327637e+01
-3.200520575046539307e-02,-7.966388016939163208e-02,-2.659989288076758385e-03,5.347433209419250488e+01
-3.201446682214736938e-02,-7.961508631706237793e-02,-2.650428097695112228e-03,5.347936606407165527e+01
-3.200458362698554993e-02,-7.962138205766677856e-02,-2.656664466485381126e-03,5.348446917533874512e+01
-3.199609741568565369e-02,-7.962168008089065552e-02,-2.664982574060559273e-03,5.348923516273498535e+01
-3.198615089058876038e-02,-7.962688803672790527e-02,-2.669855253770947456e-03,5.349453902244567871e+01
-3.197574615478515625e-02,-7.963322103023529053e-02,-2.676215488463640213e-03,5.349945902824401855e+01
-3.196531161665916443e-02,-7.965189218521118164e-02,-2.685857005417346954e-03,5.350452899932861328e+01
-3.200416639447212219e-02,-7.975795120000839233e-02,-2.830647164955735207e-03,5.350949621200561523e+01
-3.199633210897445679e-02,-7.977341860532760620e-02,-2.853930694982409477e-03,5.351447820663452148e+01
-3.198816999793052673e-02,-7.978992909193038940e-02,-2.878719242289662361e-03,5.351968002319335938e+01
-3.197976201772689819e-02,-7.980488985776901245e-02,-2.885757712647318840e-03,5.352450108528137207e+01
-3.197036683559417725e-02,-7.981977611780166626e-02,-2.905352739617228508e-03,5.352964019775390625e+01
-3.196034580469131470e-02,-7.983262091875076294e-02,-2.925342647358775139e-03,5.353447914123535156e+01
-3.201594203710556030e-02,-7.988765835762023926e-02,-2.953026909381151199e-03,5.353948211669921875e+01
-3.201256319880485535e-02,-7.991216331720352173e-02,-2.969444263726472855e-03,5.354450011253356934e+01
-3.200860694050788879e-02,-7.993790507316589355e-02,-2.988342894241213799e-03,5.354946112632751465e+01
-3.200363367795944214e-02,-7.995436340570449829e-02,-3.010526066645979881e-03,5.355457615852355957e+01
-3.199861571192741394e-02,-7.997910678386688232e-02,-3.031343221664428711e-03,5.355976414680480957e+01
-3.199319541454315186e-02,-8.000548183917999268e-02,-3.052659332752227783e-03,5.356458020210266113e+01
-3.198761865496635437e-02,-8.003693819046020508e-02,-3.070718375965952873e-03,5.356957411766052246e+01
-3.201873973011970520e-02,-7.991398870944976807e-02,-2.974769566208124161e-03,5.357444906234741211e+01
-3.201665729284286499e-02,-7.992681115865707397e-02,-2.982265083119273186e-03,5.357955908775329590e+01
-3.201398625969886780e-02,-7.993468642234802246e-02,-2.995712682604789734e-03,5.358455109596252441e+01
-3.201090544462203979e-02,-7.994798570871353149e-02,-3.008262719959020615e-03,5.358955812454223633e+01
-3.200693055987358093e-02,-7.996123284101486206e-02,-3.024129197001457214e-03,5.359474921226501465e+01
-3.200256824493408203e-02,-7.997871190309524536e-02,-3.040162380784749985e-03,5.359985709190368652e+01
-3.199762105941772461e-02,-7.999540865421295166e-02,-3.058691043406724930e-03,5.360454010963439941e+01
-3.198794275522232056e-02,-7.991528511047363281e-02,-2.953571733087301254e-03,5.360961198806762695e+01
-3.198329731822013855e-02,-7.992274314165115356e-02,-2.955812262371182442e-03,5.361462521553039551e+01
-3.198088705539703369e-02,-7.992254942655563354e-02,-2.956312848255038261e-03,5.361956000328063965e+01
-3.197697922587394714e-02,-7.992856949567794800e-02,-2.958971774205565453e-03,5.362454009056091309e+01
-3.197343274950981140e-02,-7.993455976247787476e-02,-2.960954327136278152e-03,5.362972807884216309e+01
-3.196861222386360168e-02,-7.994209975004196167e-02,-2.959808334708213806e-03,5.363464212417602539e+01
-3.201871365308761597e-02,-7.975794374942779541e-02,-2.907230518758296967e-03,5.363974809646606445e+01
-3.201799839735031128e-02,-7.976160198450088501e-02,-2.919212682172656059e-03,5.364474320411682129e+01
-3.201385587453842163e-02,-7.976873219013214111e-02,-2.945546992123126984e-03,5.364962005615234375e+01
-3.201021999120712280e-02,-7.977364212274551392e-02,-2.965460065752267838e-03,5.365473508834838867e+01
-3.200554102659225464e-02,-7.977836579084396362e-02,-2.988391555845737457e-03,5.365985012054443359e+01
-3.200182691216468811e-02,-7.977972924709320068e-02,-3.000347875058650970e-03,5.366471219062805176e+01
-3.199695795774459839e-02,-7.978407293558120728e-02,-3.019155701622366905e-03,5.366961908340454102e+01
-3.198239952325820923e-02,-7.987073063850402832e-02,-2.993378788232803345e-03,5.367473006248474121e+01
-3.197513148188591003e-02,-7.987895607948303223e-02,-3.006597515195608139e-03,5.367975521087646484e+01
-3.196781501173973083e-02,-7.990012317895889282e-02,-3.023543162271380424e-03,5.368473410606384277e+01
-3.196020051836967468e-02,-7.992447912693023682e-02,-3.046126803383231163e-03,5.368961405754089355e+01
-3.195238485932350159e-02,-7.995115965604782104e-02,-3.070246661081910133e-03,5.369496512413024902e+01
-3.194406256079673767e-02,-7.996526360511779785e-02,-3.083976218476891518e-03,5.369983816146850586e+01
-3.193566948175430298e-02,-7.998649775981903076e-02,-3.107274882495403290e-03,5.370482802391052246e+01
-3.199165686964988708e-02,-8.002211153507232666e-02,-3.051574807614088058e-03,5.370974516868591309e+01
-3.198700025677680969e-02,-8.003800362348556519e-02,-3.067575627937912941e-03,5.371465706825256348e+01
-3.198195248842239380e-02,-8.005715161561965942e-02,-3.083773655816912651e-03,5.371981811523437500e+01
-3.197624534368515015e-02,-8.007568120956420898e-02,-3.102430608123540878e-03,5.372483301162719727e+01
-3.196986392140388489e-02,-8.008988946676254272e-02,-3.120015375316143036e-03,5.372999620437622070e+01
-3.196307271718978882e-02,-8.010712265968322754e-02,-3.140529152005910873e-03,5.373479700088500977e+01
-3.195583447813987732e-02,-8.012613654136657715e-02,-3.164370311424136162e-03,5.373983621597290039e+01
-3.205767646431922913e-02,-7.985837757587432861e-02,-3.150221891701221466e-03,5.374484300613403320e+01
-3.205927461385726929e-02,-7.985907047986984253e-02,-3.162900218740105629e-03,5.374972820281982422e+01
-3.206019848585128784e-02,-7.986155897378921509e-02,-3.175996243953704834e-03,5.375482320785522461e+01
-3.206222131848335266e-02,-7.985911518335342407e-02,-3.179918974637985229e-03,5.375987315177917480e+01
-3.206356614828109741e-02,-7.986112684011459351e-02,-3.191365860402584076e-03,5.376481509208679199e+01
-3.206500411033630371e-02,-7.986450940370559692e-02,-3.204146400094032288e-03,5.377001214027404785e+01
-3.206639736890792847e-02,-7.986974716186523438e-02,-3.217352321371436119e-03,5.377494621276855469e+01
-3.204669430851936340e-02,-7.978670299053192139e-02,-3.251943038776516914e-03,5.378013110160827637e+01
-3.204432502388954163e-02,-7.979009300470352173e-02,-3.272666363045573235e-03,5.378494000434875488e+01
-3.204124420881271362e-02,-7.979505509138107300e-02,-3.295907517895102501e-03,5.379002213478088379e+01
-3.203780949115753174e-02,-7.980635017156600952e-02,-3.326171776279807091e-03,5.379522299766540527e+01
-3.203425183892250061e-02,-7.981574535369873047e-02,-3.351414343342185020e-03,5.379985404014587402e+01
-3.203033655881881714e-02,-7.982696592807769775e-02,-3.377447370439767838e-03,5.380498409271240234e+01
-3.202586248517036438e-02,-7.983642071485519409e-02,-3.399861976504325867e-03,5.380985021591186523e+01
-3.209344670176506042e-02,-7.973699271678924561e-02,-3.309996798634529114e-03,5.381481218338012695e+01
-3.209084272384643555e-02,-7.974037528038024902e-02,-3.324512625113129616e-03,5.382012200355529785e+01
-3.208829835057258606e-02,-7.974289357662200928e-02,-3.317904658615589142e-03,5.382493710517883301e+01
-3.208491951227188110e-02,-7.974700629711151123e-02,-3.328946186229586601e-03,5.383022308349609375e+01
-3.208110854029655457e-02,-7.975167781114578247e-02,-3.340399358421564102e-03,5.383509516716003418e+01
-3.207657858729362488e-02,-7.975903898477554321e-02,-3.367003751918673515e-03,5.384006810188293457e+01
-3.213237598538398743e-02,-7.973078638315200806e-02,-3.369127865880727768e-03,5.384508919715881348e+01
-3.212981671094894409e-02,-7.973761856555938721e-02,-3.380343317985534668e-03,5.385023117065429688e+01
-3.212659060955047607e-02,-7.974534481763839722e-02,-3.401725552976131439e-03,5.385535621643066406e+01
-3.212305158376693726e-02,-7.975284010171890259e-02,-3.418704262003302574e-03,5.386020016670227051e+01
-3.211902454495429993e-02,-7.976046204566955566e-02,-3.437834791839122772e-03,5.386508202552795410e+01
-3.211450949311256409e-02,-7.976844906806945801e-02,-3.458671504631638527e-03,5.386998200416564941e+01
-3.210960328578948975e-02,-7.977953553199768066e-02,-3.480653977021574974e-03,5.387524509429931641e+01
-3.211283311247825623e-02,-7.971373200416564941e-02,-3.390329657122492790e-03,5.388022613525390625e+01
-3.210859000682830811e-02,-7.972109317779541016e-02,-3.402594942599534988e-03,5.388499712944030762e+01
-3.210487961769104004e-02,-7.973951846361160278e-02,-3.399872919544577599e-03,5.389021301269531250e+01
-3.210020437836647034e-02,-7.975077629089355469e-02,-3.405470168218016624e-03,5.389533114433288574e+01
-3.209514543414115906e-02,-7.976116985082626343e-02,-3.408486722037196159e-03,5.390036702156066895e+01
-3.208724409341812134e-02,-7.976127415895462036e-02,-3.416925203055143356e-03,5.390514612197875977e+01
-3.207921236753463745e-02,-7.976696640253067017e-02,-3.422877984121441841e-03,5.391032505035400391e+01
-3.210104629397392273e-02,-7.977003604173660278e-02,-3.555712057277560234e-03,5.391518807411193848e+01
-3.209607303142547607e-02,-7.978198677301406860e-02,-3.578928532078862190e-03,5.392029500007629395e+01
-3.208925575017929077e-02,-7.979444414377212524e-02,-3.603854449465870857e-03,5.392517018318176270e+01
-3.208196908235549927e-02,-7.980718463659286499e-02,-3.629335202276706696e-03,5.393063402175903320e+01
-3.207424655556678772e-02,-7.981867343187332153e-02,-3.652307670563459396e-03,5.393520021438598633e+01
-3.206609934568405151e-02,-7.983222603797912598e-02,-3.677752800285816193e-03,5.394029712677001953e+01
-3.210090100765228271e-02,-7.975050061941146851e-02,-3.529202425852417946e-03,5.394517111778259277e+01
-3.209369629621505737e-02,-7.975426316261291504e-02,-3.534059971570968628e-03,5.395021700859069824e+01
-3.208940103650093079e-02,-7.975726574659347534e-02,-3.537229495123028755e-03,5.395518016815185547e+01
-3.208332136273384094e-02,-7.976287603378295898e-02,-3.543953411281108856e-03,5.396058917045593262e+01
-3.207736462354660034e-02,-7.976860553026199341e-02,-3.549103857949376106e-03,5.396525311470031738e+01
-3.206969797611236572e-02,-7.977486401796340942e-02,-3.556349780410528183e-03,5.397017812728881836e+01
-3.206236660480499268e-02,-7.978146523237228394e-02,-3.562536323443055153e-03,5.397537016868591309e+01
-3.210118040442466736e-02,-7.983091473579406738e-02,-3.620136063545942307e-03,5.398041820526123047e+01
-3.209532797336578369e-02,-7.984712719917297363e-02,-3.627674654126167297e-03,5.398525500297546387e+01
-3.208861500024795532e-02,-7.986021041870117188e-02,-3.642040072008967400e-03,5.399070620536804199e+01
-3.208145499229431152e-02,-7.987250387668609619e-02,-3.654520725831389427e-03,5.399551701545715332e+01
-3.207188844680786133e-02,-7.987909764051437378e-02,-3.662921255454421043e-03,5.400035905838012695e+01
-3.206223621964454651e-02,-7.989012449979782104e-02,-3.673731116577982903e-03,5.400524115562438965e+01
-3.211579844355583191e-02,-7.983179390430450439e-02,-3.572695190086960793e-03,5.401030302047729492e+01
-3.210834413766860962e-02,-7.984801381826400757e-02,-3.589098341763019562e-03,5.401529121398925781e+01
-3.209919109940528870e-02,-7.986248284578323364e-02,-3.604090306907892227e-03,5.402035307884216309e+01
-3.208937868475914001e-02,-7.987766712903976440e-02,-3.624341217800974846e-03,5.402542209625244141e+01
-3.207907825708389282e-02,-7.989393919706344604e-02,-3.647977253422141075e-03,5.403044199943542480e+01
-3.206859529018402100e-02,-7.990965992212295532e-02,-3.663979005068540573e-03,5.403526711463928223e+01
-3.205770999193191528e-02,-7.992962747812271118e-02,-3.688808297738432884e-03,5.404064917564392090e+01
-3.213514015078544617e-02,-7.986374199390411377e-02,-3.699845168739557266e-03,5.404549312591552734e+01
-3.212964907288551331e-02,-7.988288253545761108e-02,-3.718503052368760109e-03,5.405051517486572266e+01
-3.212334960699081421e-02,-7.989607006311416626e-02,-3.741332795470952988e-03,5.405551004409790039e+01
-3.211658447980880737e-02,-7.990982383489608765e-02,-3.767216112464666367e-03,5.406054902076721191e+01
-3.210920095443725586e-02,-7.992026954889297485e-02,-3.795129945501685143e-03,5.406546711921691895e+01
-3.210152313113212585e-02,-7.993377745151519775e-02,-3.823493607342243195e-03,5.407045412063598633e+01
-3.209345042705535889e-02,-7.994831353425979614e-02,-3.852192778140306473e-03,5.407546019554138184e+01
-3.215745463967323303e-02,-7.990728318691253662e-02,-3.736960934475064278e-03,5.408067607879638672e+01
-3.215410560369491577e-02,-7.992159575223922729e-02,-3.756538033485412598e-03,5.408550000190734863e+01
-3.215021267533302307e-02,-7.993765920400619507e-02,-3.778690006583929062e-03,5.409050822257995605e+01
-3.214567899703979492e-02,-7.995259016752243042e-02,-3.804088337346911430e-03,5.409570407867431641e+01
-3.214074671268463135e-02,-7.996915280818939209e-02,-3.828395856544375420e-03,5.410061311721801758e+01
-3.213528171181678772e-02,-7.998602092266082764e-02,-3.854936454445123672e-03,5.410546207427978516e+01
-3.214552626013755798e-02,-7.993475347757339478e-02,-3.709673881530761719e-03,5.411099910736083984e+01
-3.213959187269210815e-02,-7.994675636291503906e-02,-3.709430573508143425e-03,5.411558198928833008e+01
-3.213340416550636292e-02,-7.995999604463577271e-02,-3.709118347615003586e-03,5.412064599990844727e+01
-3.212690725922584534e-02,-7.997357100248336792e-02,-3.711945610120892525e-03,5.412566518783569336e+01
-3.211992606520652771e-02,-7.998580485582351685e-02,-3.719402477145195007e-03,5.413120508193969727e+01
-3.211255371570587158e-02,-7.999750971794128418e-02,-3.729702439159154892e-03,5.413557600975036621e+01
-3.210470080375671387e-02,-8.000920712947845459e-02,-3.741300432011485100e-03,5.414060401916503906e+01
-3.213363885879516602e-02,-7.996531575918197632e-02,-3.774705575779080391e-03,5.414555001258850098e+01
-3.212585300207138062e-02,-7.997626811265945435e-02,-3.789081936702132225e-03,5.415068507194519043e+01
-3.211713209748268127e-02,-7.998786121606826782e-02,-3.801460843533277512e-03,5.415555906295776367e+01
-3.210937976837158203e-02,-7.999857515096664429e-02,-3.803764004260301590e-03,5.416091012954711914e+01
-3.210046142339706421e-02,-8.001118898391723633e-02,-3.811068134382367134e-03,5.416561102867126465e+01
-3.209111467003822327e-02,-8.002530038356781006e-02,-3.819210920482873917e-03,5.417043900489807129e+01
-3.208111971616744995e-02,-8.004203438758850098e-02,-3.836103249341249466e-03,5.417555403709411621e+01
-3.214406594634056091e-02,-8.012116700410842896e-02,-3.686165902763605118e-03,5.418069314956665039e+01
-3.213993459939956665e-02,-8.013301342725753784e-02,-3.685067873448133469e-03,5.418566417694091797e+01
-3.213285282254219055e-02,-8.015434443950653076e-02,-3.696752944961190224e-03,5.419075608253479004e+01
-3.212581202387809753e-02,-8.017040044069290161e-02,-3.700538538396358490e-03,5.419602513313293457e+01
-3.211769089102745056e-02,-8.018727600574493408e-02,-3.705575596541166306e-03,5.420074820518493652e+01
-3.210861608386039734e-02,-8.020408451557159424e-02,-3.712608711794018745e-03,5.420565915107727051e+01
-3.216028213500976562e-02,-8.007394522428512573e-02,-3.781504230573773384e-03,5.421077704429626465e+01
-3.215482831001281738e-02,-8.008078485727310181e-02,-3.792332019656896591e-03,5.421579408645629883e+01
-3.214879333972930908e-02,-8.008776605129241943e-02,-3.803670639172196388e-03,5.422067117691040039e+01
-3.214236721396446228e-02,-8.009485155344009399e-02,-3.809279296547174454e-03,5.422584319114685059e+01
-3.213538229465484619e-02,-8.010346442461013794e-02,-3.818052588030695915e-03,5.423081421852111816e+01
-3.212788701057434082e-02,-8.011187613010406494e-02,-3.824814921244978905e-03,5.423570609092712402e+01
-3.212000429630279541e-02,-8.012087643146514893e-02,-3.828571178019046783e-03,5.424086213111877441e+01
-3.210382163524627686e-02,-8.013228327035903931e-02,-3.907502628862857819e-03,5.424584507942199707e+01
-3.209606558084487915e-02,-8.014382421970367432e-02,-3.920759540051221848e-03,5.425090122222900391e+01
-3.208507597446441650e-02,-8.015395700931549072e-02,-3.938527777791023254e-03,5.425578022003173828e+01
-3.207471966743469238e-02,-8.016651123762130737e-02,-3.953486215323209763e-03,5.426095700263977051e+01
-3.206344321370124817e-02,-8.018063008785247803e-02,-3.968074917793273926e-03,5.426585102081298828e+01
-3.205318748950958252e-02,-8.019675314426422119e-02,-3.976883832365274429e-03,5.427083706855773926e+01
-3.204173222184181213e-02,-8.021313697099685669e-02,-3.990222234278917313e-03,5.427581715583801270e+01
-3.213814273476600647e-02,-8.016598969697952271e-02,-4.021551460027694702e-03,5.428084802627563477e+01
-3.213142976164817810e-02,-8.017411082983016968e-02,-4.040762782096862793e-03,5.428591513633728027e+01
-3.212530538439750671e-02,-8.018463104963302612e-02,-4.050930496305227280e-03,5.429088807106018066e+01
-3.211899101734161377e-02,-8.019449561834335327e-02,-4.073878284543752670e-03,5.429597210884094238e+01
-3.211237862706184387e-02,-8.020327985286712646e-02,-4.100196529179811478e-03,5.430087900161743164e+01
-3.210471570491790771e-02,-8.020898699760437012e-02,-4.134369548410177231e-03,5.430581712722778320e+01
-3.216711431741714478e-02,-8.018397539854049683e-02,-4.023922141641378403e-03,5.431083512306213379e+01
-3.216651827096939087e-02,-8.019369840621948242e-02,-4.023676272481679916e-03,5.431598114967346191e+01
-3.216566145420074463e-02,-8.020418882369995117e-02,-4.019258078187704086e-03,5.432101011276245117e+01
-3.216420114040374756e-02,-8.021622151136398315e-02,-4.019712563604116440e-03,5.432609415054321289e+01
-3.216231241822242737e-02,-8.022952824831008911e-02,-4.019655287265777588e-03,5.433105206489562988e+01
-3.215812146663665771e-02,-8.024176955223083496e-02,-4.027099348604679108e-03,5.433602619171142578e+01
-3.215403482317924500e-02,-8.025601506233215332e-02,-4.032055847346782684e-03,5.434100008010864258e+01
-3.210389986634254456e-02,-8.011247217655181885e-02,-3.957156557589769363e-03,5.434591913223266602e+01
-3.209906071424484253e-02,-8.013133704662322998e-02,-3.969984594732522964e-03,5.435099816322326660e+01
-3.209174051880836487e-02,-8.013999462127685547e-02,-3.983849659562110901e-03,5.435597205162048340e+01
-3.208355233073234558e-02,-8.015061914920806885e-02,-4.001887980848550797e-03,5.436124110221862793e+01
-3.207441046833992004e-02,-8.015382289886474609e-02,-4.019170068204402924e-03,5.436651706695556641e+01
-3.206491842865943909e-02,-8.016302436590194702e-02,-4.039784893393516541e-03,5.437097001075744629e+01
-3.205493837594985962e-02,-8.017361164093017578e-02,-4.060823936015367508e-03,5.437610507011413574e+01
-3.216867521405220032e-02,-8.017466217279434204e-02,-4.048805683851242065e-03,5.438114809989929199e+01
-3.216525167226791382e-02,-8.018393814563751221e-02,-4.074058029800653458e-03,5.438608813285827637e+01
-3.216125071048736572e-02,-8.019343018531799316e-02,-4.095195326954126358e-03,5.439146208763122559e+01
-3.215667977929115295e-02,-8.020222932100296021e-02,-4.117867443710565567e-03,5.439695119857788086e+01
-3.215181455016136169e-02,-8.020961284637451172e-02,-4.136799834668636322e-03,5.440107417106628418e+01
-3.214666619896888733e-02,-8.021844178438186646e-02,-4.157564602792263031e-03,5.440607714653015137e+01
-3.215764835476875305e-02,-8.021677285432815552e-02,-4.095925018191337585e-03,5.441109108924865723e+01
-3.215255960822105408e-02,-8.023072034120559692e-02,-4.112741909921169281e-03,5.441611003875732422e+01
-3.214706480503082275e-02,-8.024340122938156128e-02,-4.125558771193027496e-03,5.442108702659606934e+01
-3.214118629693984985e-02,-8.025552332401275635e-02,-4.136898554861545563e-03,5.442625617980957031e+01
-3.213480859994888306e-02,-8.026170730590820312e-02,-4.139727912843227386e-03,5.443122410774230957e+01
-3.212804347276687622e-02,-8.027157932519912720e-02,-4.147836472839117050e-03,5.443611001968383789e+01
-3.212086856365203857e-02,-8.028255403041839600e-02,-4.158113151788711548e-03,5.444099402427673340e+01
-3.212432190775871277e-02,-8.038228750228881836e-02,-4.056052304804325104e-03,5.444603204727172852e+01
-3.211699053645133972e-02,-8.039809763431549072e-02,-4.069476388394832611e-03,5.445121312141418457e+01
-3.210935741662979126e-02,-8.041500300168991089e-02,-4.086604807525873184e-03,5.445665001869201660e+01
-3.210107982158660889e-02,-8.043233305215835571e-02,-4.109974484890699387e-03,5.446143698692321777e+01
-3.209255635738372803e-02,-8.045104146003723145e-02,-4.124699160456657410e-03,5.446622705459594727e+01
-3.208342939615249634e-02,-8.046792447566986084e-02,-4.145941697061061859e-03,5.447130513191223145e+01
-3.214056417346000671e-02,-8.028271049261093140e-02,-4.139560740441083908e-03,5.447650909423828125e+01
-3.213479742407798767e-02,-8.028656244277954102e-02,-4.158271010965108871e-03,5.448124718666076660e+01
-3.212842345237731934e-02,-8.029165863990783691e-02,-4.180588759481906891e-03,5.448662304878234863e+01
-3.212184086441993713e-02,-8.029840141534805298e-02,-4.201326519250869751e-03,5.449128818511962891e+01
-3.211358934640884399e-02,-8.030711859464645386e-02,-4.219470545649528503e-03,5.449675202369689941e+01
-3.210536018013954163e-02,-8.031629025936126709e-02,-4.239131696522235870e-03,5.450129699707031250e+01
-3.209637850522994995e-02,-8.032735437154769897e-02,-4.257850348949432373e-03,5.450621414184570312e+01
-3.213349729776382446e-02,-8.044078946113586426e-02,-4.028143826872110367e-03,5.451139402389526367e+01
-3.212733939290046692e-02,-8.045122772455215454e-02,-4.039174411445856094e-03,5.451686501502990723e+01
-3.212066739797592163e-02,-8.046253025531768799e-02,-4.052843898534774780e-03,5.452130603790283203e+01
-3.211359307169914246e-02,-8.047019690275192261e-02,-4.055692814290523529e-03,5.452650117874145508e+01
-3.210588544607162476e-02,-8.047997206449508667e-02,-4.066412802785634995e-03,5.453144907951354980e+01
-3.209757432341575623e-02,-8.048872649669647217e-02,-4.079253878444433212e-03,5.453677821159362793e+01
-3.208869323134422302e-02,-8.049601316452026367e-02,-4.093140829354524612e-03,5.454138302803039551e+01
-3.212676197290420532e-02,-8.036663383245468140e-02,-4.088634159415960312e-03,5.454653000831604004e+01
-3.211925551295280457e-02,-8.037132024765014648e-02,-4.101268015801906586e-03,5.455126905441284180e+01
-3.211161866784095764e-02,-8.037653565406799316e-02,-4.117251839488744736e-03,5.455668807029724121e+01
-3.210386633872985840e-02,-8.038722723722457886e-02,-4.135815426707267761e-03,5.456147909164428711e+01
-3.209573775529861450e-02,-8.039531111717224121e-02,-4.153332207351922989e-03,5.456681418418884277e+01
-3.208725899457931519e-02,-8.040305972099304199e-02,-4.172801040112972260e-03,5.457139921188354492e+01
-3.207839280366897583e-02,-8.040873706340789795e-02,-4.191843792796134949e-03,5.457675504684448242e+01
-3.211475536227226257e-02,-8.038480579853057861e-02,-4.187415819615125656e-03,5.458149218559265137e+01
-3.211105987429618835e-02,-8.039762079715728760e-02,-4.199446178972721100e-03,5.458656811714172363e+01
-3.210700675845146179e-02,-8.041793107986450195e-02,-4.214065615087747574e-03,5.459146308898925781e+01
-3.210225328803062439e-02,-8.043590188026428223e-02,-4.225609358400106430e-03,5.459686708450317383e+01
-3.209707140922546387e-02,-8.045621216297149658e-02,-4.237925168126821518e-03,5.460146403312683105e+01
-3.209122642874717712e-02,-8.047138154506683350e-02,-4.253373481333255768e-03,5.460696101188659668e+01
-3.212683647871017456e-02,-8.037975430488586426e-02,-4.228434525430202484e-03,5.461152601242065430e+01
-3.212249651551246643e-02,-8.038514107465744019e-02,-4.245753400027751923e-03,5.461708807945251465e+01
-3.211834281682968140e-02,-8.039686828851699829e-02,-4.251808859407901764e-03,5.462154912948608398e+01
-3.211338818073272705e-02,-8.040479570627212524e-02,-4.266840405762195587e-03,5.462695813179016113e+01
-3.210784494876861572e-02,-8.041395992040634155e-02,-4.282429348677396774e-03,5.463168120384216309e+01
-3.210175409913063049e-02,-8.042528480291366577e-02,-4.298329818993806839e-03,5.463686108589172363e+01
-3.209518641233444214e-02,-8.043657988309860229e-02,-4.314662888646125793e-03,5.464154005050659180e+01
-3.212744742631912231e-02,-8.045580983161926270e-02,-4.281363915652036667e-03,5.464682316780090332e+01
-3.212476149201393127e-02,-8.046855777502059937e-02,-4.292015451937913895e-03,5.465159201622009277e+01
-3.212120011448860168e-02,-8.047303557395935059e-02,-4.305813461542129517e-03,5.465671300888061523e+01
-3.211732581257820129e-02,-8.048424869775772095e-02,-4.317447543144226074e-03,5.466175603866577148e+01
-3.211297094821929932e-02,-8.049532026052474976e-02,-4.326932132244110107e-03,5.466685199737548828e+01
-3.210867941379547119e-02,-8.051128685474395752e-02,-4.327327478677034378e-03,5.467160916328430176e+01
-3.214415162801742554e-02,-8.040429651737213135e-02,-4.299963824450969696e-03,5.467693305015563965e+01
-3.214251995086669922e-02,-8.041683584451675415e-02,-4.318641964346170425e-03,5.468158507347106934e+01
-3.214005008339881897e-02,-8.042424917221069336e-02,-4.338993690907955170e-03,5.468690919876098633e+01
-3.213721513748168945e-02,-8.043695241212844849e-02,-4.362194333225488663e-03,5.469159221649169922e+01
-3.213379532098770142e-02,-8.045023679733276367e-02,-4.386745858937501907e-03,5.469684910774230957e+01
-3.213004767894744873e-02,-8.046644926071166992e-02,-4.407746717333793640e-03,5.470158219337463379e+01
-3.212572261691093445e-02,-8.048262447118759155e-02,-4.432564135640859604e-03,5.470671319961547852e+01
-3.212530910968780518e-02,-8.036815375089645386e-02,-4.191048443317413330e-03,5.471163201332092285e+01
-3.212025389075279236e-02,-8.037248253822326660e-02,-4.190165549516677856e-03,5.471703410148620605e+01
-3.211469203233718872e-02,-8.037751168012619019e-02,-4.203390330076217651e-03,5.472172808647155762e+01
-3.210937604308128357e-02,-8.038383722305297852e-02,-4.209755454212427139e-03,5.472696304321289062e+01
-3.210366144776344299e-02,-8.039057999849319458e-02,-4.216918721795082092e-03,5.473182106018066406e+01
-3.209934383630752563e-02,-8.039867132902145386e-02,-4.219076596200466156e-03,5.473681807518005371e+01
-3.209444507956504822e-02,-8.040738850831985474e-02,-4.223410971462726593e-03,5.474170899391174316e+01
-3.209488838911056519e-02,-8.045688271522521973e-02,-4.423699807375669479e-03,5.474681520462036133e+01
-3.208772838115692139e-02,-8.046922087669372559e-02,-4.443381913006305695e-03,5.475200510025024414e+01
-3.208243474364280701e-02,-8.048250526189804077e-02,-4.465729463845491409e-03,5.475681805610656738e+01
-3.207600116729736328e-02,-8.049766719341278076e-02,-4.491937812417745590e-03,5.476194119453430176e+01
-3.207008540630340576e-02,-8.051613718271255493e-02,-4.526706878095865250e-03,5.476697206497192383e+01
-3.206294775009155273e-02,-8.053450286388397217e-02,-4.559964872896671295e-03,5.477158904075622559e+01
-3.205531835556030273e-02,-8.055303990840911865e-02,-4.595679230988025665e-03,5.477689003944396973e+01
-3.209521621465682983e-02,-8.064384013414382935e-02,-4.331212025135755539e-03,5.478176617622375488e+01
-3.208902850747108459e-02,-8.065856993198394775e-02,-4.333965945988893509e-03,5.478687715530395508e+01
-3.208299353718757629e-02,-8.067151159048080444e-02,-4.335074219852685928e-03,5.479184699058532715e+01
-3.207673132419586182e-02,-8.068303763866424561e-02,-4.334666766226291656e-03,5.479707598686218262e+01
-3.206994757056236267e-02,-8.069986850023269653e-02,-4.347726702690124512e-03,5.480191206932067871e+01
-3.206268325448036194e-02,-8.071378618478775024e-02,-4.353648517280817032e-03,5.480686402320861816e+01
-3.215200081467628479e-02,-8.064325898885726929e-02,-4.141144920140504837e-03,5.481211709976196289e+01
-3.215043246746063232e-02,-8.065801113843917847e-02,-4.123435355722904205e-03,5.481685304641723633e+01
-3.214758634567260742e-02,-8.066774159669876099e-02,-4.112041089683771133e-03,5.482189917564392090e+01
-3.214413672685623169e-02,-8.067600429058074951e-02,-4.099312238395214081e-03,5.482709312438964844e+01
-3.214011341333389282e-02,-8.068022876977920532e-02,-4.093378782272338867e-03,5.483208918571472168e+01
-3.213605657219886780e-02,-8.068704605102539062e-02,-4.084587562829256058e-03,5.483699321746826172e+01
-3.213168308138847351e-02,-8.069435507059097290e-02,-4.076513461768627167e-03,5.484191417694091797e+01
-3.212947398424148560e-02,-8.060741424560546875e-02,-4.258321598172187805e-03,5.484700322151184082e+01
-3.212459757924079895e-02,-8.062466233968734741e-02,-4.274313803762197495e-03,5.485207915306091309e+01
-3.211934491991996765e-02,-8.064427971839904785e-02,-4.294416867196559906e-03,5.485708713531494141e+01
-3.211335837841033936e-02,-8.066231012344360352e-02,-4.322492983192205429e-03,5.486213302612304688e+01
-3.210708871483802795e-02,-8.068231493234634399e-02,-4.348151385784149170e-03,5.486717915534973145e+01
-3.210040926933288574e-02,-8.070293813943862915e-02,-4.373609088361263275e-03,5.487202000617980957e+01
-3.216534852981567383e-02,-8.067254722118377686e-02,-4.193461500108242035e-03,5.487721705436706543e+01
-3.216178342700004578e-02,-8.068031817674636841e-02,-4.204192664474248886e-03,5.488192915916442871e+01
-3.215735033154487610e-02,-8.068712800741195679e-02,-4.218624439090490341e-03,5.488726711273193359e+01
-3.215210884809494019e-02,-8.069267868995666504e-02,-4.237416666001081467e-03,5.489205312728881836e+01
-3.214684128761291504e-02,-8.070392906665802002e-02,-4.248254466801881790e-03,5.489715909957885742e+01
-3.214059025049209595e-02,-8.070928603410720825e-02,-4.267552867531776428e-03,5.490200209617614746e+01
-3.213374689221382141e-02,-8.071260154247283936e-02,-4.288931842893362045e-03,5.490719199180603027e+01
-3.212511166930198669e-02,-8.062924444675445557e-02,-4.313475452363491058e-03,5.491205811500549316e+01
-3.211923688650131226e-02,-8.063850551843643188e-02,-4.323248751461505890e-03,5.491713619232177734e+01
-3.211309760808944702e-02,-8.065041899681091309e-02,-4.333414137363433838e-03,5.492210817337036133e+01
-3.210674226284027100e-02,-8.066587150096893311e-02,-4.343161359429359436e-03,5.492722511291503906e+01
-3.209990262985229492e-02,-8.067993819713592529e-02,-4.356008954346179962e-03,5.493216705322265625e+01
-3.209275379776954651e-02,-8.069572597742080688e-02,-4.371221177279949188e-03,5.493704009056091309e+01
-3.208325803279876709e-02,-8.070735633373260498e-02,-4.392044153064489365e-03,5.494209313392639160e+01
-3.212915360927581787e-02,-8.071594685316085815e-02,-4.194846842437982559e-03,5.494702219963073730e+01
-3.212247416377067566e-02,-8.073196560144424438e-02,-4.198784008622169495e-03,5.495215511322021484e+01
-3.211689367890357971e-02,-8.073595166206359863e-02,-4.197212401777505875e-03,5.495707321166992188e+01
-3.210959583520889282e-02,-8.074796199798583984e-02,-4.199768416583538055e-03,5.496221399307250977e+01
-3.210167586803436279e-02,-8.075875043869018555e-02,-4.200559109449386597e-03,5.496709799766540527e+01
-3.209321200847625732e-02,-8.076798915863037109e-02,-4.199383780360221863e-03,5.497213315963745117e+01
-3.215486928820610046e-02,-8.071384578943252563e-02,-4.128186497837305069e-03,5.497709321975708008e+01
-3.215207904577255249e-02,-8.072195947170257568e-02,-4.133205860853195190e-03,5.498210406303405762e+01
-3.214926645159721375e-02,-8.073167502880096436e-02,-4.138082731515169144e-03,5.498712706565856934e+01
-3.214620053768157959e-02,-8.075195550918579102e-02,-4.146647639572620392e-03,5.499219918251037598e+01
-3.214229270815849304e-02,-8.076682686805725098e-02,-4.152662120759487152e-03,5.499729704856872559e+01
-3.213811293244361877e-02,-8.078247308731079102e-02,-4.156821407377719879e-03,5.500224614143371582e+01
-3.213359415531158447e-02,-8.079205453395843506e-02,-4.155146889388561249e-03,5.500722217559814453e+01
-3.213030099868774414e-02,-8.063850551843643188e-02,-4.261120688170194626e-03,5.501229810714721680e+01
-3.212565183639526367e-02,-8.064470440149307251e-02,-4.278625827282667160e-03,5.501729202270507812e+01
-3.212117403745651245e-02,-8.065922558307647705e-02,-4.289578646421432495e-03,5.502224302291870117e+01
-3.211577981710433960e-02,-8.066959679126739502e-02,-4.307808354496955872e-03,5.502739119529724121e+01
-3.210983425378799438e-02,-8.068185299634933472e-02,-4.327946342527866364e-03,5.503241109848022461e+01
-3.210320323705673218e-02,-8.069119602441787720e-02,-4.350543487817049026e-03,5.503730416297912598e+01
-3.209625184535980225e-02,-8.070392161607742310e-02,-4.373496863991022110e-03,5.504248499870300293e+01
-3.217703849077224731e-02,-8.081787079572677612e-02,-4.256033338606357574e-03,5.504729509353637695e+01
-3.217602148652076721e-02,-8.083566278219223022e-02,-4.260483197867870331e-03,5.505247402191162109e+01
-3.217432647943496704e-02,-8.085446059703826904e-02,-4.264441318809986115e-03,5.505739617347717285e+01
-3.217218816280364990e-02,-8.087290823459625244e-02,-4.267216194421052933e-03,5.506254315376281738e+01
-3.216967359185218811e-02,-8.089128881692886353e-02,-4.269618075340986252e-03,5.506743717193603516e+01
-3.216653317213058472e-02,-8.090770989656448364e-02,-4.278258420526981354e-03,5.507246208190917969e+01
-3.213656321167945862e-02,-8.070870488882064819e-02,-4.396816715598106384e-03,5.507743215560913086e+01
-3.213246911764144897e-02,-8.072049170732498169e-02,-4.412625450640916824e-03,5.508241319656372070e+01
-3.212800994515419006e-02,-8.073600381612777710e-02,-4.434268455952405930e-03,5.508749508857727051e+01
-3.212309256196022034e-02,-8.075047284364700317e-02,-4.453754052519798279e-03,5.509260916709899902e+01
-3.211773186922073364e-02,-8.076629042625427246e-02,-4.474493674933910370e-03,5.509753608703613281e+01
-3.211182728409767151e-02,-8.078069984912872314e-02,-4.496393725275993347e-03,5.510246920585632324e+01
-3.210551291704177856e-02,-8.079654723405838013e-02,-4.519160836935043335e-03,5.510748314857482910e+01
-3.213216364383697510e-02,-8.067175745964050293e-02,-4.448690451681613922e-03,5.511258506774902344e+01
-3.213072568178176880e-02,-8.067119121551513672e-02,-4.461633507162332535e-03,5.511742115020751953e+01
-3.212779387831687927e-02,-8.067199587821960449e-02,-4.478301387280225754e-03,5.512254619598388672e+01
-3.212352097034454346e-02,-8.067015558481216431e-02,-4.495583008974790573e-03,5.512781810760498047e+01
-3.211840242147445679e-02,-8.066760003566741943e-02,-4.513408988714218140e-03,5.513280010223388672e+01
-3.211308643221855164e-02,-8.066615462303161621e-02,-4.531825426965951920e-03,5.513759803771972656e+01
-3.210247308015823364e-02,-8.062609285116195679e-02,-4.466322250664234161e-03,5.514249014854431152e+01
-3.209419921040534973e-02,-8.062715083360671997e-02,-4.477480426430702209e-03,5.514783215522766113e+01
-3.208543732762336731e-02,-8.062285929918289185e-02,-4.482976626604795456e-03,5.515260410308837891e+01
-3.207657113671302795e-02,-8.062354475259780884e-02,-4.492226988077163696e-03,5.515757703781127930e+01
-3.206755220890045166e-02,-8.062464743852615356e-02,-4.500511568039655685e-03,5.516262006759643555e+01
-3.205834329128265381e-02,-8.063132315874099731e-02,-4.515266511589288712e-03,5.516758513450622559e+01
-3.204893693327903748e-02,-8.063663542270660400e-02,-4.526891745626926422e-03,5.517253017425537109e+01
-3.215969353914260864e-02,-8.059608191251754761e-02,-4.401951562613248825e-03,5.517777204513549805e+01
-3.215686231851577759e-02,-8.060397952795028687e-02,-4.410142078995704651e-03,5.518249106407165527e+01
-3.215336799621582031e-02,-8.061251789331436157e-02,-4.422033205628395081e-03,5.518787217140197754e+01
-3.214919939637184143e-02,-8.062331378459930420e-02,-4.436938557773828506e-03,5.519279599189758301e+01
-3.214437887072563171e-02,-8.063727617263793945e-02,-4.459076561033725739e-03,5.519790220260620117e+01
-3.213924542069435120e-02,-8.065082132816314697e-02,-4.479709547013044357e-03,5.520263910293579102e+01
-3.213388100266456604e-02,-8.066466450691223145e-02,-4.501429386436939240e-03,5.520758008956909180e+01
-3.214415535330772400e-02,-8.061312884092330933e-02,-4.482175223529338837e-03,5.521259212493896484e+01
-3.213959187269210815e-02,-8.062074333429336548e-02,-4.499027039855718613e-03,5.521763920783996582e+01
-3.213470429182052612e-02,-8.062848448753356934e-02,-4.514669999480247498e-03,5.522267198562622070e+01
-3.212960809469223022e-02,-8.063559234142303467e-02,-4.527604673057794571e-03,5.522777605056762695e+01
-3.212413936853408813e-02,-8.064620941877365112e-02,-4.548439290374517441e-03,5.523258018493652344e+01
-3.211805969476699829e-02,-8.065623790025711060e-02,-4.566326271742582321e-03,5.523772215843200684e+01
-3.217220678925514221e-02,-8.059461414813995361e-02,-4.436140414327383041e-03,5.524262714385986328e+01
-3.216976672410964966e-02,-8.060646057128906250e-02,-4.443550948053598404e-03,5.524763107299804688e+01
-3.216678276658058167e-02,-8.061432093381881714e-02,-4.449978470802307129e-03,5.525275111198425293e+01
-3.216361626982688904e-02,-8.062337338924407959e-02,-4.456843249499797821e-03,5.525766611099243164e+01
-3.216043859720230103e-02,-8.063481003046035767e-02,-4.462949465960264206e-03,5.526288700103759766e+01
-3.215691447257995605e-02,-8.064609020948410034e-02,-4.470416810363531113e-03,5.526773405075073242e+01
-3.215288370847702026e-02,-8.065696060657501221e-02,-4.478789400309324265e-03,5.527276206016540527e+01
-3.217642381787300110e-02,-8.060614019632339478e-02,-4.442258272320032120e-03,5.527770519256591797e+01
-3.217786550521850586e-02,-8.061982691287994385e-02,-4.449847154319286346e-03,5.528276515007019043e+01
-3.217858076095581055e-02,-8.063511550426483154e-02,-4.457836970686912537e-03,5.528810501098632812e+01
-3.217789530754089355e-02,-8.065162599086761475e-02,-4.478194285184144974e-03,5.529293012619018555e+01
-3.217663615942001343e-02,-8.066927641630172729e-02,-4.488296341150999069e-03,5.529793119430541992e+01
-3.217493742704391479e-02,-8.068968355655670166e-02,-4.496938083320856094e-03,5.530280399322509766e+01
-3.217289969325065613e-02,-8.071267604827880859e-02,-4.506159108132123947e-03,5.530777120590209961e+01
-3.215691819787025452e-02,-8.057893812656402588e-02,-4.405117593705654144e-03,5.531276106834411621e+01
-3.215477988123893738e-02,-8.058073371648788452e-02,-4.406908061355352402e-03,5.531797504425048828e+01
-3.215311840176582336e-02,-8.058337867259979248e-02,-4.407894797623157501e-03,5.532288718223571777e+01
-3.213668987154960632e-02,-8.060339838266372681e-02,-4.415411036461591721e-03,5.532812905311584473e+01
-3.212731331586837769e-02,-8.061395585536956787e-02,-4.419114906340837479e-03,5.533288621902465820e+01
-3.211644664406776428e-02,-8.062671124935150146e-02,-4.421669058501720428e-03,5.533811902999877930e+01
-3.211052715778350830e-02,-8.063400536775588989e-02,-4.418392665684223175e-03,5.534288620948791504e+01
-3.211311250925064087e-02,-8.063659071922302246e-02,-4.513953812420368195e-03,5.534788298606872559e+01
-3.210621699690818787e-02,-8.064500242471694946e-02,-4.532174672931432724e-03,5.535281801223754883e+01
-3.208955004811286926e-02,-8.066254854202270508e-02,-4.530899226665496826e-03,5.535806703567504883e+01
-3.207635134458541870e-02,-8.067709952592849731e-02,-4.540943074971437454e-03,5.536300921440124512e+01
-3.206130489706993103e-02,-8.069255203008651733e-02,-4.550825804471969604e-03,5.536791515350341797e+01
-3.205411136150360107e-02,-8.070069551467895508e-02,-4.567397292703390121e-03,5.537288618087768555e+01
-3.212819248437881470e-02,-8.065183460712432861e-02,-4.542096052318811417e-03,5.537790012359619141e+01
-3.212648257613182068e-02,-8.066093176603317261e-02,-4.551768302917480469e-03,5.538284111022949219e+01
-3.211585804820060730e-02,-8.068032562732696533e-02,-4.574594087898731232e-03,5.538833713531494141e+01
-3.210936859250068665e-02,-8.069312572479248047e-02,-4.590914584696292877e-03,5.539314103126525879e+01
-3.210187330842018127e-02,-8.070746809244155884e-02,-4.608690273016691208e-03,5.539802908897399902e+01
-3.209345415234565735e-02,-8.072355389595031738e-02,-4.627026617527008057e-03,5.540303611755371094e+01
-3.208577260375022888e-02,-8.073467761278152466e-02,-4.668711218982934952e-03,5.540806102752685547e+01
-3.211490809917449951e-02,-8.070540428161621094e-02,-4.268726799637079239e-03,5.541300916671752930e+01
-3.210607916116714478e-02,-8.071663975715637207e-02,-4.288501571863889694e-03,5.541797304153442383e+01
-3.209184110164642334e-02,-8.073835074901580811e-02,-4.287567920982837677e-03,5.542296910285949707e+01
-3.207898512482643127e-02,-8.075514435768127441e-02,-4.303910303860902786e-03,5.542810916900634766e+01
-3.206464648246765137e-02,-8.077333867549896240e-02,-4.321639426052570343e-03,5.543297719955444336e+01
-3.206383436918258667e-02,-8.079580962657928467e-02,-4.344364628195762634e-03,5.543805098533630371e+01
-3.215094655752182007e-02,-8.067557960748672485e-02,-4.529773257672786713e-03,5.544301915168762207e+01
-3.215859085321426392e-02,-8.069530129432678223e-02,-4.570565652102231979e-03,5.544805216789245605e+01
-3.212119266390800476e-02,-8.069419115781784058e-02,-4.619308747351169586e-03,5.545315504074096680e+01
-3.210329636931419373e-02,-8.070767670869827271e-02,-4.665196407586336136e-03,5.545796298980712891e+01
-3.207966312766075134e-02,-8.071900159120559692e-02,-4.714210052043199539e-03,5.546314907073974609e+01
-3.209305927157402039e-02,-8.074188977479934692e-02,-4.774090833961963654e-03,5.546808099746704102e+01
-3.209445253014564514e-02,-8.076132088899612427e-02,-4.835894796997308731e-03,5.547317099571228027e+01
-3.214042633771896362e-02,-8.059769868850708008e-02,-4.929613787680864334e-03,5.547806406021118164e+01
-3.216150403022766113e-02,-8.060104399919509888e-02,-4.997239448130130768e-03,5.548313307762145996e+01
-3.211655840277671814e-02,-8.057661354541778564e-02,-5.089654121547937393e-03,5.548816609382629395e+01
-3.210918605327606201e-02,-8.056789636611938477e-02,-5.179034546017646790e-03,5.549326014518737793e+01
-3.209759294986724854e-02,-8.055787533521652222e-02,-5.276415962725877762e-03,5.549813604354858398e+01
-3.208665549755096436e-02,-8.057988435029983521e-02,-5.383848678320646286e-03,5.550313520431518555e+01
-3.207090497016906738e-02,-8.059335500001907349e-02,-5.500620231032371521e-03,5.550813508033752441e+01
-3.203618153929710388e-02,-8.054361492395401001e-02,-5.415283143520355225e-03,5.551312899589538574e+01
-3.197283297777175903e-02,-8.051706850528717041e-02,-5.532844923436641693e-03,5.551825404167175293e+01
-3.192009404301643372e-02,-8.051410317420959473e-02,-5.653515458106994629e-03,5.552313303947448730e+01
-3.185792639851570129e-02,-8.050648868083953857e-02,-5.780244711786508560e-03,5.552846217155456543e+01
-3.185541927814483643e-02,-8.050782233476638794e-02,-5.909735336899757385e-03,5.553324604034423828e+01
-3.183415159583091736e-02,-8.050399273633956909e-02,-6.051963195204734802e-03,5.553852915763854980e+01
-3.214232996106147766e-02,-8.037822693586349487e-02,-6.078640930354595184e-03,5.554325413703918457e+01
-3.213328868150711060e-02,-8.039100468158721924e-02,-6.164735648781061172e-03,5.554835200309753418e+01
-3.215012326836585999e-02,-8.040412515401840210e-02,-6.271631456911563873e-03,5.555331921577453613e+01
-3.216957673430442810e-02,-8.042664080858230591e-02,-6.379300728440284729e-03,5.555831718444824219e+01
-3.219049796462059021e-02,-8.045075833797454834e-02,-6.488224957138299942e-03,5.556344604492187500e+01
-3.220767155289649963e-02,-8.047074824571609497e-02,-6.517998874187469482e-03,5.556853508949279785e+01
-3.222919255495071411e-02,-8.050020784139633179e-02,-6.572292186319828033e-03,5.557344222068786621e+01
-3.216419741511344910e-02,-8.050908148288726807e-02,-6.960629019886255264e-03,5.557835507392883301e+01
-3.221598267555236816e-02,-8.047617971897125244e-02,-7.020919583737850189e-03,5.558344817161560059e+01
-3.225310146808624268e-02,-8.047169446945190430e-02,-7.063976954668760300e-03,5.558860015869140625e+01
-3.229683637619018555e-02,-8.046058565378189087e-02,-7.096237037330865860e-03,5.559356212615966797e+01
-3.233679011464118958e-02,-8.048780262470245361e-02,-7.201010361313819885e-03,5.559846210479736328e+01
-3.238536044955253601e-02,-8.050156384706497192e-02,-7.281667087227106094e-03,5.560345602035522461e+01
-3.243768960237503052e-02,-8.052056282758712769e-02,-7.372411433607339859e-03,5.560850000381469727e+01
-3.202994912862777710e-02,-8.090290427207946777e-02,-7.414417341351509094e-03,5.561344218254089355e+01
-3.197844699025154114e-02,-8.094312250614166260e-02,-7.570807822048664093e-03,5.561840415000915527e+01
-3.190734237432479858e-02,-8.098490536212921143e-02,-7.743865251541137695e-03,5.562345314025878906e+01
-3.185986354947090149e-02,-8.103646337985992432e-02,-7.917411625385284424e-03,5.562859916687011719e+01
-3.178608417510986328e-02,-8.108603209257125854e-02,-8.111962117254734039e-03,5.563343811035156250e+01
-3.170488774776458740e-02,-8.113670349121093750e-02,-8.319924585521221161e-03,5.563859415054321289e+01
-3.185927122831344604e-02,-8.106315135955810547e-02,-7.869230583310127258e-03,5.564373612403869629e+01
-3.181975707411766052e-02,-8.107587695121765137e-02,-8.052903227508068085e-03,5.564851021766662598e+01
-3.178315237164497375e-02,-8.108432590961456299e-02,-8.258084766566753387e-03,5.565344500541687012e+01
-3.174968808889389038e-02,-8.108564466238021851e-02,-8.475345559418201447e-03,5.565846514701843262e+01
-3.173241019248962402e-02,-8.113416284322738647e-02,-8.661688305437564850e-03,5.566354417800903320e+01
-3.171358257532119751e-02,-8.116478472948074341e-02,-8.881759829819202423e-03,5.566858100891113281e+01
-3.170035779476165771e-02,-8.119712024927139282e-02,-9.104701690375804901e-03,5.567356204986572266e+01
-3.202469646930694580e-02,-8.129276335239410400e-02,-8.976615965366363525e-03,5.567856621742248535e+01
-3.202308714389801025e-02,-8.132113516330718994e-02,-9.169211611151695251e-03,5.568356609344482422e+01
-3.201978281140327454e-02,-8.135089278221130371e-02,-9.360522963106632233e-03,5.568859815597534180e+01
-3.208231925964355469e-02,-8.135535567998886108e-02,-9.678272530436515808e-03,5.569368314743041992e+01
-3.213405236601829529e-02,-8.136521279811859131e-02,-9.975344873964786530e-03,5.569858002662658691e+01
-3.220404684543609619e-02,-8.136861771345138550e-02,-1.030613668262958527e-02,5.570353507995605469e+01
-3.220868855714797974e-02,-8.139963448047637939e-02,-1.065884064882993698e-02,5.570857906341552734e+01
-3.223486244678497314e-02,-8.149627596139907837e-02,-1.092657167464494705e-02,5.571353912353515625e+01
-3.224955499172210693e-02,-8.150944113731384277e-02,-1.134912855923175812e-02,5.571853709220886230e+01
-3.227634355425834656e-02,-8.155445009469985962e-02,-1.177810877561569214e-02,5.572359514236450195e+01
-3.229181468486785889e-02,-8.159288018941879272e-02,-1.224904228001832962e-02,5.572882413864135742e+01
-3.230508416891098022e-02,-8.163873106241226196e-02,-1.274828054010868073e-02,5.573356914520263672e+01
-3.231625258922576904e-02,-8.169178664684295654e-02,-1.326717156916856766e-02,5.573874711990356445e+01
-3.191602602601051331e-02,-8.160908520221710205e-02,-1.428360212594270706e-02,5.574371409416198730e+01
-3.188862279057502747e-02,-8.161352574825286865e-02,-1.472963299602270126e-02,5.574874114990234375e+01
-3.185702487826347351e-02,-8.161062747240066528e-02,-1.517481449991464615e-02,5.575350117683410645e+01
-3.181961178779602051e-02,-8.162739872932434082e-02,-1.559425611048936844e-02,5.575890517234802246e+01
-3.177737817168235779e-02,-8.163435012102127075e-02,-1.602586731314659119e-02,5.576387500762939453e+01
-3.173059225082397461e-02,-8.164370059967041016e-02,-1.644887775182723999e-02,5.576870512962341309e+01
-3.171434625983238220e-02,-8.167275041341781616e-02,-1.694007217884063721e-02,5.577370405197143555e+01
-3.151043131947517395e-02,-8.195447921752929688e-02,-1.878457143902778625e-02,5.577873301506042480e+01
-3.149577230215072632e-02,-8.199085295200347900e-02,-1.937669329345226288e-02,5.578349804878234863e+01
-3.150164708495140076e-02,-8.197342604398727417e-02,-2.012280561029911041e-02,5.578869009017944336e+01
-3.150718286633491516e-02,-8.198094367980957031e-02,-2.083793096244335175e-02,5.579395103454589844e+01
-3.152067586779594421e-02,-8.198522031307220459e-02,-2.159370481967926025e-02,5.579885315895080566e+01
-3.136674314737319946e-02,-8.207009732723236084e-02,-2.231442742049694061e-02,5.580369400978088379e+01
-3.124552592635154724e-02,-8.213370293378829956e-02,-2.309725061058998108e-02,5.580881118774414062e+01
-3.075978718698024750e-02,-8.210138976573944092e-02,-2.385043166577816010e-02,5.581380701065063477e+01
-3.050538897514343262e-02,-8.216620981693267822e-02,-2.461716905236244202e-02,5.581890416145324707e+01
-3.048107959330081940e-02,-8.202084898948669434e-02,-2.542124688625335693e-02,5.582376217842102051e+01
-3.029340505599975586e-02,-8.198902010917663574e-02,-2.625434659421443939e-02,5.582895207405090332e+01
-3.009953908622264862e-02,-8.194313943386077881e-02,-2.711907215416431427e-02,5.583367109298706055e+01
-3.008776716887950897e-02,-8.198589831590652466e-02,-2.800725027918815613e-02,5.583893203735351562e+01
-3.123910166323184967e-02,-8.299222588539123535e-02,-2.812658622860908508e-02,5.584382414817810059e+01
-3.143988177180290222e-02,-8.310662955045700073e-02,-2.894973382353782654e-02,5.584887599945068359e+01
-3.124146908521652222e-02,-8.315445482730865479e-02,-2.945610322058200836e-02,5.585377216339111328e+01
-3.126266598701477051e-02,-8.324447274208068848e-02,-3.010461106896400452e-02,5.585892605781555176e+01
-3.125777468085289001e-02,-8.333273231983184814e-02,-3.071210719645023346e-02,5.586391019821166992e+01
-3.130812942981719971e-02,-8.343685418367385864e-02,-3.136811777949333191e-02,5.586872816085815430e+01
-3.018706105649471283e-02,-8.319099247455596924e-02,-3.344896435737609863e-02,5.587373518943786621e+01
-3.010072745382785797e-02,-8.325648307800292969e-02,-3.419834002852439880e-02,5.587892818450927734e+01
-3.013193048536777496e-02,-8.338268846273422241e-02,-3.503735363483428955e-02,5.588391399383544922e+01
-3.011880815029144287e-02,-8.348654955625534058e-02,-3.584313392639160156e-02,5.588894605636596680e+01
-3.012629039585590363e-02,-8.360876142978668213e-02,-3.665801510214805603e-02,5.589403414726257324e+01
-2.996292710304260254e-02,-8.368422836065292358e-02,-3.752378746867179871e-02,5.589924502372741699e+01
-2.984608896076679230e-02,-8.377801626920700073e-02,-3.839298710227012634e-02,5.590391421318054199e+01
-2.951416932046413422e-02,-8.325010538101196289e-02,-3.873479366302490234e-02,5.590896511077880859e+01
-2.927964925765991211e-02,-8.325388282537460327e-02,-3.963686898350715637e-02,5.591392207145690918e+01
-2.950680814683437347e-02,-8.333829045295715332e-02,-4.084897786378860474e-02,5.591888499259948730e+01
-2.948470041155815125e-02,-8.338598161935806274e-02,-4.195517301559448242e-02,5.592398118972778320e+01
-2.950568497180938721e-02,-8.344355225563049316e-02,-4.312482476234436035e-02,5.592918300628662109e+01
-2.928718365728855133e-02,-8.343215286731719971e-02,-4.412319883704185486e-02,5.593390607833862305e+01
-2.914581447839736938e-02,-8.343631774187088013e-02,-4.522130265831947327e-02,5.593909406661987305e+01
-2.863728813827037811e-02,-8.309973031282424927e-02,-4.531178250908851624e-02,5.594398808479309082e+01
-2.876560762524604797e-02,-8.320228755474090576e-02,-4.633030667901039124e-02,5.594910311698913574e+01
-2.869311347603797913e-02,-8.320479094982147217e-02,-4.733590036630630493e-02,5.595405006408691406e+01
-2.865950390696525574e-02,-8.322480320930480957e-02,-4.834857955574989319e-02,5.595922899246215820e+01
-2.844672463834285736e-02,-8.320465683937072754e-02,-4.928153753280639648e-02,5.596408319473266602e+01
-2.830194868147373199e-02,-8.320403099060058594e-02,-5.023239180445671082e-02,5.596909117698669434e+01
-2.813433483242988586e-02,-8.320595324039459229e-02,-5.115886405110359192e-02,5.597400116920471191e+01
-2.929647080600261688e-02,-8.375187218189239502e-02,-5.277940258383750916e-02,5.597900319099426270e+01
-2.938980795443058014e-02,-8.379045873880386353e-02,-5.380073934793472290e-02,5.598404121398925781e+01
-2.953381650149822235e-02,-8.384644985198974609e-02,-5.482207611203193665e-02,5.598904109001159668e+01
-2.973039075732231140e-02,-8.390183746814727783e-02,-5.586675554513931274e-02,5.599439501762390137e+01
-2.942766621708869934e-02,-8.392874896526336670e-02,-5.685681849718093872e-02,5.599917602539062500e+01
-2.935474365949630737e-02,-8.399488776922225952e-02,-5.785098299384117126e-02,5.600403904914855957e+01
-2.861619181931018829e-02,-8.398522436618804932e-02,-5.877557396888732910e-02,5.600915718078613281e+01
-2.885316498577594757e-02,-8.401160687208175659e-02,-6.004348024725914001e-02,5.601410102844238281e+01
-2.881358563899993896e-02,-8.403689414262771606e-02,-6.123536452651023865e-02,5.601913118362426758e+01
-2.880518324673175812e-02,-8.406130224466323853e-02,-6.246948614716529846e-02,5.602417111396789551e+01
-2.849057130515575409e-02,-8.408850431442260742e-02,-6.368184834718704224e-02,5.602929902076721191e+01
-2.826085872948169708e-02,-8.411104977130889893e-02,-6.494143605232238770e-02,5.603412008285522461e+01
-2.796599455177783966e-02,-8.413422107696533203e-02,-6.621772050857543945e-02,5.603916716575622559e+01
-2.855776809155941010e-02,-8.420306444168090820e-02,-6.671820580959320068e-02,5.604414606094360352e+01
-2.844824641942977905e-02,-8.429303765296936035e-02,-6.794787943363189697e-02,5.604914021492004395e+01
-2.837716229259967804e-02,-8.440618962049484253e-02,-6.917056441307067871e-02,5.605411314964294434e+01
-2.808080054819583893e-02,-8.439442515373229980e-02,-7.025814801454544067e-02,5.605938506126403809e+01
-2.786128036677837372e-02,-8.441233634948730469e-02,-7.138080894947052002e-02,5.606431007385253906e+01
-2.760422229766845703e-02,-8.440381288528442383e-02,-7.247743755578994751e-02,5.607493710517883301e+01
-2.730708941817283630e-02,-8.436338603496551514e-02,-7.355681061744689941e-02,5.607571220397949219e+01
-2.722835354506969452e-02,-8.467148244380950928e-02,-7.456092536449432373e-02,5.607939100265502930e+01
-2.809879928827285767e-02,-8.477154374122619629e-02,-7.509337365627288818e-02,5.608424210548400879e+01
-2.798869460821151733e-02,-8.490967750549316406e-02,-7.610521465539932251e-02,5.608928608894348145e+01
-2.819753251969814301e-02,-8.480048924684524536e-02,-7.739275693893432617e-02,5.609443616867065430e+01
-2.829303964972496033e-02,-8.480121195316314697e-02,-7.855027168989181519e-02,5.609928107261657715e+01
-2.843941748142242432e-02,-8.479396253824234009e-02,-7.971286028623580933e-02,5.610430622100830078e+01
-2.815888635814189911e-02,-8.483901619911193848e-02,-8.083999902009963989e-02,5.610930013656616211e+01
-2.800545841455459595e-02,-8.484127372503280640e-02,-8.201097697019577026e-02,5.611423516273498535e+01
-2.720379270613193512e-02,-8.451870828866958618e-02,-8.361367881298065186e-02,5.611938500404357910e+01
-2.751483209431171417e-02,-8.460495620965957642e-02,-8.506686240434646606e-02,5.612439799308776855e+01
-2.745828218758106232e-02,-8.460443466901779175e-02,-8.654759079217910767e-02,5.612954711914062500e+01
-2.746173366904258728e-02,-8.460236340761184692e-02,-8.808495849370956421e-02,5.613432812690734863e+01
-2.714045345783233643e-02,-8.455914258956909180e-02,-8.961679041385650635e-02,5.613940811157226562e+01
-2.693547867238521576e-02,-8.452748507261276245e-02,-9.121753275394439697e-02,5.614446616172790527e+01
-2.668173983693122864e-02,-8.449572324752807617e-02,-9.285455197095870972e-02,5.614945602416992188e+01
-2.710397914052009583e-02,-8.553293347358703613e-02,-9.239916503429412842e-02,5.615463519096374512e+01
-2.683942951261997223e-02,-8.564880490303039551e-02,-9.376604110002517700e-02,5.615954899787902832e+01
-2.655046433210372925e-02,-8.573033660650253296e-02,-9.513050317764282227e-02,5.616460609436035156e+01
-2.623260021209716797e-02,-8.582162857055664062e-02,-9.647128731012344360e-02,5.616945910453796387e+01
-2.626013942062854767e-02,-8.598056435585021973e-02,-9.769559651613235474e-02,5.617441201210021973e+01
-2.571456134319305420e-02,-8.534966409206390381e-02,-9.849236160516738892e-02,5.617940306663513184e+01
-2.566664852201938629e-02,-8.541143685579299927e-02,-9.962009638547897339e-02,5.618447518348693848e+01
-2.505443803966045380e-02,-8.531779050827026367e-02,-1.008621081709861755e-01,5.618940615653991699e+01
-2.473309636116027832e-02,-8.532053977251052856e-02,-1.019824892282485962e-01,5.619466304779052734e+01
-2.436211146414279938e-02,-8.533757925033569336e-02,-1.030911579728126526e-01,5.619947314262390137e+01
-2.421120181679725647e-02,-8.546297252178192139e-02,-1.044083088636398315e-01,5.620448207855224609e+01
-2.396771870553493500e-02,-8.555284887552261353e-02,-1.056511923670768738e-01,5.620955204963684082e+01
-2.634182199835777283e-02,-8.588697761297225952e-02,-1.084535047411918640e-01,5.621456909179687500e+01
-2.607202529907226562e-02,-8.595990389585494995e-02,-1.098097935318946838e-01,5.621955418586730957e+01
-2.590878680348396301e-02,-8.601059764623641968e-02,-1.112508177757263184e-01,5.622457408905029297e+01
-2.572916820645332336e-02,-8.607222884893417358e-02,-1.126914247870445251e-01,5.622959303855895996e+01
-2.560827322304248810e-02,-8.614167571067810059e-02,-1.142433732748031616e-01,5.623448610305786133e+01
-2.545769885182380676e-02,-8.620696514844894409e-02,-1.157889887690544128e-01,5.623953104019165039e+01
-2.585479058325290680e-02,-8.677675575017929077e-02,-1.166092976927757263e-01,5.624452710151672363e+01
-2.574589475989341736e-02,-8.694180101156234741e-02,-1.182388663291931152e-01,5.624952816963195801e+01
-2.539896406233310699e-02,-8.707647025585174561e-02,-1.197119802236557007e-01,5.625452899932861328e+01
-2.514686994254589081e-02,-8.722116053104400635e-02,-1.213011145591735840e-01,5.625976705551147461e+01
-2.486077509820461273e-02,-8.737829327583312988e-02,-1.228973641991615295e-01,5.626462721824645996e+01
-2.495809085667133331e-02,-8.755943924188613892e-02,-1.245040372014045715e-01,5.626958417892456055e+01
-2.496668323874473572e-02,-8.774672448635101318e-02,-1.261179298162460327e-01,5.627464103698730469e+01
-2.621576562523841858e-02,-8.667305856943130493e-02,-1.264400631189346313e-01,5.627958106994628906e+01
-2.611481584608554840e-02,-8.665191382169723511e-02,-1.277242153882980347e-01,5.628462910652160645e+01
-2.626591175794601440e-02,-8.661974221467971802e-02,-1.291459500789642334e-01,5.628958010673522949e+01
-2.642298489809036255e-02,-8.656245470046997070e-02,-1.305382847785949707e-01,5.629476404190063477e+01
-2.650162391364574432e-02,-8.654838055372238159e-02,-1.321135461330413818e-01,5.629957413673400879e+01
-2.659799903631210327e-02,-8.652864396572113037e-02,-1.336070150136947632e-01,5.630463004112243652e+01
-2.667710930109024048e-02,-8.652554452419281006e-02,-1.351157426834106445e-01,5.630958199501037598e+01
-2.626960910856723785e-02,-8.793465048074722290e-02,-1.370974481105804443e-01,5.631462216377258301e+01
-2.617583982646465302e-02,-8.813750743865966797e-02,-1.387870758771896362e-01,5.631957721710205078e+01
-2.603777870535850525e-02,-8.838040381669998169e-02,-1.405112445354461670e-01,5.632461810111999512e+01
-2.586174011230468750e-02,-8.864169567823410034e-02,-1.422681808471679688e-01,5.632980298995971680e+01
-2.567423321306705475e-02,-8.864950388669967651e-02,-1.440143585205078125e-01,5.633462119102478027e+01
-2.543572336435317993e-02,-8.880097419023513794e-02,-1.458196192979812622e-01,5.633962512016296387e+01
-2.477002516388893127e-02,-8.766982704401016235e-02,-1.461697965860366821e-01,5.634464502334594727e+01
-2.533053979277610779e-02,-8.778492361307144165e-02,-1.479160040616989136e-01,5.634975600242614746e+01
-2.547334320843219757e-02,-8.775298297405242920e-02,-1.497095525264739990e-01,5.635474514961242676e+01
-2.571858093142509460e-02,-8.771491050720214844e-02,-1.515349298715591431e-01,5.635989403724670410e+01
-2.561057917773723602e-02,-8.759249746799468994e-02,-1.531238704919815063e-01,5.636477708816528320e+01
-2.567145228385925293e-02,-8.748848736286163330e-02,-1.547758728265762329e-01,5.636976313591003418e+01
-2.570386603474617004e-02,-8.736798167228698730e-02,-1.563783884048461914e-01,5.637477517127990723e+01
-2.478047832846641541e-02,-8.912834525108337402e-02,-1.564160436391830444e-01,5.637976217269897461e+01
-2.458643540740013123e-02,-8.920990675687789917e-02,-1.577726602554321289e-01,5.638477015495300293e+01
-2.436517365276813507e-02,-8.928882330656051636e-02,-1.590815186500549316e-01,5.638976907730102539e+01
-2.471231110394001007e-02,-8.941575139760971069e-02,-1.608857661485671997e-01,5.639502215385437012e+01
-2.467299066483974457e-02,-8.951610326766967773e-02,-1.623007953166961670e-01,5.639976716041564941e+01
-2.465257607400417328e-02,-8.967575430870056152e-02,-1.636929363012313843e-01,5.640973210334777832e+01
-2.449357509613037109e-02,-8.980669826269149780e-02,-1.650807112455368042e-01,5.641119813919067383e+01
-2.692384831607341766e-02,-8.928882330656051636e-02,-1.684876680374145508e-01,5.641489815711975098e+01
-2.687708288431167603e-02,-8.925912529230117798e-02,-1.700341850519180298e-01,5.641990518569946289e+01
-2.680690586566925049e-02,-8.921052515506744385e-02,-1.715791225433349609e-01,5.642483019828796387e+01
-2.689811028540134430e-02,-8.947060257196426392e-02,-1.732776314020156860e-01,5.643024921417236328e+01
-2.687846869230270386e-02,-8.954379707574844360e-02,-1.749265193939208984e-01,5.643488311767578125e+01
-2.686016447842121124e-02,-8.962897211313247681e-02,-1.766044795513153076e-01,5.644002604484558105e+01
-2.666956745088100433e-02,-8.952952176332473755e-02,-1.782729029655456543e-01,5.644489121437072754e+01
-2.631393447518348694e-02,-8.949438482522964478e-02,-1.796635538339614868e-01,5.644995307922363281e+01
-2.603499405086040497e-02,-8.942761272192001343e-02,-1.813563406467437744e-01,5.645488119125366211e+01
-2.600070647895336151e-02,-8.965512365102767944e-02,-1.830427646636962891e-01,5.646025609970092773e+01
-2.581414580345153809e-02,-8.976639807224273682e-02,-1.847374588251113892e-01,5.646496915817260742e+01
-2.563158795237541199e-02,-8.991598337888717651e-02,-1.864495426416397095e-01,5.646989798545837402e+01
-2.540975064039230347e-02,-8.997330069541931152e-02,-1.879009306430816650e-01,5.647486805915832520e+01
-2.641894482076168060e-02,-9.094925224781036377e-02,-1.884728074073791504e-01,5.647991204261779785e+01
-2.630238234996795654e-02,-9.108421951532363892e-02,-1.897616535425186157e-01,5.648505115509033203e+01
-2.624391391873359680e-02,-9.125750511884689331e-02,-1.911161988973617554e-01,5.649001622200012207e+01
-2.615434676408767700e-02,-9.140991419553756714e-02,-1.923384219408035278e-01,5.649515414237976074e+01
-2.607111260294914246e-02,-9.157326072454452515e-02,-1.935103982686996460e-01,5.650006508827209473e+01
-2.599119767546653748e-02,-9.173713624477386475e-02,-1.946342587471008301e-01,5.650497221946716309e+01
-2.587196789681911469e-02,-9.179935604333877563e-02,-1.961060613393783569e-01,5.651003313064575195e+01
-2.526116743683815002e-02,-9.095741808414459229e-02,-1.977574825286865234e-01,5.651498818397521973e+01
-2.509964257478713989e-02,-9.094127267599105835e-02,-1.992509961128234863e-01,5.652010321617126465e+01
-2.526154741644859314e-02,-9.102233499288558960e-02,-2.011822909116744995e-01,5.652497220039367676e+01
-2.528543025255203247e-02,-9.104713797569274902e-02,-2.029695063829421997e-01,5.653015899658203125e+01
-2.535346895456314087e-02,-9.109938144683837891e-02,-2.048367410898208618e-01,5.653500318527221680e+01
-2.533897757530212402e-02,-9.122999757528305054e-02,-2.066403031349182129e-01,5.654010319709777832e+01
-2.539403736591339111e-02,-9.133985638618469238e-02,-2.085610032081604004e-01,5.654500102996826172e+01
-2.546040900051593781e-02,-9.104292839765548706e-02,-2.084753215312957764e-01,5.655015707015991211e+01
-2.535436861217021942e-02,-9.085100889205932617e-02,-2.100278288125991821e-01,5.655512809753417969e+01
-2.530267275869846344e-02,-9.072333574295043945e-02,-2.117839753627777100e-01,5.656032919883728027e+01
-2.523679286241531372e-02,-9.055320918560028076e-02,-2.135313153266906738e-01,5.656516003608703613e+01
-2.535530366003513336e-02,-9.061045944690704346e-02,-2.152553796768188477e-01,5.657011818885803223e+01
-2.542880736291408539e-02,-9.059593081474304199e-02,-2.169646620750427246e-01,5.657516002655029297e+01
-2.661962620913982391e-02,-9.200450778007507324e-02,-2.188087105751037598e-01,5.658020806312561035e+01
-2.686022408306598663e-02,-9.217465668916702271e-02,-2.205160856246948242e-01,5.658514809608459473e+01
-2.694175764918327332e-02,-9.189867973327636719e-02,-2.219925820827484131e-01,5.659012913703918457e+01
-2.714481018483638763e-02,-9.186097234487533569e-02,-2.235372960567474365e-01,5.659531021118164062e+01
-2.736598998308181763e-02,-9.179551154375076294e-02,-2.250223606824874878e-01,5.660031104087829590e+01
-2.739961259067058563e-02,-9.190361946821212769e-02,-2.265154570341110229e-01,5.660504007339477539e+01
-2.643869258463382721e-02,-9.287588298320770264e-02,-2.266375422477722168e-01,5.661011910438537598e+01
-2.628052048385143280e-02,-9.303419291973114014e-02,-2.280603796243667603e-01,5.661528706550598145e+01
-2.600285224616527557e-02,-9.299384802579879761e-02,-2.299922406673431396e-01,5.662033009529113770e+01
-2.571046911180019379e-02,-9.305718541145324707e-02,-2.316974997520446777e-01,5.662523913383483887e+01
-2.535665407776832581e-02,-9.309418499469757080e-02,-2.334793657064437866e-01,5.663033819198608398e+01
-2.535402588546276093e-02,-9.326149523258209229e-02,-2.354247570037841797e-01,5.663527202606201172e+01
-2.523859590291976929e-02,-9.340055286884307861e-02,-2.374262511730194092e-01,5.664031410217285156e+01
-2.518471702933311462e-02,-9.356492012739181519e-02,-2.395305186510086060e-01,5.664549517631530762e+01
-2.740106917917728424e-02,-9.316024929285049438e-02,-2.392035275697708130e-01,5.665029120445251465e+01
-2.755023911595344543e-02,-9.309957176446914673e-02,-2.408945411443710327e-01,5.665528011322021484e+01
-2.771963551640510559e-02,-9.299349784851074219e-02,-2.425452619791030884e-01,5.666050219535827637e+01
-2.785649150609970093e-02,-9.298530220985412598e-02,-2.439789026975631714e-01,5.666544604301452637e+01
-2.801443450152873993e-02,-9.290122985839843750e-02,-2.453796118497848511e-01,5.667034316062927246e+01
-2.817670442163944244e-02,-9.281361103057861328e-02,-2.466770708560943604e-01,5.667520618438720703e+01
-2.834097668528556824e-02,-9.272070974111557007e-02,-2.478787451982498169e-01,5.668039703369140625e+01
-2.744993939995765686e-02,-9.346335381269454956e-02,-2.495241761207580566e-01,5.668531703948974609e+01
-2.753624878823757172e-02,-9.360031038522720337e-02,-2.511893510818481445e-01,5.669035911560058594e+01
-2.763360552489757538e-02,-9.375356137752532959e-02,-2.529321610927581787e-01,5.669546008110046387e+01
-2.802614681422710419e-02,-9.378080070018768311e-02,-2.548368871212005615e-01,5.670034718513488770e+01
-2.830806374549865723e-02,-9.390898793935775757e-02,-2.567314803600311279e-01,5.670533108711242676e+01
-2.863981574773788452e-02,-9.403047710657119751e-02,-2.587072253227233887e-01,5.671042704582214355e+01
-2.871354110538959503e-02,-9.407081454992294312e-02,-2.604452371597290039e-01,5.671541213989257812e+01
-2.880835905671119690e-02,-9.465477615594863892e-02,-2.601683139801025391e-01,5.672063422203063965e+01
-2.885560132563114166e-02,-9.478971362113952637e-02,-2.616504728794097900e-01,5.672552108764648438e+01
-2.923676371574401855e-02,-9.492487460374832153e-02,-2.634986340999603271e-01,5.673034310340881348e+01
-2.945598401129245758e-02,-9.504345804452896118e-02,-2.652274668216705322e-01,5.673536300659179688e+01
-2.971222810447216034e-02,-9.520157426595687866e-02,-2.670104503631591797e-01,5.674036121368408203e+01
-2.983158268034458160e-02,-9.546583890914916992e-02,-2.687140703201293945e-01,5.674536800384521484e+01
-3.000661358237266541e-02,-9.568875283002853394e-02,-2.704836130142211914e-01,5.675048708915710449e+01
-2.989881671965122223e-02,-9.479852020740509033e-02,-2.719819843769073486e-01,5.675546908378601074e+01
-3.002737648785114288e-02,-9.493276476860046387e-02,-2.737460434436798096e-01,5.676052212715148926e+01
-3.033683635294437408e-02,-9.488870948553085327e-02,-2.750950753688812256e-01,5.676560306549072266e+01
-3.053909353911876678e-02,-9.492059051990509033e-02,-2.765939533710479736e-01,5.677038216590881348e+01
-3.075185045599937439e-02,-9.493619203567504883e-02,-2.780158817768096924e-01,5.677536606788635254e+01
-3.074737638235092163e-02,-9.512364864349365234e-02,-2.794719636440277100e-01,5.678056311607360840e+01
-3.017164580523967743e-02,-9.513931721448898315e-02,-2.805044949054718018e-01,5.678547906875610352e+01
-3.006110712885856628e-02,-9.531202167272567749e-02,-2.819608151912689209e-01,5.679050803184509277e+01
-3.027594089508056641e-02,-9.524818509817123413e-02,-2.835622131824493408e-01,5.679573822021484375e+01
-3.029751032590866089e-02,-9.532557427883148193e-02,-2.850805521011352539e-01,5.680053710937500000e+01
-3.033092245459556580e-02,-9.539783746004104614e-02,-2.866017818450927734e-01,5.680546998977661133e+01
-3.018727339804172516e-02,-9.554755687713623047e-02,-2.881613671779632568e-01,5.681051301956176758e+01
-3.008264675736427307e-02,-9.567346423864364624e-02,-2.897230982780456543e-01,5.681559610366821289e+01
-2.975232899188995361e-02,-9.623241424560546875e-02,-2.910045683383941650e-01,5.682155299186706543e+01
-3.006061911582946777e-02,-9.628169983625411987e-02,-2.926726341247558594e-01,5.682571005821228027e+01
-3.015368990600109100e-02,-9.636825323104858398e-02,-2.943626940250396729e-01,5.683054614067077637e+01
-3.030515462160110474e-02,-9.644348919391632080e-02,-2.960729598999023438e-01,5.683562803268432617e+01
-3.051601536571979523e-02,-9.649945795536041260e-02,-2.978044152259826660e-01,5.684063220024108887e+01
-3.042269125580787659e-02,-9.657298773527145386e-02,-2.993458509445190430e-01,5.684562516212463379e+01
-3.050507977604866028e-02,-9.661465883255004883e-02,-3.009831309318542480e-01,5.685071420669555664e+01
-3.057597763836383820e-02,-9.663361310958862305e-02,-3.025939762592315674e-01,5.685562300682067871e+01
-3.045613504946231842e-02,-9.677132219076156616e-02,-3.025355637073516846e-01,5.686079406738281250e+01
-3.056428395211696625e-02,-9.685761481523513794e-02,-3.041251003742218018e-01,5.686577200889587402e+01
-3.069088049232959747e-02,-9.695275127887725830e-02,-3.057231903076171875e-01,5.687066102027893066e+01
-3.070334345102310181e-02,-9.713307768106460571e-02,-3.071572184562683105e-01,5.687561917304992676e+01
-3.078313916921615601e-02,-9.728847444057464600e-02,-3.086604177951812744e-01,5.688057112693786621e+01
-3.085828199982643127e-02,-9.746888279914855957e-02,-3.101442456245422363e-01,5.688577198982238770e+01
-3.092531114816665649e-02,-9.755795449018478394e-02,-3.114692270755767822e-01,5.689082002639770508e+01
-3.176938369870185852e-02,-9.770711511373519897e-02,-3.125256001949310303e-01,5.689584517478942871e+01
-3.185797482728958130e-02,-9.774755686521530151e-02,-3.137536644935607910e-01,5.690072607994079590e+01
-3.186414763331413269e-02,-9.784465283155441284e-02,-3.152819275856018066e-01,5.690561819076538086e+01
-3.189031407237052917e-02,-9.790727496147155762e-02,-3.166085779666900635e-01,5.691070914268493652e+01
-3.189654275774955750e-02,-9.797772020101547241e-02,-3.179365098476409912e-01,5.691562819480895996e+01
-3.195045515894889832e-02,-9.803569316864013672e-02,-3.194373846054077148e-01,5.692080020904541016e+01
-3.197414055466651917e-02,-9.808630496263504028e-02,-3.209212720394134521e-01,5.692597508430480957e+01
-3.109984658658504486e-02,-9.743753075599670410e-02,-3.215335607528686523e-01,5.693090701103210449e+01
-3.107712976634502411e-02,-9.736662358045578003e-02,-3.231928646564483643e-01,5.693573904037475586e+01
-3.085564635694026947e-02,-9.741366654634475708e-02,-3.247412741184234619e-01,5.694079709053039551e+01
-3.071451559662818909e-02,-9.739962965250015259e-02,-3.264262974262237549e-01,5.694574809074401855e+01
-3.054300509393215179e-02,-9.739275276660919189e-02,-3.281417489051818848e-01,5.695091915130615234e+01
-3.050262480974197388e-02,-9.738447517156600952e-02,-3.299025595188140869e-01,5.695591711997985840e+01
-3.110587969422340393e-02,-9.804120659828186035e-02,-3.314580321311950684e-01,5.696099615097045898e+01
-3.109417296946048737e-02,-9.808272123336791992e-02,-3.333030939102172852e-01,5.696587419509887695e+01
-3.115646913647651672e-02,-9.839802235364913940e-02,-3.347729146480560303e-01,5.697094702720642090e+01
-3.121411241590976715e-02,-9.859101474285125732e-02,-3.364348113536834717e-01,5.697588706016540527e+01
-3.129749745130538940e-02,-9.882263839244842529e-02,-3.380671441555023193e-01,5.698080110549926758e+01
-3.123478218913078308e-02,-9.881199151277542114e-02,-3.394075334072113037e-01,5.698573613166809082e+01
-3.122285380959510803e-02,-9.889839589595794678e-02,-3.407608270645141602e-01,5.699092316627502441e+01
-3.138731792569160461e-02,-9.891899675130844116e-02,-3.397235572338104248e-01,5.699605512619018555e+01
-3.138961270451545715e-02,-9.900566190481185913e-02,-3.411480188369750977e-01,5.700092816352844238e+01
-3.133948892354965210e-02,-9.902782738208770752e-02,-3.422915041446685791e-01,5.700588202476501465e+01
-3.128366172313690186e-02,-9.904903173446655273e-02,-3.434192836284637451e-01,5.701092219352722168e+01
-3.122165985405445099e-02,-9.905914217233657837e-02,-3.445356190204620361e-01,5.701605916023254395e+01
-3.121021389961242676e-02,-9.906926006078720093e-02,-3.460262417793273926e-01,5.702105998992919922e+01
-3.117484785616397858e-02,-9.906579554080963135e-02,-3.473761677742004395e-01,5.702613615989685059e+01
-3.188289329409599304e-02,-9.928913414478302002e-02,-3.507342934608459473e-01,5.703117418289184570e+01
-3.162548318505287170e-02,-9.929215908050537109e-02,-3.524997830390930176e-01,5.703583621978759766e+01
-3.148750960826873779e-02,-9.926903992891311646e-02,-3.543229699134826660e-01,5.704106116294860840e+01
-3.131012618541717529e-02,-9.923994541168212891e-02,-3.562084436416625977e-01,5.704589104652404785e+01
-3.115147724747657776e-02,-9.926751255989074707e-02,-3.581596314907073975e-01,5.705097913742065430e+01
-3.094554133713245392e-02,-9.927897900342941284e-02,-3.601767122745513916e-01,5.705663204193115234e+01
-3.071592748165130615e-02,-9.928396344184875488e-02,-3.622717857360839844e-01,5.706127119064331055e+01
-3.078731149435043335e-02,-9.922782331705093384e-02,-3.642727136611938477e-01,5.706600999832153320e+01
-3.078715316951274872e-02,-9.916911274194717407e-02,-3.663744032382965088e-01,5.707106614112854004e+01
-3.085614554584026337e-02,-9.908500313758850098e-02,-3.685038387775421143e-01,5.707590508460998535e+01
-3.066498227417469025e-02,-9.894856810569763184e-02,-3.700259625911712646e-01,5.708096098899841309e+01
-3.058986552059650421e-02,-9.881287813186645508e-02,-3.716645538806915283e-01,5.708598709106445312e+01
-3.048986941576004028e-02,-9.865962713956832886e-02,-3.731584250926971436e-01,5.709120202064514160e+01
-3.178879991173744202e-02,-1.010618358850479126e-01,-3.661465346813201904e-01,5.709662199020385742e+01
-3.176240250468254089e-02,-1.014446988701820374e-01,-3.672527670860290527e-01,5.710120010375976562e+01
-3.168702125549316406e-02,-1.016943827271461487e-01,-3.679837584495544434e-01,5.710620903968811035e+01
-3.159392997622489929e-02,-1.019701361656188965e-01,-3.686555027961730957e-01,5.711106705665588379e+01
-3.173903003334999084e-02,-1.021664291620254517e-01,-3.697911500930786133e-01,5.711631798744201660e+01
-3.183194622397422791e-02,-1.024097129702568054e-01,-3.707591593265533447e-01,5.712120103836059570e+01
-3.198045119643211365e-02,-1.026460155844688416e-01,-3.718068301677703857e-01,5.712670707702636719e+01
-3.141376376152038574e-02,-1.013300120830535889e-01,-3.790636956691741943e-01,5.713106012344360352e+01
-3.133384138345718384e-02,-1.014010608196258545e-01,-3.806222379207611084e-01,5.713603401184082031e+01
-3.121776878833770752e-02,-1.014627441763877869e-01,-3.821968138217926025e-01,5.714119219779968262e+01
-3.099675476551055908e-02,-1.015179753303527832e-01,-3.841669261455535889e-01,5.714624118804931641e+01
-3.076341748237609863e-02,-1.015715301036834717e-01,-3.860306143760681152e-01,5.715127706527709961e+01
-3.048143908381462097e-02,-1.016159728169441223e-01,-3.879838585853576660e-01,5.715644812583923340e+01
-3.036870807409286499e-02,-1.017379909753799438e-01,-3.899823129177093506e-01,5.716140007972717285e+01
-2.986148186028003693e-02,-1.009523198008537292e-01,-3.886695504188537598e-01,5.716679620742797852e+01
-2.969975955784320831e-02,-1.010270044207572937e-01,-3.906530439853668213e-01,5.717127299308776855e+01
-2.983866445720195770e-02,-1.009462475776672363e-01,-3.919766843318939209e-01,5.717686104774475098e+01
-2.989800460636615753e-02,-1.009316146373748779e-01,-3.935986757278442383e-01,5.718127703666687012e+01
-3.002612665295600891e-02,-1.009039133787155151e-01,-3.951583802700042725e-01,5.718674802780151367e+01
-3.022278659045696259e-02,-1.008451282978057861e-01,-3.966583907604217529e-01,5.719128608703613281e+01
-3.003912791609764099e-02,-1.009713709354400635e-01,-3.976436853408813477e-01,5.719664621353149414e+01
-3.006877005100250244e-02,-1.010251045227050781e-01,-3.987230658531188965e-01,5.720128202438354492e+01
-3.007902577519416809e-02,-1.010800972580909729e-01,-3.996743857860565186e-01,5.720621609687805176e+01
-3.013374842703342438e-02,-1.011406630277633667e-01,-4.010738432407379150e-01,5.721127605438232422e+01
-3.016217239201068878e-02,-1.012269258499145508e-01,-4.022017121315002441e-01,5.721648311614990234e+01
-3.019192069768905640e-02,-1.013444289565086365e-01,-4.033094346523284912e-01,5.722140717506408691e+01
-3.013460151851177216e-02,-1.013632938265800476e-01,-4.044694304466247559e-01,5.722702312469482422e+01
-2.998390048742294312e-02,-1.026132777333259583e-01,-4.054934382438659668e-01,5.723139905929565430e+01
-2.983350493013858795e-02,-1.026492938399314880e-01,-4.068490564823150635e-01,5.723664617538452148e+01
-2.985927090048789978e-02,-1.027282625436782837e-01,-4.085381329059600830e-01,5.724149107933044434e+01
-2.979251742362976074e-02,-1.027849018573760986e-01,-4.101340770721435547e-01,5.724707603454589844e+01
-2.973806858062744141e-02,-1.028354763984680176e-01,-4.118141233921051025e-01,5.725139307975769043e+01
-2.949510887265205383e-02,-1.028339564800262451e-01,-4.134265184402465820e-01,5.725662112236022949e+01
-2.929322607815265656e-02,-1.028317734599113464e-01,-4.151404500007629395e-01,5.726167106628417969e+01
-2.904670685529708862e-02,-1.028287112712860107e-01,-4.168912172317504883e-01,5.726695299148559570e+01
-2.875567786395549774e-02,-1.028200164437294006e-01,-4.186745584011077881e-01,5.727153205871582031e+01
-2.855761535465717316e-02,-1.028939634561538696e-01,-4.203737974166870117e-01,5.727689909934997559e+01
-2.827048860490322113e-02,-1.029051393270492554e-01,-4.221251308917999268e-01,5.728141117095947266e+01
-2.796486578881740570e-02,-1.029161140322685242e-01,-4.238908290863037109e-01,5.728721904754638672e+01
-2.786651998758316040e-02,-1.029958426952362061e-01,-4.254350066184997559e-01,5.729154610633850098e+01
-2.871574275195598602e-02,-1.015985757112503052e-01,-4.236678481101989746e-01,5.729683518409729004e+01
-2.872133068740367889e-02,-1.017255336046218872e-01,-4.249784946441650391e-01,5.730155706405639648e+01
-2.833656594157218933e-02,-1.015597060322761536e-01,-4.256700873374938965e-01,5.730698013305664062e+01
-2.816280536353588104e-02,-1.015690341591835022e-01,-4.264816343784332275e-01,5.731160020828247070e+01
-2.796261571347713470e-02,-1.015676930546760559e-01,-4.271221756935119629e-01,5.731717705726623535e+01
-2.793809771537780762e-02,-1.017965599894523621e-01,-4.280968606472015381e-01,5.732158708572387695e+01
-2.952232584357261658e-02,-1.034128293395042419e-01,-4.299040436744689941e-01,5.732693719863891602e+01
-2.956504374742507935e-02,-1.036987975239753723e-01,-4.308370649814605713e-01,5.733144307136535645e+01
-2.954266406595706940e-02,-1.034807860851287842e-01,-4.321317374706268311e-01,5.733702921867370605e+01
-2.958031930029392242e-02,-1.034929901361465454e-01,-4.333201050758361816e-01,5.734158110618591309e+01
-2.962914668023586273e-02,-1.034533157944679260e-01,-4.345915615558624268e-01,5.734705519676208496e+01
-2.968819439411163330e-02,-1.033394560217857361e-01,-4.359443187713623047e-01,5.735168814659118652e+01
-2.956646680831909180e-02,-1.035813912749290466e-01,-4.375752210617065430e-01,5.735697317123413086e+01
-2.921555005013942719e-02,-1.023600250482559204e-01,-4.411399364471435547e-01,5.736178421974182129e+01
-2.907447144389152527e-02,-1.024187803268432617e-01,-4.430313706398010254e-01,5.736693000793457031e+01
-2.873941324651241302e-02,-1.023578569293022156e-01,-4.447371661663055420e-01,5.737166309356689453e+01
-2.844749577343463898e-02,-1.023384705185890198e-01,-4.466962516307830811e-01,5.737687301635742188e+01
-2.810588665306568146e-02,-1.022990345954895020e-01,-4.487282335758209229e-01,5.738166713714599609e+01
-2.799341455101966858e-02,-1.022963598370552063e-01,-4.505697190761566162e-01,5.738681221008300781e+01
-2.806406281888484955e-02,-1.017449423670768738e-01,-4.503630995750427246e-01,5.739166617393493652e+01
-2.798889577388763428e-02,-1.017435491085052490e-01,-4.521464705467224121e-01,5.739704012870788574e+01
-2.798793278634548187e-02,-1.017918437719345093e-01,-4.532561004161834717e-01,5.740163421630859375e+01
-2.799818105995655060e-02,-1.018214374780654907e-01,-4.546314179897308350e-01,5.740683412551879883e+01
-2.804507873952388763e-02,-1.018723994493484497e-01,-4.559060931205749512e-01,5.741165900230407715e+01
-2.799990214407444000e-02,-1.018688827753067017e-01,-4.570507109165191650e-01,5.741683506965637207e+01
-2.784280851483345032e-02,-1.032376736402511597e-01,-4.570429623126983643e-01,5.742177700996398926e+01
-2.781528420746326447e-02,-1.033522337675094604e-01,-4.577704668045043945e-01,5.742694616317749023e+01
-2.750923857092857361e-02,-1.035074517130851746e-01,-4.588742852210998535e-01,5.743201613426208496e+01
-2.729229256510734558e-02,-1.036374717950820923e-01,-4.597109258174896240e-01,5.743700003623962402e+01
-2.702207118272781372e-02,-1.037626042962074280e-01,-4.605085849761962891e-01,5.744176721572875977e+01
-2.710581012070178986e-02,-1.031471267342567444e-01,-4.642007946968078613e-01,5.744704103469848633e+01
-2.727656811475753784e-02,-1.030020862817764282e-01,-4.659965932369232178e-01,5.745176815986633301e+01
-2.715906314551830292e-02,-1.029691845178604126e-01,-4.674448668956756592e-01,5.745705699920654297e+01
-2.706696279346942902e-02,-1.029111519455909729e-01,-4.689946174621582031e-01,5.746200704574584961e+01
-2.690851129591464996e-02,-1.030286625027656555e-01,-4.707506597042083740e-01,5.746707916259765625e+01
-2.679026685655117035e-02,-1.030861511826515198e-01,-4.725927114486694336e-01,5.747176098823547363e+01
-2.667354047298431396e-02,-1.031621322035789490e-01,-4.745754301548004150e-01,5.747679710388183594e+01
-2.667942084372043610e-02,-1.024813950061798096e-01,-4.747186005115509033e-01,5.748176717758178711e+01
-2.655906789004802704e-02,-1.023726761341094971e-01,-4.767156243324279785e-01,5.748692202568054199e+01
-2.643540687859058380e-02,-1.022109836339950562e-01,-4.787929356098175049e-01,5.749179315567016602e+01
-2.630079723894596100e-02,-1.022472158074378967e-01,-4.806473255157470703e-01,5.749704504013061523e+01
-2.616473659873008728e-02,-1.022019162774085999e-01,-4.826224744319915771e-01,5.750180506706237793e+01
-2.602559141814708710e-02,-1.021865755319595337e-01,-4.845788180828094482e-01,5.750697207450866699e+01
-2.667561545968055725e-02,-1.025712117552757263e-01,-4.845176935195922852e-01,5.751191806793212891e+01
-2.667637914419174194e-02,-1.025528758764266968e-01,-4.859324693679809570e-01,5.751695203781127930e+01
-2.669962495565414429e-02,-1.025421470403671265e-01,-4.871919453144073486e-01,5.752184700965881348e+01
-2.674882486462593079e-02,-1.025228127837181091e-01,-4.883255064487457275e-01,5.752703309059143066e+01
-2.650689892470836639e-02,-1.026184260845184326e-01,-4.896697402000427246e-01,5.753174018859863281e+01
-2.639206126332283020e-02,-1.026669293642044067e-01,-4.907683134078979492e-01,5.753684020042419434e+01
-2.624095417559146881e-02,-1.027729362249374390e-01,-4.917758703231811523e-01,5.754183912277221680e+01
-2.557633444666862488e-02,-1.035510599613189697e-01,-4.941980540752410889e-01,5.754684901237487793e+01
-2.527491748332977295e-02,-1.035969704389572144e-01,-4.954112768173217773e-01,5.755205607414245605e+01
-2.494090795516967773e-02,-1.036215126514434814e-01,-4.966093897819519043e-01,5.755702304840087891e+01
-2.502529695630073547e-02,-1.037659645080566406e-01,-4.983069598674774170e-01,5.756213808059692383e+01
-2.490367740392684937e-02,-1.038398817181587219e-01,-4.997835159301757812e-01,5.756708502769470215e+01
-2.482206374406814575e-02,-1.039049252867698669e-01,-5.013333559036254883e-01,5.757211208343505859e+01
-2.452041767537593842e-02,-1.039155498147010803e-01,-5.029435753822326660e-01,5.757710814476013184e+01
-2.498301863670349121e-02,-1.035769507288932800e-01,-5.036123394966125488e-01,5.758203411102294922e+01
-2.475708909332752228e-02,-1.036682128906250000e-01,-5.052578449249267578e-01,5.758731102943420410e+01
-2.465430647134780884e-02,-1.036737486720085144e-01,-5.067961812019348145e-01,5.759206604957580566e+01
-2.446931228041648865e-02,-1.037117466330528259e-01,-5.084441900253295898e-01,5.759714698791503906e+01
-2.428342588245868683e-02,-1.037485972046852112e-01,-5.101128220558166504e-01,5.760209202766418457e+01
-2.409472502768039703e-02,-1.037744209170341492e-01,-5.118121504783630371e-01,5.760720205307006836e+01
-2.448976598680019379e-02,-1.030030623078346252e-01,-5.129401683807373047e-01,5.761208915710449219e+01
-2.452912926673889160e-02,-1.030012667179107666e-01,-5.146952271461486816e-01,5.761725211143493652e+01
-2.460611984133720398e-02,-1.030071079730987549e-01,-5.164873003959655762e-01,5.762221121788024902e+01
-2.419062145054340363e-02,-1.030182242393493652e-01,-5.180028080940246582e-01,5.762738609313964844e+01
-2.403788454830646515e-02,-1.030475944280624390e-01,-5.196700692176818848e-01,5.763225913047790527e+01
-2.384047769010066986e-02,-1.030745431780815125e-01,-5.213224291801452637e-01,5.763726711273193359e+01
-2.387077361345291138e-02,-1.031193211674690247e-01,-5.228253006935119629e-01,5.764206218719482422e+01
-2.363173849880695343e-02,-1.039118096232414246e-01,-5.231307148933410645e-01,5.764727520942687988e+01
-2.365437708795070648e-02,-1.040685474872589111e-01,-5.244177579879760742e-01,5.765225911140441895e+01
-2.369769476354122162e-02,-1.041246950626373291e-01,-5.257547497749328613e-01,5.765729022026062012e+01
-2.378206513822078705e-02,-1.042564734816551208e-01,-5.269923210144042969e-01,5.766247510910034180e+01
-2.389804087579250336e-02,-1.044015660881996155e-01,-5.282043814659118652e-01,5.766715502738952637e+01
-2.377481199800968170e-02,-1.044937744736671448e-01,-5.295536518096923828e-01,5.767211508750915527e+01
-2.372358180582523346e-02,-1.046010181307792664e-01,-5.308298468589782715e-01,5.767710614204406738e+01
-2.256601303815841675e-02,-1.038180142641067505e-01,-5.336398482322692871e-01,5.768210220336914062e+01
-2.233333513140678406e-02,-1.039493530988693237e-01,-5.352003574371337891e-01,5.768740105628967285e+01
-2.204725146293640137e-02,-1.039770022034645081e-01,-5.366996526718139648e-01,5.769244217872619629e+01
-2.172135561704635620e-02,-1.040049046277999878e-01,-5.382326841354370117e-01,5.769738721847534180e+01
-2.135475538671016693e-02,-1.040354669094085693e-01,-5.398060679435729980e-01,5.770232510566711426e+01
-2.116950042545795441e-02,-1.039702594280242920e-01,-5.414299368858337402e-01,5.770737218856811523e+01
-2.250636741518974304e-02,-1.038878560066223145e-01,-5.425043702125549316e-01,5.771233320236206055e+01
-2.236945368349552155e-02,-1.038252264261245728e-01,-5.441777110099792480e-01,5.771742105484008789e+01
-2.261183597147464752e-02,-1.039276421070098877e-01,-5.458441972732543945e-01,5.772232007980346680e+01
-2.271255478262901306e-02,-1.039389148354530334e-01,-5.475824475288391113e-01,5.772755408287048340e+01
-2.287113852798938751e-02,-1.039574891328811646e-01,-5.493535399436950684e-01,5.773232913017272949e+01
-2.297658473253250122e-02,-1.039162501692771912e-01,-5.510212182998657227e-01,5.773730921745300293e+01
-2.316083759069442749e-02,-1.038887575268745422e-01,-5.527385473251342773e-01,5.774237298965454102e+01
-2.187538519501686096e-02,-1.040900051593780518e-01,-5.523462891578674316e-01,5.774733209609985352e+01
-2.145633101463317871e-02,-1.041912138462066650e-01,-5.538164377212524414e-01,5.775248312950134277e+01
-2.125534974038600922e-02,-1.042309179902076721e-01,-5.553088188171386719e-01,5.775752902030944824e+01
-2.097786590456962585e-02,-1.042675152420997620e-01,-5.567921996116638184e-01,5.776255321502685547e+01
-2.088418789207935333e-02,-1.042779535055160522e-01,-5.582625865936279297e-01,5.776749610900878906e+01
-2.068191580474376678e-02,-1.043115556240081787e-01,-5.597307085990905762e-01,5.777252912521362305e+01
-2.145756967365741730e-02,-1.042234599590301514e-01,-5.624473690986633301e-01,5.777747917175292969e+01
-2.136022225022315979e-02,-1.042490005493164062e-01,-5.639946460723876953e-01,5.778246307373046875e+01
-2.175450697541236877e-02,-1.042747348546981812e-01,-5.654478073120117188e-01,5.778745913505554199e+01
-2.193392626941204071e-02,-1.042965725064277649e-01,-5.669233798980712891e-01,5.779248309135437012e+01
-2.218833751976490021e-02,-1.043100729584693909e-01,-5.683780908584594727e-01,5.779762816429138184e+01
-2.209520526230335236e-02,-1.043166294693946838e-01,-5.698142051696777344e-01,5.780247116088867188e+01
-2.213322743773460388e-02,-1.043242588639259338e-01,-5.712198019027709961e-01,5.780749821662902832e+01
-2.102599106729030609e-02,-1.053623184561729431e-01,-5.718684792518615723e-01,5.781250000000000000e+01
-2.109791524708271027e-02,-1.054931655526161194e-01,-5.734100341796875000e-01,5.781737613677978516e+01
-2.101819030940532684e-02,-1.056599617004394531e-01,-5.748160481452941895e-01,5.782246613502502441e+01
-2.094103954732418060e-02,-1.058454662561416626e-01,-5.762383341789245605e-01,5.782814121246337891e+01
-2.075526118278503418e-02,-1.059846654534339905e-01,-5.776532292366027832e-01,5.783259201049804688e+01
-2.058679983019828796e-02,-1.061358228325843811e-01,-5.790905952453613281e-01,5.783751916885375977e+01
-2.038861997425556183e-02,-1.062743961811065674e-01,-5.805373787879943848e-01,5.784258508682250977e+01
-2.092516236007213593e-02,-1.051190495491027832e-01,-5.827113986015319824e-01,5.784766006469726562e+01
-2.082499302923679352e-02,-1.051624044775962830e-01,-5.841938853263854980e-01,5.785257220268249512e+01
-2.074053138494491577e-02,-1.052025780081748962e-01,-5.856820940971374512e-01,5.785785698890686035e+01
-2.066775970160961151e-02,-1.052516177296638489e-01,-5.871574282646179199e-01,5.786281800270080566e+01
-2.055523917078971863e-02,-1.051397323608398438e-01,-5.886074900627136230e-01,5.786762619018554688e+01
-2.047114074230194092e-02,-1.050983592867851257e-01,-5.900751948356628418e-01,5.787253618240356445e+01
-2.053592167794704437e-02,-1.051156446337699890e-01,-5.917953252792358398e-01,5.787760305404663086e+01
-2.072864584624767303e-02,-1.054012030363082886e-01,-5.936923623085021973e-01,5.788256716728210449e+01
-2.081611007452011108e-02,-1.055049970746040344e-01,-5.953882336616516113e-01,5.788760900497436523e+01
-2.094778791069984436e-02,-1.056538820266723633e-01,-5.971320271492004395e-01,5.789280200004577637e+01
-2.096275426447391510e-02,-1.056262999773025513e-01,-5.987259745597839355e-01,5.789799404144287109e+01
-2.103919535875320435e-02,-1.056591272354125977e-01,-6.004113554954528809e-01,5.790268206596374512e+01
-2.110958658158779144e-02,-1.056646779179573059e-01,-6.020936965942382812e-01,5.790756821632385254e+01
-2.016637846827507019e-02,-1.053711026906967163e-01,-6.035140156745910645e-01,5.791265916824340820e+01
-2.014222927391529083e-02,-1.052027195692062378e-01,-6.052368879318237305e-01,5.791766905784606934e+01
-2.011134661734104156e-02,-1.049979776144027710e-01,-6.069726943969726562e-01,5.792270302772521973e+01
-2.031275071203708649e-02,-1.052082106471061707e-01,-6.083037257194519043e-01,5.792778706550598145e+01
-2.036535181105136871e-02,-1.050780639052391052e-01,-6.099049448966979980e-01,5.793266701698303223e+01
-2.042996510863304138e-02,-1.049275621771812439e-01,-6.115043759346008301e-01,5.793781709671020508e+01
-2.026494219899177551e-02,-1.048194691538810730e-01,-6.130708456039428711e-01,5.794273710250854492e+01
-2.045795135200023651e-02,-1.063699349761009216e-01,-6.134458780288696289e-01,5.794770717620849609e+01
-2.026642858982086182e-02,-1.065139994025230408e-01,-6.147813200950622559e-01,5.795270204544067383e+01
-2.002369612455368042e-02,-1.066730320453643799e-01,-6.160928606986999512e-01,5.795770907402038574e+01
-2.012576721608638763e-02,-1.066329553723335266e-01,-6.175389289855957031e-01,5.796290612220764160e+01
-2.000153437256813049e-02,-1.067177802324295044e-01,-6.188739538192749023e-01,5.796768212318420410e+01
-1.987824402749538422e-02,-1.067937612533569336e-01,-6.202048063278198242e-01,5.797277116775512695e+01
-1.976365409791469574e-02,-1.069304198026657104e-01,-6.217990517616271973e-01,5.797783017158508301e+01
-2.026545070111751556e-02,-1.065366342663764954e-01,-6.234704852104187012e-01,5.798276209831237793e+01
-2.024380862712860107e-02,-1.066306382417678833e-01,-6.251526474952697754e-01,5.798779916763305664e+01
-2.037402801215648651e-02,-1.066335961222648621e-01,-6.269492506980895996e-01,5.799291205406188965e+01
-2.045317180454730988e-02,-1.066871359944343567e-01,-6.287894248962402344e-01,5.799794411659240723e+01
-2.056202106177806854e-02,-1.067277342081069946e-01,-6.307052373886108398e-01,5.800263309478759766e+01
-2.044957689940929413e-02,-1.066694408655166626e-01,-6.324607133865356445e-01,5.800780820846557617e+01
-2.040318958461284637e-02,-1.066158711910247803e-01,-6.343169212341308594e-01,5.801290512084960938e+01
-1.979724876582622528e-02,-1.061759889125823975e-01,-6.345145702362060547e-01,5.801780819892883301e+01
-1.988510973751544952e-02,-1.063110381364822388e-01,-6.359555125236511230e-01,5.802278399467468262e+01
-1.983890496194362640e-02,-1.063218042254447937e-01,-6.374796032905578613e-01,5.802857112884521484e+01
-1.980559341609477997e-02,-1.063480898737907410e-01,-6.389672756195068359e-01,5.803289008140563965e+01
-1.978638209402561188e-02,-1.063933819532394409e-01,-6.404072046279907227e-01,5.803789210319519043e+01
-1.985454000532627106e-02,-1.065000891685485840e-01,-6.419621706008911133e-01,5.804286408424377441e+01
-1.966535300016403198e-02,-1.072488501667976379e-01,-6.439827084541320801e-01,5.804801917076110840e+01
-1.978160254657268524e-02,-1.074336916208267212e-01,-6.454952955245971680e-01,5.805291104316711426e+01
-1.995876990258693695e-02,-1.074781566858291626e-01,-6.471782922744750977e-01,5.805794310569763184e+01
-2.015576697885990143e-02,-1.076039224863052368e-01,-6.487776041030883789e-01,5.806292819976806641e+01
-2.038202248513698578e-02,-1.077242270112037659e-01,-6.503748297691345215e-01,5.806798219680786133e+01
-1.952728256583213806e-02,-1.072714552283287048e-01,-6.517255306243896484e-01,5.807875013351440430e+01
-1.962352357804775238e-02,-1.073664799332618713e-01,-6.533263921737670898e-01,5.807972407341003418e+01
-1.972619257867336273e-02,-1.074618473649024963e-01,-6.549365520477294922e-01,5.808288121223449707e+01
-1.985259167850017548e-02,-1.075564697384834290e-01,-6.564525365829467773e-01,5.808798813819885254e+01
-1.997302286326885223e-02,-1.076652407646179199e-01,-6.579988598823547363e-01,5.809313702583312988e+01
-2.010218799114227295e-02,-1.077683046460151672e-01,-6.595413684844970703e-01,5.809806799888610840e+01
-2.017227187752723694e-02,-1.078940108418464661e-01,-6.611178517341613770e-01,5.810288000106811523e+01
-2.025874890387058258e-02,-1.080157309770584106e-01,-6.626748442649841309e-01,5.810791301727294922e+01
-1.906383968889713287e-02,-1.070815101265907288e-01,-6.633214950561523438e-01,5.811304211616516113e+01
-1.867930963635444641e-02,-1.070660874247550964e-01,-6.650007963180541992e-01,5.811838221549987793e+01
-1.838873326778411865e-02,-1.070912778377532959e-01,-6.666064262390136719e-01,5.812300014495849609e+01
-1.803091913461685181e-02,-1.071167811751365662e-01,-6.682482957839965820e-01,5.812824320793151855e+01
-1.759490370750427246e-02,-1.071628704667091370e-01,-6.699121594429016113e-01,5.813302612304687500e+01
-1.752317696809768677e-02,-1.072146072983741760e-01,-6.715329289436340332e-01,5.813800120353698730e+01
-1.723855733871459961e-02,-1.072856038808822632e-01,-6.732174158096313477e-01,5.814318609237670898e+01
-1.931279338896274567e-02,-1.080543473362922668e-01,-6.742647290229797363e-01,5.814799618721008301e+01
-1.926889270544052124e-02,-1.080927699804306030e-01,-6.755030155181884766e-01,5.815305614471435547e+01
-1.923304796218872070e-02,-1.082051470875740051e-01,-6.768948435783386230e-01,5.815790605545043945e+01
-1.921653188765048981e-02,-1.083254516124725342e-01,-6.782270669937133789e-01,5.816314220428466797e+01
-1.913887262344360352e-02,-1.085080951452255249e-01,-6.795632839202880859e-01,5.816826105117797852e+01
-1.908152736723423004e-02,-1.086637899279594421e-01,-6.808439493179321289e-01,5.817303419113159180e+01
-1.867892220616340637e-02,-1.079187095165252686e-01,-6.841704249382019043e-01,5.817831921577453613e+01
-1.874147914350032806e-02,-1.079942956566810608e-01,-6.858463287353515625e-01,5.818318819999694824e+01
-1.873268559575080872e-02,-1.080360338091850281e-01,-6.874664425849914551e-01,5.818820309638977051e+01
-1.875033974647521973e-02,-1.080907508730888367e-01,-6.891053318977355957e-01,5.819327211380004883e+01
-1.878682523965835571e-02,-1.082135513424873352e-01,-6.907847523689270020e-01,5.819832015037536621e+01
-1.884727925062179565e-02,-1.083226576447486877e-01,-6.924836635589599609e-01,5.820317602157592773e+01
-1.892952993512153625e-02,-1.084472611546516418e-01,-6.942046284675598145e-01,5.820822405815124512e+01
-1.916926167905330658e-02,-1.085404679179191589e-01,-6.947959661483764648e-01,5.821317505836486816e+01
-1.939623802900314331e-02,-1.084817722439765930e-01,-6.963174939155578613e-01,5.821825814247131348e+01
-1.961453258991241455e-02,-1.085321679711341858e-01,-6.979156136512756348e-01,5.822316503524780273e+01
-1.985256373882293701e-02,-1.085873842239379883e-01,-6.994867920875549316e-01,5.822843408584594727e+01
-1.979002356529235840e-02,-1.087697148323059082e-01,-7.009847164154052734e-01,5.823327422142028809e+01
-1.981275528669357300e-02,-1.088996753096580505e-01,-7.025041580200195312e-01,5.823830103874206543e+01
-1.977356150746345520e-02,-1.090429201722145081e-01,-7.040101885795593262e-01,5.824315118789672852e+01
-1.804877817630767822e-02,-1.077269911766052246e-01,-7.052186131477355957e-01,5.824829816818237305e+01
-1.785074360668659210e-02,-1.075776889920234680e-01,-7.067467570304870605e-01,5.825325202941894531e+01
-1.763875782489776611e-02,-1.073840409517288208e-01,-7.082650065422058105e-01,5.825825715065002441e+01
-1.746492087841033936e-02,-1.073726043105125427e-01,-7.098976373672485352e-01,5.826322698593139648e+01
-1.726786792278289795e-02,-1.072908714413642883e-01,-7.115005850791931152e-01,5.826831912994384766e+01
-1.707142405211925507e-02,-1.072290912270545959e-01,-7.131277322769165039e-01,5.827322912216186523e+01
-1.872565969824790955e-02,-1.087240353226661682e-01,-7.154003381729125977e-01,5.827824807167053223e+01
-1.877873763442039490e-02,-1.088439226150512695e-01,-7.171682119369506836e-01,5.828322601318359375e+01
-1.885788328945636749e-02,-1.089750453829765320e-01,-7.189620733261108398e-01,5.828837108612060547e+01
-1.896664127707481384e-02,-1.091099977493286133e-01,-7.208014726638793945e-01,5.829349112510681152e+01
-1.890290714800357819e-02,-1.093804240226745605e-01,-7.224609851837158203e-01,5.829838705062866211e+01
-1.893417537212371826e-02,-1.096250042319297791e-01,-7.242225408554077148e-01,5.830322599411010742e+01
-1.895746961236000061e-02,-1.098863631486892700e-01,-7.260056734085083008e-01,5.830829000473022461e+01
-1.806793920695781708e-02,-1.094811931252479553e-01,-7.255612015724182129e-01,5.831337618827819824e+01
-1.798080652952194214e-02,-1.095703020691871643e-01,-7.267905473709106445e-01,5.831838417053222656e+01
-1.788451708853244781e-02,-1.096412986516952515e-01,-7.279324531555175781e-01,5.832343101501464844e+01
-1.783693954348564148e-02,-1.097550094127655029e-01,-7.292678356170654297e-01,5.832861614227294922e+01
-1.775788143277168274e-02,-1.098256111145019531e-01,-7.303748726844787598e-01,5.833343601226806641e+01
-1.767916977405548096e-02,-1.098850220441818237e-01,-7.314235568046569824e-01,5.833865404129028320e+01
-1.765390671789646149e-02,-1.099846884608268738e-01,-7.327260375022888184e-01,5.834332418441772461e+01
-1.839194074273109436e-02,-1.092957630753517151e-01,-7.366410493850708008e-01,5.834841012954711914e+01
-1.843192242085933685e-02,-1.093752011656761169e-01,-7.382733821868896484e-01,5.835365200042724609e+01
-1.840084604918956757e-02,-1.094087213277816772e-01,-7.400702238082885742e-01,5.835847520828247070e+01
-1.841721311211585999e-02,-1.094587966799736023e-01,-7.418916821479797363e-01,5.836353707313537598e+01
-1.843024790287017822e-02,-1.095162108540534973e-01,-7.437797188758850098e-01,5.836850905418395996e+01
-1.829309016466140747e-02,-1.096167564392089844e-01,-7.456398010253906250e-01,5.837379407882690430e+01
-1.775025017559528351e-02,-1.095358431339263916e-01,-7.456392645835876465e-01,5.837843203544616699e+01
-1.753621548414230347e-02,-1.096456199884414673e-01,-7.474663853645324707e-01,5.838348603248596191e+01
-1.726689189672470093e-02,-1.097808629274368286e-01,-7.493265867233276367e-01,5.838853502273559570e+01
-1.721965335309505463e-02,-1.098205521702766418e-01,-7.505674362182617188e-01,5.839366221427917480e+01
-1.702348142862319946e-02,-1.099032610654830933e-01,-7.521470785140991211e-01,5.839866709709167480e+01
-1.681807637214660645e-02,-1.099592447280883789e-01,-7.536942362785339355e-01,5.840355515480041504e+01
-1.694299653172492981e-02,-1.100306138396263123e-01,-7.552532553672790527e-01,5.840862512588500977e+01
-1.761314459145069122e-02,-1.094878092408180237e-01,-7.558420896530151367e-01,5.841366410255432129e+01
-1.795207522809505463e-02,-1.095845401287078857e-01,-7.571001052856445312e-01,5.841857719421386719e+01
-1.775247044861316681e-02,-1.095063909888267517e-01,-7.584719657897949219e-01,5.842378902435302734e+01
-1.787089183926582336e-02,-1.095193028450012207e-01,-7.597185969352722168e-01,5.842881608009338379e+01
-1.796960085630416870e-02,-1.095101013779640198e-01,-7.609378099441528320e-01,5.843349003791809082e+01
-1.794637553393840790e-02,-1.095291674137115479e-01,-7.623176574707031250e-01,5.843853712081909180e+01
-1.791963726282119751e-02,-1.095396056771278381e-01,-7.636373043060302734e-01,5.844343209266662598e+01
-1.710284687578678131e-02,-1.105636730790138245e-01,-7.672038674354553223e-01,5.844852519035339355e+01
-1.719744317233562469e-02,-1.106948256492614746e-01,-7.689940333366394043e-01,5.845364904403686523e+01
-1.714929006993770599e-02,-1.108666062355041504e-01,-7.707174420356750488e-01,5.845864701271057129e+01
-1.712351664900779724e-02,-1.110731139779090881e-01,-7.725216746330261230e-01,5.846362113952636719e+01
-1.710354164242744446e-02,-1.112621128559112549e-01,-7.744015455245971680e-01,5.846866917610168457e+01
-1.734347827732563019e-02,-1.113783568143844604e-01,-7.759355902671813965e-01,5.847364711761474609e+01
-1.798396930098533630e-02,-1.104274243116378784e-01,-7.763472795486450195e-01,5.847867512702941895e+01
-1.831390708684921265e-02,-1.103669181466102600e-01,-7.779840826988220215e-01,5.848364901542663574e+01
-1.807860285043716431e-02,-1.103853806853294373e-01,-7.792757153511047363e-01,5.848866605758666992e+01
-1.815829612314701080e-02,-1.103306040167808533e-01,-7.807030081748962402e-01,5.849386119842529297e+01
-1.820331253111362457e-02,-1.102608963847160339e-01,-7.820531725883483887e-01,5.849870800971984863e+01
-1.809963770210742950e-02,-1.102904677391052246e-01,-7.835018038749694824e-01,5.850361704826354980e+01
-1.797701045870780945e-02,-1.102957129478454590e-01,-7.848851084709167480e-01,5.850876522064208984e+01
-1.704614982008934021e-02,-1.114450991153717041e-01,-7.878222465515136719e-01,5.851362705230712891e+01
-1.743204891681671143e-02,-1.113847941160202026e-01,-7.895277738571166992e-01,5.851875209808349609e+01
-1.749650947749614716e-02,-1.114485114812850952e-01,-7.912513613700866699e-01,5.852377200126647949e+01
-1.762481406331062317e-02,-1.115397810935974121e-01,-7.929846644401550293e-01,5.852901816368103027e+01
-1.747934520244598389e-02,-1.118916273117065430e-01,-7.945299148559570312e-01,5.853374099731445312e+01
-1.745230704545974731e-02,-1.121523603796958923e-01,-7.961393594741821289e-01,5.853871011734008789e+01
-1.639782078564167023e-02,-1.116815656423568726e-01,-7.948795557022094727e-01,5.854378819465637207e+01
-1.614959165453910828e-02,-1.119462922215461731e-01,-7.961168289184570312e-01,5.854870915412902832e+01
-1.612326130270957947e-02,-1.118263825774192810e-01,-7.972322702407836914e-01,5.855375909805297852e+01
-1.595994085073471069e-02,-1.118937805294990540e-01,-7.983879446983337402e-01,5.855917811393737793e+01
-1.581046730279922485e-02,-1.119346991181373596e-01,-7.995015978813171387e-01,5.856388020515441895e+01
-1.547332108020782471e-02,-1.122444495558738708e-01,-8.008392453193664551e-01,5.856877303123474121e+01
-1.516614202409982681e-02,-1.124724596738815308e-01,-8.021146059036254883e-01,5.857376813888549805e+01
-1.596398092806339264e-02,-1.122155934572219849e-01,-8.075111508369445801e-01,5.857868719100952148e+01
-1.626635901629924774e-02,-1.118612810969352722e-01,-8.092749118804931641e-01,5.858387517929077148e+01
-1.624162495136260986e-02,-1.118195503950119019e-01,-8.111737966537475586e-01,5.858890604972839355e+01
-1.627236418426036835e-02,-1.117167472839355469e-01,-8.131172060966491699e-01,5.859400010108947754e+01
-1.614345237612724304e-02,-1.117860227823257446e-01,-8.148778080940246582e-01,5.859890317916870117e+01
-1.610640063881874084e-02,-1.117707192897796631e-01,-8.166974186897277832e-01,5.860387110710144043e+01
-1.607001386582851410e-02,-1.117735281586647034e-01,-8.184793591499328613e-01,5.860890913009643555e+01
-1.611480675637722015e-02,-1.122337058186531067e-01,-8.153214454650878906e-01,5.861387920379638672e+01
-1.617029681801795959e-02,-1.123565435409545898e-01,-8.166152238845825195e-01,5.861898708343505859e+01
-1.626513712108135223e-02,-1.125042289495468140e-01,-8.178821802139282227e-01,5.862386918067932129e+01
-1.599878445267677307e-02,-1.125641316175460815e-01,-8.191388249397277832e-01,5.862940812110900879e+01
-1.582246273756027222e-02,-1.126554906368255615e-01,-8.203873634338378906e-01,5.863397216796875000e+01
-1.556647382676601410e-02,-1.127334162592887878e-01,-8.216232657432556152e-01,5.863896608352661133e+01
-1.543268468230962753e-02,-1.121593564748764038e-01,-8.253350853919982910e-01,5.864400005340576172e+01
-1.590493507683277130e-02,-1.122265160083770752e-01,-8.270706534385681152e-01,5.864909505844116211e+01
-1.591599173843860626e-02,-1.122297272086143494e-01,-8.286730051040649414e-01,5.865408706665039062e+01
-1.597781479358673096e-02,-1.122315227985382080e-01,-8.303161859512329102e-01,5.865910410881042480e+01
-1.600745692849159241e-02,-1.122155040502548218e-01,-8.318042755126953125e-01,5.866411709785461426e+01
-1.610540412366390228e-02,-1.121975332498550415e-01,-8.333553671836853027e-01,5.866907000541687012e+01
-1.623490452766418457e-02,-1.121666282415390015e-01,-8.348925709724426270e-01,5.867405605316162109e+01
-1.479050144553184509e-02,-1.125436946749687195e-01,-8.350590467453002930e-01,5.867917013168334961e+01
-1.446693297475576401e-02,-1.125834658741950989e-01,-8.364260792732238770e-01,5.868411207199096680e+01
-1.407207641750574112e-02,-1.126318350434303284e-01,-8.377839922904968262e-01,5.868901205062866211e+01
-1.394400466233491898e-02,-1.127792447805404663e-01,-8.392597436904907227e-01,5.869421601295471191e+01
-1.363190822303295135e-02,-1.129062771797180176e-01,-8.406836986541748047e-01,5.869915914535522461e+01
-1.331243477761745453e-02,-1.130668148398399353e-01,-8.421131968498229980e-01,5.870411300659179688e+01
-1.298896595835685730e-02,-1.130990386009216309e-01,-8.434885144233703613e-01,5.870907616615295410e+01
-1.469229348003864288e-02,-1.130719557404518127e-01,-8.458855152130126953e-01,5.871405911445617676e+01
-1.453242264688014984e-02,-1.130634024739265442e-01,-8.473830819129943848e-01,5.871913719177246094e+01
-1.436916645616292953e-02,-1.130391508340835571e-01,-8.488706946372985840e-01,5.872422814369201660e+01
-1.440167054533958435e-02,-1.133711859583854675e-01,-8.502944111824035645e-01,5.872935414314270020e+01
-1.433529891073703766e-02,-1.135177090764045715e-01,-8.517331480979919434e-01,5.873409914970397949e+01
-1.429410465061664581e-02,-1.136829257011413574e-01,-8.531650900840759277e-01,5.873923516273498535e+01
-1.439303252846002579e-02,-1.134273186326026917e-01,-8.546058535575866699e-01,5.874425220489501953e+01
-1.448361016809940338e-02,-1.135068684816360474e-01,-8.560722470283508301e-01,5.874915504455566406e+01
-1.461644191294908524e-02,-1.135869622230529785e-01,-8.575324416160583496e-01,5.875421500205993652e+01
-1.445598248392343521e-02,-1.137552112340927124e-01,-8.589504361152648926e-01,5.875933098793029785e+01
-1.445607561618089676e-02,-1.138912141323089600e-01,-8.603624701499938965e-01,5.876431798934936523e+01
-1.443810760974884033e-02,-1.140530034899711609e-01,-8.617585897445678711e-01,5.876916003227233887e+01
-1.456954330205917358e-02,-1.140864714980125427e-01,-8.631567358970642090e-01,5.877418708801269531e+01
-1.438438892364501953e-02,-1.131977885961532593e-01,-8.646220564842224121e-01,5.877914309501647949e+01
-1.451581623405218124e-02,-1.130559369921684265e-01,-8.660817742347717285e-01,5.878430104255676270e+01
-1.437885686755180359e-02,-1.133037582039833069e-01,-8.676101565361022949e-01,5.878930807113647461e+01
-1.436589844524860382e-02,-1.133441030979156494e-01,-8.691292405128479004e-01,5.879440116882324219e+01
-1.432174723595380783e-02,-1.134249046444892883e-01,-8.706389069557189941e-01,5.879927611351013184e+01
-1.424780860543251038e-02,-1.135517135262489319e-01,-8.721435666084289551e-01,5.880433821678161621e+01
-1.414014585316181183e-02,-1.132939234375953674e-01,-8.737620711326599121e-01,5.880960321426391602e+01
-1.391236949712038040e-02,-1.135059073567390442e-01,-8.752801418304443359e-01,5.881432604789733887e+01
-1.373570412397384644e-02,-1.133919209241867065e-01,-8.768973350524902344e-01,5.881939601898193359e+01
-1.372528076171875000e-02,-1.138267517089843750e-01,-8.784984946250915527e-01,5.882444214820861816e+01
-1.360649242997169495e-02,-1.139922961592674255e-01,-8.801419734954833984e-01,5.882959914207458496e+01
-1.348384842276573181e-02,-1.142004802823066711e-01,-8.818258047103881836e-01,5.883421516418457031e+01
-1.335113495588302612e-02,-1.141651272773742676e-01,-8.833155632019042969e-01,5.884205412864685059e+01
-1.322282012552022934e-02,-1.142346262931823730e-01,-8.848454356193542480e-01,5.884423017501831055e+01
-1.302771270275115967e-02,-1.145169809460639954e-01,-8.846444487571716309e-01,5.884936904907226562e+01
-1.296101603657007217e-02,-1.147690489888191223e-01,-8.858996033668518066e-01,5.885442900657653809e+01
-1.287517230957746506e-02,-1.149119734764099121e-01,-8.870347738265991211e-01,5.885955309867858887e+01
-1.279733795672655106e-02,-1.150604411959648132e-01,-8.881341218948364258e-01,5.886448907852172852e+01
-1.264885440468788147e-02,-1.150577962398529053e-01,-8.892787098884582520e-01,5.886943006515502930e+01
-1.252102199941873550e-02,-1.151100024580955505e-01,-8.903554677963256836e-01,5.887440013885498047e+01
-1.237963326275348663e-02,-1.151431947946548462e-01,-8.914060592651367188e-01,5.887937021255493164e+01
-1.233079470694065094e-02,-1.149218901991844177e-01,-8.946744799613952637e-01,5.888464498519897461e+01
-1.214455347508192062e-02,-1.149875447154045105e-01,-8.959874510765075684e-01,5.888942599296569824e+01
-1.194750424474477768e-02,-1.150592565536499023e-01,-8.973297476768493652e-01,5.889467716217041016e+01
-1.174089126288890839e-02,-1.151421368122100830e-01,-8.986895680427551270e-01,5.889942121505737305e+01
-1.164265535771846771e-02,-1.152372434735298157e-01,-9.003146886825561523e-01,5.890444707870483398e+01
-1.149304211139678955e-02,-1.153105795383453369e-01,-9.018827080726623535e-01,5.890937304496765137e+01
-1.201024651527404785e-02,-1.150851473212242126e-01,-9.035099744796752930e-01,5.891440200805664062e+01
-1.210330612957477570e-02,-1.149873584508895874e-01,-9.052430391311645508e-01,5.891956520080566406e+01
-1.214785128831863403e-02,-1.150025203824043274e-01,-9.070434570312500000e-01,5.892452502250671387e+01
-1.223222538828849792e-02,-1.150143370032310486e-01,-9.089267849922180176e-01,5.892967510223388672e+01
-1.211883500218391418e-02,-1.150367036461830139e-01,-9.107691049575805664e-01,5.893454909324645996e+01
-1.208088826388120651e-02,-1.150464937090873718e-01,-9.126831889152526855e-01,5.893955302238464355e+01
-1.107137277722358704e-02,-1.149014830589294434e-01,-9.131052494049072266e-01,5.894450807571411133e+01
-1.113339979201555252e-02,-1.149421706795692444e-01,-9.142909049987792969e-01,5.894955611228942871e+01
-1.106518413871526718e-02,-1.148982644081115723e-01,-9.157278537750244141e-01,5.895456504821777344e+01
-1.102138217538595200e-02,-1.148485317826271057e-01,-9.170844554901123047e-01,5.895968198776245117e+01
-1.098199188709259033e-02,-1.148404926061630249e-01,-9.184194803237915039e-01,5.896452617645263672e+01
-1.096980646252632141e-02,-1.148337721824645996e-01,-9.196531772613525391e-01,5.896956205368041992e+01
-1.097709871828556061e-02,-1.148483380675315857e-01,-9.207985401153564453e-01,5.897453117370605469e+01
-1.205310598015785217e-02,-1.165590062737464905e-01,-9.229735732078552246e-01,5.897958517074584961e+01
-1.189037878066301346e-02,-1.165194883942604065e-01,-9.244387745857238770e-01,5.898465204238891602e+01
-1.187648531049489975e-02,-1.166195571422576904e-01,-9.256520271301269531e-01,5.898968911170959473e+01
-1.183761842548847198e-02,-1.167103350162506104e-01,-9.268257617950439453e-01,5.899478411674499512e+01
-1.188260596245527267e-02,-1.169661283493041992e-01,-9.282091259956359863e-01,5.899968004226684570e+01
-1.188918948173522949e-02,-1.171887144446372986e-01,-9.295266270637512207e-01,5.900468707084655762e+01
-1.178568787872791290e-02,-1.169709488749504089e-01,-9.306617975234985352e-01,5.900976109504699707e+01
-1.123925484716892242e-02,-1.169277578592300415e-01,-9.322134852409362793e-01,5.901468420028686523e+01
-1.092515606433153152e-02,-1.170171052217483521e-01,-9.337729215621948242e-01,5.901969718933105469e+01
-1.051880978047847748e-02,-1.170637682080268860e-01,-9.353895187377929688e-01,5.902474308013916016e+01
-1.033854018896818161e-02,-1.171259656548500061e-01,-9.369945526123046875e-01,5.902974009513854980e+01
-1.002210751175880432e-02,-1.171679720282554626e-01,-9.386575818061828613e-01,5.903460907936096191e+01
-9.705703705549240112e-03,-1.172095388174057007e-01,-9.403508901596069336e-01,5.903968310356140137e+01
-1.010343059897422791e-02,-1.162632256746292114e-01,-9.407683014869689941e-01,5.904459118843078613e+01
-9.971513412892818451e-03,-1.162069737911224365e-01,-9.422396421432495117e-01,5.904970312118530273e+01
-9.873726405203342438e-03,-1.161169186234474182e-01,-9.436784982681274414e-01,5.905477499961853027e+01
-9.804536588490009308e-03,-1.160175278782844543e-01,-9.450831413269042969e-01,5.906001305580139160e+01
-9.586777538061141968e-03,-1.161640807986259460e-01,-9.464963674545288086e-01,5.906474113464355469e+01
-9.457886219024658203e-03,-1.162240207195281982e-01,-9.478809833526611328e-01,5.906981801986694336e+01
-9.329397231340408325e-03,-1.162966564297676086e-01,-9.492220878601074219e-01,5.907473921775817871e+01
-9.280337952077388763e-03,-1.173102110624313354e-01,-9.509766101837158203e-01,5.907981109619140625e+01
-9.172533638775348663e-03,-1.174145862460136414e-01,-9.525409340858459473e-01,5.908476805686950684e+01
-9.064738638699054718e-03,-1.175222396850585938e-01,-9.541348218917846680e-01,5.908974599838256836e+01
-8.852111175656318665e-03,-1.176677197217941284e-01,-9.556751251220703125e-01,5.909490919113159180e+01
-8.686551824212074280e-03,-1.178136616945266724e-01,-9.572615027427673340e-01,5.909978914260864258e+01
-8.504072204232215881e-03,-1.179650574922561646e-01,-9.588660001754760742e-01,5.910474300384521484e+01
-8.553847670555114746e-03,-1.174799427390098572e-01,-9.589631557464599609e-01,5.910979104042053223e+01
-8.610934019088745117e-03,-1.175275817513465881e-01,-9.603320956230163574e-01,5.911477112770080566e+01
-8.722641505300998688e-03,-1.175655499100685120e-01,-9.616861939430236816e-01,5.911985206604003906e+01
-8.498855866491794586e-03,-1.177117228507995605e-01,-9.628697037696838379e-01,5.912477016448974609e+01
-8.462163619697093964e-03,-1.177855730056762695e-01,-9.640993475914001465e-01,5.913007807731628418e+01
-8.410739712417125702e-03,-1.178702786564826965e-01,-9.652715325355529785e-01,5.913486504554748535e+01
-8.312654681503772736e-03,-1.179122254252433777e-01,-9.666771888732910156e-01,5.914013314247131348e+01
-7.525501307100057602e-03,-1.182542964816093445e-01,-9.684112668037414551e-01,5.914484620094299316e+01
-7.303874939680099487e-03,-1.183819323778152466e-01,-9.698451161384582520e-01,5.914994001388549805e+01
-7.054789923131465912e-03,-1.185259073972702026e-01,-9.713050127029418945e-01,5.915493702888488770e+01
-7.221930194646120071e-03,-1.187353879213333130e-01,-9.728064537048339844e-01,5.916028809547424316e+01
-7.177285850048065186e-03,-1.189072281122207642e-01,-9.743442535400390625e-01,5.916506814956665039e+01
-7.174544967710971832e-03,-1.190951690077781677e-01,-9.759154915809631348e-01,5.916987514495849609e+01
-7.082608994096517563e-03,-1.191976368427276611e-01,-9.772211313247680664e-01,5.917486906051635742e+01
-8.058588951826095581e-03,-1.181079745292663574e-01,-9.783204197883605957e-01,5.917998218536376953e+01
-8.070515468716621399e-03,-1.180468276143074036e-01,-9.795619249343872070e-01,5.918496298789978027e+01
-7.846673950552940369e-03,-1.180491596460342407e-01,-9.806101322174072266e-01,5.918995809555053711e+01
-7.713641505688428879e-03,-1.180072650313377380e-01,-9.816646575927734375e-01,5.919511699676513672e+01
-7.542204577475786209e-03,-1.179634630680084229e-01,-9.826384186744689941e-01,5.920014405250549316e+01
-7.339446805417537689e-03,-1.180364117026329041e-01,-9.838215112686157227e-01,5.920508503913879395e+01
-7.097551599144935608e-03,-1.180797219276428223e-01,-9.848982691764831543e-01,5.921009922027587891e+01
-6.766599137336015701e-03,-1.191820427775382996e-01,-9.878370761871337891e-01,5.921507716178894043e+01
-6.701979786157608032e-03,-1.192117258906364441e-01,-9.893786311149597168e-01,5.922013306617736816e+01
-6.513489875942468643e-03,-1.193362548947334290e-01,-9.908697605133056641e-01,5.922507500648498535e+01
-6.338367704302072525e-03,-1.194591522216796875e-01,-9.924277067184448242e-01,5.923024320602416992e+01
-6.176583934575319290e-03,-1.195554658770561218e-01,-9.940661787986755371e-01,5.923947310447692871e+01
-6.116792559623718262e-03,-1.197327673435211182e-01,-9.957546591758728027e-01,5.924066519737243652e+01
-6.193307228386402130e-03,-1.190036535263061523e-01,-9.965887069702148438e-01,5.924503302574157715e+01
-6.190919317305088043e-03,-1.190910711884498596e-01,-9.984020590782165527e-01,5.925025105476379395e+01
-6.063228473067283630e-03,-1.191972941160202026e-01,-9.999020099639892578e-01,5.925513410568237305e+01
-6.021285429596900940e-03,-1.192725077271461487e-01,-1.001629829406738281e+00,5.926056814193725586e+01
-5.986797623336315155e-03,-1.193423271179199219e-01,-1.003364801406860352e+00,5.926515221595764160e+01
-6.014640908688306808e-03,-1.193158254027366638e-01,-1.004954218864440918e+00,5.927021408081054688e+01
-6.037971936166286469e-03,-1.193075478076934814e-01,-1.006584167480468750e+00,5.927514004707336426e+01
-6.743757519870996475e-03,-1.191948577761650085e-01,-1.007247567176818848e+00,5.928028106689453125e+01
-6.851099431514739990e-03,-1.191932111978530884e-01,-1.008760213851928711e+00,5.928510713577270508e+01
-6.991765461862087250e-03,-1.191720068454742432e-01,-1.010220766067504883e+00,5.929022002220153809e+01
-7.152186706662178040e-03,-1.191671788692474365e-01,-1.011647105216979980e+00,5.929536914825439453e+01
-7.318457122892141342e-03,-1.191745474934577942e-01,-1.013156771659851074e+00,5.930019998550415039e+01
-7.499912753701210022e-03,-1.191674843430519104e-01,-1.014623880386352539e+00,5.930512309074401855e+01
-7.159291300922632217e-03,-1.203334406018257141e-01,-1.017159342765808105e+00,5.931020617485046387e+01
-7.318524178117513657e-03,-1.203656122088432312e-01,-1.018757939338684082e+00,5.931516408920288086e+01
-7.074948400259017944e-03,-1.206701770424842834e-01,-1.020419836044311523e+00,5.932040119171142578e+01
-7.025638595223426819e-03,-1.208365187048912048e-01,-1.022073864936828613e+00,5.932528805732727051e+01
-6.930845323950052261e-03,-1.210335791110992432e-01,-1.023741126060485840e+00,5.933031105995178223e+01
-6.819497328251600266e-03,-1.211402490735054016e-01,-1.025366067886352539e+00,5.933528804779052734e+01
-6.658744998276233673e-03,-1.212938502430915833e-01,-1.027020215988159180e+00,5.934029102325439453e+01
-5.793129559606313705e-03,-1.211335957050323486e-01,-1.027731895446777344e+00,5.934511709213256836e+01
-5.631983280181884766e-03,-1.213245540857315063e-01,-1.029039978981018066e+00,5.935024213790893555e+01
-5.385040305554866791e-03,-1.214628070592880249e-01,-1.030470252037048340e+00,5.935526418685913086e+01
-5.120727233588695526e-03,-1.216224282979965210e-01,-1.031863808631896973e+00,5.936054706573486328e+01
-5.044799763709306717e-03,-1.216619908809661865e-01,-1.033195972442626953e+00,5.936527514457702637e+01
-4.925420973449945450e-03,-1.217482089996337891e-01,-1.034485816955566406e+00,5.937030100822448730e+01
-4.849424585700035095e-03,-1.218200102448463440e-01,-1.035731554031372070e+00,5.937530708312988281e+01
-5.851033609360456467e-03,-1.217087581753730774e-01,-1.037429332733154297e+00,5.938030815124511719e+01
-5.769602954387664795e-03,-1.216810345649719238e-01,-1.038766622543334961e+00,5.938535213470458984e+01
-5.676053930073976517e-03,-1.216134279966354370e-01,-1.040157794952392578e+00,5.939048719406127930e+01
-5.823486018925905228e-03,-1.216221079230308533e-01,-1.041862368583679199e+00,5.939570021629333496e+01
-5.911827553063631058e-03,-1.216267645359039307e-01,-1.043509840965270996e+00,5.940049719810485840e+01
-6.048240233212709427e-03,-1.216689273715019226e-01,-1.045235395431518555e+00,5.940535211563110352e+01
-6.500525865703821182e-03,-1.223673522472381592e-01,-1.047739744186401367e+00,5.941049814224243164e+01
-6.276782602071762085e-03,-1.220047473907470703e-01,-1.049207329750061035e+00,5.941536521911621094e+01
-6.322856526821851730e-03,-1.218539401888847351e-01,-1.050983309745788574e+00,5.942050504684448242e+01
-6.343921646475791931e-03,-1.216317191720008850e-01,-1.052765369415283203e+00,5.942548918724060059e+01
-6.553314160555601120e-03,-1.217213794589042664e-01,-1.054623126983642578e+00,5.943062305450439453e+01
-6.711940746754407883e-03,-1.217136383056640625e-01,-1.056484341621398926e+00,5.943544411659240723e+01
-6.910344120115041733e-03,-1.217587366700172424e-01,-1.058388948440551758e+00,5.944068503379821777e+01
-6.635086145251989365e-03,-1.233948096632957458e-01,-1.058455944061279297e+00,5.944535613059997559e+01
-6.655470002442598343e-03,-1.234941780567169189e-01,-1.060047864913940430e+00,5.945064902305603027e+01
-6.641811225563287735e-03,-1.235718280076980591e-01,-1.061594963073730469e+00,5.945558905601501465e+01
-6.606985349208116531e-03,-1.238072291016578674e-01,-1.063069581985473633e+00,5.946090412139892578e+01
-6.535657215863466263e-03,-1.239784285426139832e-01,-1.064550399780273438e+00,5.946558308601379395e+01
-6.431011948734521866e-03,-1.241706311702728271e-01,-1.065999031066894531e+00,5.947047710418701172e+01
-6.432492285966873169e-03,-1.242318078875541687e-01,-1.067551493644714355e+00,5.947557401657104492e+01
-6.024423055350780487e-03,-1.239308789372444153e-01,-1.069257378578186035e+00,5.948058104515075684e+01
-5.977395456284284592e-03,-1.239970847964286804e-01,-1.070785164833068848e+00,5.948549318313598633e+01
-5.933600477874279022e-03,-1.240542829036712646e-01,-1.072302579879760742e+00,5.949064111709594727e+01
-6.179141346365213394e-03,-1.241679340600967407e-01,-1.073808193206787109e+00,5.949568819999694824e+01
-6.309753749519586563e-03,-1.242547854781150818e-01,-1.075300455093383789e+00,5.950063920021057129e+01
-6.490215659141540527e-03,-1.243556812405586243e-01,-1.076783776283264160e+00,5.950558018684387207e+01
-6.413856055587530136e-03,-1.244748905301094055e-01,-1.078223943710327148e+00,5.951063513755798340e+01
-5.566809792071580887e-03,-1.242502927780151367e-01,-1.079340577125549316e+00,5.951548910140991211e+01
-5.382333416491746902e-03,-1.242740526795387268e-01,-1.080752015113830566e+00,5.952060413360595703e+01
-5.572497844696044922e-03,-1.243999749422073364e-01,-1.082493424415588379e+00,5.952562212944030762e+01
-5.565442610532045364e-03,-1.244448348879814148e-01,-1.084095120429992676e+00,5.953074717521667480e+01
-5.591453053057193756e-03,-1.244902312755584717e-01,-1.085736274719238281e+00,5.953568315505981445e+01
-5.489697214215993881e-03,-1.245217993855476379e-01,-1.087297201156616211e+00,5.954077601432800293e+01
-7.324817590415477753e-03,-1.253715753555297852e-01,-1.089473605155944824e+00,5.954563212394714355e+01
-7.382904179394245148e-03,-1.255739331245422363e-01,-1.091154336929321289e+00,5.955075311660766602e+01
-7.606276310980319977e-03,-1.256323158740997314e-01,-1.092803716659545898e+00,5.955572319030761719e+01
-7.752864155918359756e-03,-1.257610023021697998e-01,-1.094450712203979492e+00,5.956097912788391113e+01
-7.919040508568286896e-03,-1.258882880210876465e-01,-1.096090316772460938e+00,5.956561899185180664e+01
-8.108319714665412903e-03,-1.259792894124984741e-01,-1.097749948501586914e+00,5.957076621055603027e+01
-8.121987804770469666e-03,-1.262540966272354126e-01,-1.099421143531799316e+00,5.957562518119812012e+01
-6.486181169748306274e-03,-1.247329562902450562e-01,-1.100417375564575195e+00,5.958074903488159180e+01
-6.423993967473506927e-03,-1.247402653098106384e-01,-1.102121949195861816e+00,5.958569312095642090e+01
-6.348335184156894684e-03,-1.245682761073112488e-01,-1.103856801986694336e+00,5.959073400497436523e+01
-6.251018028706312180e-03,-1.244909465312957764e-01,-1.105579137802124023e+00,5.959587001800537109e+01
-6.135145202279090881e-03,-1.244065612554550171e-01,-1.107314348220825195e+00,5.960088205337524414e+01
-6.166562903672456741e-03,-1.244876682758331299e-01,-1.109058022499084473e+00,5.960561203956604004e+01
-6.160859949886798859e-03,-1.245124191045761108e-01,-1.110820174217224121e+00,5.961086320877075195e+01
-7.410820107907056808e-03,-1.256470978260040283e-01,-1.111947417259216309e+00,5.961578416824340820e+01
-7.242957130074501038e-03,-1.256738305091857910e-01,-1.113417029380798340e+00,5.962089610099792480e+01
-7.220796775072813034e-03,-1.257449984550476074e-01,-1.115013003349304199e+00,5.962653112411499023e+01
-7.167820353060960770e-03,-1.258032768964767456e-01,-1.116569161415100098e+00,5.963098216056823730e+01
-7.207812741398811340e-03,-1.258579194545745850e-01,-1.118091106414794922e+00,5.963688206672668457e+01
-7.198463194072246552e-03,-1.259105950593948364e-01,-1.119584083557128906e+00,5.964096403121948242e+01
-7.020857185125350952e-03,-1.260152310132980347e-01,-1.120896458625793457e+00,5.964581513404846191e+01
-7.012360263615846634e-03,-1.261262744665145874e-01,-1.122577428817749023e+00,5.965095400810241699e+01
-7.006157189607620239e-03,-1.262560784816741943e-01,-1.124128103256225586e+00,5.965659117698669434e+01
-7.018457166850566864e-03,-1.264127939939498901e-01,-1.125726938247680664e+00,5.966108107566833496e+01
-7.045944686979055405e-03,-1.266000866889953613e-01,-1.127375364303588867e+00,5.966656804084777832e+01
-6.902511231601238251e-03,-1.264525800943374634e-01,-1.128999590873718262e+00,5.967085409164428711e+01
-6.842094473540782928e-03,-1.263860464096069336e-01,-1.130746603012084961e+00,5.967585611343383789e+01
-7.275339215993881226e-03,-1.260373443365097046e-01,-1.132425427436828613e+00,5.968100619316101074e+01
-7.105291821062564850e-03,-1.262418776750564575e-01,-1.133992195129394531e+00,5.968585920333862305e+01
-6.930171512067317963e-03,-1.263106912374496460e-01,-1.135630369186401367e+00,5.969101405143737793e+01
-6.719034630805253983e-03,-1.264124661684036255e-01,-1.137264132499694824e+00,5.969628620147705078e+01
-6.688022054731845856e-03,-1.263858377933502197e-01,-1.138969302177429199e+00,5.970090103149414062e+01
-6.593940313905477524e-03,-1.264093965291976929e-01,-1.140643596649169922e+00,5.970588111877441406e+01
-7.579826284199953079e-03,-1.266788989305496216e-01,-1.141476511955261230e+00,5.971104717254638672e+01
-7.875752635300159454e-03,-1.269228756427764893e-01,-1.143277883529663086e+00,5.971588516235351562e+01
-8.126335218548774719e-03,-1.270211488008499146e-01,-1.144989013671875000e+00,5.972102618217468262e+01
-8.448212407529354095e-03,-1.271479725837707520e-01,-1.146742701530456543e+00,5.972624206542968750e+01
-8.473150432109832764e-03,-1.271868944168090820e-01,-1.148353219032287598e+00,5.973106813430786133e+01
-8.617967367172241211e-03,-1.272664815187454224e-01,-1.150035500526428223e+00,5.973587608337402344e+01
-8.725675754249095917e-03,-1.273361146450042725e-01,-1.151706814765930176e+00,5.974107503890991211e+01
-6.291341036558151245e-03,-1.270919144153594971e-01,-1.152297616004943848e+00,5.974662113189697266e+01
-6.089531350880861282e-03,-1.272662281990051270e-01,-1.153620719909667969e+00,5.975090217590332031e+01
-5.812074989080429077e-03,-1.273852139711380005e-01,-1.155053138732910156e+00,5.975591516494750977e+01
-5.514527671039104462e-03,-1.275076717138290405e-01,-1.156460523605346680e+00,5.976133012771606445e+01
-5.392108578234910965e-03,-1.275735050439834595e-01,-1.157913088798522949e+00,5.976603007316589355e+01
-5.206119734793901443e-03,-1.276711970567703247e-01,-1.159302353858947754e+00,5.977442622184753418e+01
-5.045326892286539078e-03,-1.277684569358825684e-01,-1.160673737525939941e+00,5.977604413032531738e+01
-8.329596370458602905e-03,-1.275978684425354004e-01,-1.163872122764587402e+00,5.978095817565917969e+01
-8.402429521083831787e-03,-1.276480108499526978e-01,-1.165403723716735840e+00,5.978609108924865723e+01
-8.471938781440258026e-03,-1.276720613241195679e-01,-1.166954755783081055e+00,5.979107618331909180e+01
-8.562681265175342560e-03,-1.277005076408386230e-01,-1.168654918670654297e+00,5.979666113853454590e+01
-8.642259985208511353e-03,-1.277196407318115234e-01,-1.170344352722167969e+00,5.980120420455932617e+01
-8.724451065063476562e-03,-1.277235150337219238e-01,-1.172088027000427246e+00,5.980623817443847656e+01
-8.818653412163257599e-03,-1.276893466711044312e-01,-1.173897862434387207e+00,5.981120204925537109e+01
-8.369640447199344635e-03,-1.278941184282302856e-01,-1.175898790359497070e+00,5.981664299964904785e+01
-8.438219316303730011e-03,-1.279430687427520752e-01,-1.177857041358947754e+00,5.982120013236999512e+01
-8.510709740221500397e-03,-1.280045062303543091e-01,-1.179860353469848633e+00,5.982646918296813965e+01
-8.539261296391487122e-03,-1.282431930303573608e-01,-1.181432247161865234e+00,5.983123111724853516e+01
-8.596588857471942902e-03,-1.283668577671051025e-01,-1.183284401893615723e+00,5.983620715141296387e+01
-8.653356693685054779e-03,-1.284991353750228882e-01,-1.185126543045043945e+00,5.984108519554138184e+01
-9.261221624910831451e-03,-1.281234174966812134e-01,-1.185795783996582031e+00,5.984624409675598145e+01
-9.400092996656894684e-03,-1.281621009111404419e-01,-1.187174320220947266e+00,5.985121417045593262e+01
-9.549789130687713623e-03,-1.282063722610473633e-01,-1.188456535339355469e+00,5.985677099227905273e+01
-9.477066807448863983e-03,-1.282221972942352295e-01,-1.189974546432495117e+00,5.986145401000976562e+01
-9.502150118350982666e-03,-1.282694041728973389e-01,-1.191219091415405273e+00,5.986624002456665039e+01
-9.500692598521709442e-03,-1.283223479986190796e-01,-1.192398667335510254e+00,5.987131118774414062e+01
-9.610369801521301270e-03,-1.284214705228805542e-01,-1.193786978721618652e+00,5.987665009498596191e+01
-8.872702717781066895e-03,-1.291033923625946045e-01,-1.196712374687194824e+00,5.988131213188171387e+01
-8.922305889427661896e-03,-1.292174458503723145e-01,-1.198372483253479004e+00,5.988661909103393555e+01
-8.885485120117664337e-03,-1.293233931064605713e-01,-1.200047969818115234e+00,5.989131212234497070e+01
-8.894056081771850586e-03,-1.294230371713638306e-01,-1.201786994934082031e+00,5.989666008949279785e+01
-8.893134072422981262e-03,-1.295241862535476685e-01,-1.203557133674621582e+00,5.990134716033935547e+01
-9.007101878523826599e-03,-1.295515000820159912e-01,-1.205311775207519531e+00,5.990659713745117188e+01
-9.094794280827045441e-03,-1.295982301235198975e-01,-1.207113742828369141e+00,5.991130018234252930e+01
-9.429813362658023834e-03,-1.294388324022293091e-01,-1.207178473472595215e+00,5.991646599769592285e+01
-9.610416367650032043e-03,-1.294806599617004395e-01,-1.208878755569458008e+00,5.992120909690856934e+01
-9.690413251519203186e-03,-1.296446323394775391e-01,-1.210512042045593262e+00,5.992681598663330078e+01
-9.857149794697761536e-03,-1.297573447227478027e-01,-1.212209224700927734e+00,5.993141818046569824e+01
-1.003592554479837418e-02,-1.299010664224624634e-01,-1.213915586471557617e+00,5.993664312362670898e+01
-1.010171044617891312e-02,-1.299784630537033081e-01,-1.215553522109985352e+00,5.994130301475524902e+01
-9.252662770450115204e-03,-1.295229792594909668e-01,-1.217152118682861328e+00,5.994675016403198242e+01
-9.208424948155879974e-03,-1.294368058443069458e-01,-1.218748927116394043e+00,5.995146512985229492e+01
-9.154670871794223785e-03,-1.296304017305374146e-01,-1.220235705375671387e+00,5.995664811134338379e+01
-9.069200605154037476e-03,-1.296686083078384399e-01,-1.221756577491760254e+00,5.996145200729370117e+01
-8.959913626313209534e-03,-1.297151595354080200e-01,-1.223250865936279297e+00,5.996700119972229004e+01
-8.931245654821395874e-03,-1.296385973691940308e-01,-1.224624395370483398e+00,5.997145009040832520e+01
-8.865868672728538513e-03,-1.296138167381286621e-01,-1.225981473922729492e+00,5.997695612907409668e+01
-8.840073831379413605e-03,-1.304450333118438721e-01,-1.227231860160827637e+00,5.998147511482238770e+01
-8.862433023750782013e-03,-1.306995302438735962e-01,-1.228516101837158203e+00,5.998676919937133789e+01
-8.873714134097099304e-03,-1.308531910181045532e-01,-1.229727745056152344e+00,5.999137616157531738e+01
-8.906474336981773376e-03,-1.310397833585739136e-01,-1.230911135673522949e+00,5.999688100814819336e+01
-8.959370665252208710e-03,-1.312621831893920898e-01,-1.232060074806213379e+00,6.000133109092712402e+01
-9.085102006793022156e-03,-1.313265264034271240e-01,-1.233389496803283691e+00,6.000662803649902344e+01
-9.214133024215698242e-03,-1.315129846334457397e-01,-1.234601020812988281e+00,6.001145410537719727e+01
-9.574553929269313812e-03,-1.313232481479644775e-01,-1.236962080001831055e+00,6.001712012290954590e+01
-9.347971528768539429e-03,-1.315813660621643066e-01,-1.238567709922790527e+00,6.002158308029174805e+01
-9.318190626800060272e-03,-1.317698657512664795e-01,-1.240057706832885742e+00,6.002685403823852539e+01
-9.248013608157634735e-03,-1.319727599620819092e-01,-1.241585135459899902e+00,6.003171610832214355e+01
-9.272716939449310303e-03,-1.320321559906005859e-01,-1.243137121200561523e+00,6.003689122200012207e+01
-9.238205850124359131e-03,-1.321437209844589233e-01,-1.244734406471252441e+00,6.004158616065979004e+01
-9.336482733488082886e-03,-1.302706748247146606e-01,-1.245793342590332031e+00,6.004706716537475586e+01
-9.314070455729961395e-03,-1.302838474512100220e-01,-1.247369408607482910e+00,6.005153107643127441e+01
-9.289785288274288177e-03,-1.301884353160858154e-01,-1.249028563499450684e+00,6.005676412582397461e+01
-9.260188788175582886e-03,-1.300934553146362305e-01,-1.250702619552612305e+00,6.006180310249328613e+01
-9.237633086740970612e-03,-1.300188153982162476e-01,-1.252314448356628418e+00,6.006689310073852539e+01
-9.209686890244483948e-03,-1.299389302730560303e-01,-1.253970503807067871e+00,6.007159709930419922e+01
-9.182379581034183502e-03,-1.298581063747406006e-01,-1.255630493164062500e+00,6.007687520980834961e+01
-8.862486109137535095e-03,-1.315556764602661133e-01,-1.256592154502868652e+00,6.008196210861206055e+01
-8.751333691179752350e-03,-1.316474676132202148e-01,-1.258114337921142578e+00,6.008724808692932129e+01
-8.620568551123142242e-03,-1.317356228828430176e-01,-1.259620189666748047e+00,6.009157109260559082e+01
-8.467483334243297577e-03,-1.318283677101135254e-01,-1.261098504066467285e+00,6.009698915481567383e+01
-8.389594033360481262e-03,-1.320240497589111328e-01,-1.262530088424682617e+00,6.010167312622070312e+01
-8.259273134171962738e-03,-1.321804523468017578e-01,-1.263949871063232422e+00,6.010683012008666992e+01
-8.125407621264457703e-03,-1.323603987693786621e-01,-1.265339374542236328e+00,6.011173105239868164e+01
-8.618694730103015900e-03,-1.327361613512039185e-01,-1.267358899116516113e+00,6.011701703071594238e+01
-8.592095226049423218e-03,-1.328375786542892456e-01,-1.268684387207031250e+00,6.012160515785217285e+01
-8.580851368606090546e-03,-1.329164803028106689e-01,-1.269974350929260254e+00,6.012686204910278320e+01
-8.529081009328365326e-03,-1.330997943878173828e-01,-1.271286725997924805e+00,6.013182020187377930e+01
-8.500614203512668610e-03,-1.332516372203826904e-01,-1.272550344467163086e+00,6.013703417778015137e+01
-8.471863344311714172e-03,-1.334265321493148804e-01,-1.273793458938598633e+00,6.014173221588134766e+01
-7.951655425131320953e-03,-1.328243762254714966e-01,-1.275108456611633301e+00,6.014693212509155273e+01
-7.891939952969551086e-03,-1.329365819692611694e-01,-1.276428699493408203e+00,6.015177416801452637e+01
-7.836551405489444733e-03,-1.330468952655792236e-01,-1.277757048606872559e+00,6.015704917907714844e+01
-7.686744444072246552e-03,-1.331973373889923096e-01,-1.279172301292419434e+00,6.016192603111267090e+01
-7.550847250968217850e-03,-1.333293169736862183e-01,-1.280589580535888672e+00,6.016702914237976074e+01
-7.392567582428455353e-03,-1.334768682718276978e-01,-1.282032251358032227e+00,6.017170500755310059e+01
-7.211278658360242844e-03,-1.336378157138824463e-01,-1.283502221107482910e+00,6.017704510688781738e+01
-7.437257561832666397e-03,-1.326752156019210815e-01,-1.284953236579895020e+00,6.018183517456054688e+01
-7.289276458323001862e-03,-1.327290534973144531e-01,-1.286523818969726562e+00,6.018695902824401855e+01
-7.136381696909666061e-03,-1.327935606241226196e-01,-1.288129448890686035e+00,6.019182205200195312e+01
-6.846966221928596497e-03,-1.327655017375946045e-01,-1.289650797843933105e+00,6.019726514816284180e+01
-6.605807226151227951e-03,-1.327804923057556152e-01,-1.291251301765441895e+00,6.020170998573303223e+01
-6.337441504001617432e-03,-1.327804923057556152e-01,-1.292869448661804199e+00,6.020700812339782715e+01
-6.148567888885736465e-03,-1.328068524599075317e-01,-1.294408679008483887e+00,6.021161603927612305e+01
-6.247964687645435333e-03,-1.329344511032104492e-01,-1.295099854469299316e+00,6.021695303916931152e+01
-6.066587287932634354e-03,-1.330028623342514038e-01,-1.296522021293640137e+00,6.022198820114135742e+01
-5.986700300127267838e-03,-1.329638510942459106e-01,-1.298026800155639648e+00,6.022731113433837891e+01
-5.877526011317968369e-03,-1.329782009124755859e-01,-1.299479007720947266e+00,6.023215317726135254e+01
-5.790966097265481949e-03,-1.329892426729202271e-01,-1.300942778587341309e+00,6.023696899414062500e+01
-5.697955377399921417e-03,-1.330865323543548584e-01,-1.302398920059204102e+00,6.024198698997497559e+01
-6.183617748320102692e-03,-1.333707123994827271e-01,-1.304912567138671875e+00,6.024695801734924316e+01
-6.167186889797449112e-03,-1.334803253412246704e-01,-1.306419968605041504e+00,6.025203418731689453e+01
-6.165038794279098511e-03,-1.336033791303634644e-01,-1.307919859886169434e+00,6.025715899467468262e+01
-6.204324774444103241e-03,-1.335797011852264404e-01,-1.309293031692504883e+00,6.026221108436584473e+01
-6.245836615562438965e-03,-1.336165219545364380e-01,-1.310721993446350098e+00,6.026703405380249023e+01
-6.303344853222370148e-03,-1.336339563131332397e-01,-1.312124967575073242e+00,6.027183103561401367e+01
-6.265082862228155136e-03,-1.337233930826187134e-01,-1.313586831092834473e+00,6.027697801589965820e+01
-5.781803280115127563e-03,-1.335909515619277954e-01,-1.314809322357177734e+00,6.028205609321594238e+01
-5.700428504496812820e-03,-1.337019056081771851e-01,-1.316294670104980469e+00,6.028707718849182129e+01
-5.600580014288425446e-03,-1.337091177701950073e-01,-1.317854523658752441e+00,6.029207015037536621e+01
-5.487128160893917084e-03,-1.337921023368835449e-01,-1.319377303123474121e+00,6.029705500602722168e+01
-5.363552365452051163e-03,-1.338697522878646851e-01,-1.320918202400207520e+00,6.030206298828125000e+01
-5.346517078578472137e-03,-1.339766085147857666e-01,-1.322350025177001953e+00,6.030712604522705078e+01
-5.149319767951965332e-03,-1.335832625627517700e-01,-1.322477459907531738e+00,6.031213712692260742e+01
-5.133448168635368347e-03,-1.336567103862762451e-01,-1.323784470558166504e+00,6.031719303131103516e+01
-4.712874069809913635e-03,-1.336068511009216309e-01,-1.325170516967773438e+00,6.032211303710937500e+01
-4.450065083801746368e-03,-1.336229890584945679e-01,-1.326482295989990234e+00,6.032736110687255859e+01
-4.126185085624456406e-03,-1.336418390274047852e-01,-1.327789664268493652e+00,6.033229112625122070e+01
-3.797081764787435532e-03,-1.337690800428390503e-01,-1.329138755798339844e+00,6.033736920356750488e+01
-3.400875022634863853e-03,-1.338578164577484131e-01,-1.330484032630920410e+00,6.034211921691894531e+01
-3.544766921550035477e-03,-1.336696743965148926e-01,-1.332843184471130371e+00,6.034719109535217285e+01
-3.075161017477512360e-03,-1.337268650531768799e-01,-1.334354043006896973e+00,6.035213804244995117e+01
-3.197504440322518349e-03,-1.336571425199508667e-01,-1.335655093193054199e+00,6.035718011856079102e+01
-3.004748839884996414e-03,-1.336577236652374268e-01,-1.337070226669311523e+00,6.036228919029235840e+01
-2.863943809643387794e-03,-1.336602866649627686e-01,-1.338465094566345215e+00,6.036720919609069824e+01
-2.755552763119339943e-03,-1.337521821260452271e-01,-1.339923739433288574e+00,6.037207007408142090e+01
-3.675147425383329391e-03,-1.339867115020751953e-01,-1.340979099273681641e+00,6.037718319892883301e+01
-3.760035615414381027e-03,-1.340543031692504883e-01,-1.342352509498596191e+00,6.038216018676757812e+01
-3.808361943811178207e-03,-1.340255588293075562e-01,-1.343678116798400879e+00,6.038712620735168457e+01
-3.931664861738681793e-03,-1.340489238500595093e-01,-1.345039606094360352e+00,6.039238810539245605e+01
-4.080423619598150253e-03,-1.340542435646057129e-01,-1.346398949623107910e+00,6.039734911918640137e+01
-4.155522212386131287e-03,-1.341254115104675293e-01,-1.347795367240905762e+00,6.040215611457824707e+01
-4.274570383131504059e-03,-1.341794282197952271e-01,-1.349173545837402344e+00,6.040721702575683594e+01
-3.438859246671199799e-03,-1.344650983810424805e-01,-1.350226640701293945e+00,6.041230010986328125e+01
-2.918674610555171967e-03,-1.343774050474166870e-01,-1.351437330245971680e+00,6.041733908653259277e+01
-2.579503925517201424e-03,-1.343817710876464844e-01,-1.352663278579711914e+00,6.042228913307189941e+01
-2.126054372638463974e-03,-1.343121081590652466e-01,-1.353868365287780762e+00,6.042748808860778809e+01
-1.568503212183713913e-03,-1.341601610183715820e-01,-1.355029821395874023e+00,6.043243503570556641e+01
-1.347708515822887421e-03,-1.345590353012084961e-01,-1.356498956680297852e+00,6.043725919723510742e+01
-9.184973896481096745e-04,-1.347673088312149048e-01,-1.357822775840759277e+00,6.044240117073059082e+01
-2.264538081362843513e-03,-1.340480744838714600e-01,-1.359662532806396484e+00,6.044735813140869141e+01
-2.150560729205608368e-03,-1.339455246925354004e-01,-1.360943794250488281e+00,6.045228505134582520e+01
-1.954693580046296120e-03,-1.339556127786636353e-01,-1.362367630004882812e+00,6.045742011070251465e+01
-1.771313836798071861e-03,-1.339575499296188354e-01,-1.363797783851623535e+00,6.046259498596191406e+01
-1.396068721078336239e-03,-1.339323967695236206e-01,-1.365023732185363770e+00,6.046735119819641113e+01
-1.068196143023669720e-03,-1.339009106159210205e-01,-1.366268873214721680e+00,6.047230005264282227e+01
-1.057410729117691517e-03,-1.347549706697463989e-01,-1.366921782493591309e+00,6.047752308845520020e+01
-1.444590045139193535e-03,-1.349986791610717773e-01,-1.368228673934936523e+00,6.048247599601745605e+01
-1.495320117101073265e-03,-1.351490616798400879e-01,-1.369410753250122070e+00,6.048746418952941895e+01
-1.647562603466212749e-03,-1.352918744087219238e-01,-1.370607018470764160e+00,6.049258804321289062e+01
-1.496315700933337212e-03,-1.352485418319702148e-01,-1.371677756309509277e+00,6.049754309654235840e+01
-1.509321155026555061e-03,-1.352565139532089233e-01,-1.372757554054260254e+00,6.050247621536254883e+01
-1.511103124357759953e-03,-1.352260857820510864e-01,-1.373773694038391113e+00,6.050754499435424805e+01
-2.149877836927771568e-03,-1.347441375255584717e-01,-1.375592470169067383e+00,6.051251506805419922e+01
-1.963758608326315880e-03,-1.349316239356994629e-01,-1.377665758132934570e+00,6.051751303672790527e+01
-1.860311604104936123e-03,-1.350206583738327026e-01,-1.379164576530456543e+00,6.052247714996337891e+01
-1.710121403448283672e-03,-1.351159662008285522e-01,-1.380762100219726562e+00,6.052774500846862793e+01
-1.712735160253942013e-03,-1.352617889642715454e-01,-1.382520079612731934e+00,6.053252506256103516e+01
-1.659840927459299564e-03,-1.354199796915054321e-01,-1.384387254714965820e+00,6.053750014305114746e+01
-1.635277643799781799e-03,-1.355957686901092529e-01,-1.386389851570129395e+00,6.054247307777404785e+01
-1.607331912964582443e-03,-1.347819566726684570e-01,-1.385297536849975586e+00,6.054749798774719238e+01
-1.573722343891859055e-03,-1.347897648811340332e-01,-1.386827230453491211e+00,6.055255222320556641e+01
-1.526744919829070568e-03,-1.347653418779373169e-01,-1.388322591781616211e+00,6.055755305290222168e+01
-1.477520680055022240e-03,-1.348737329244613647e-01,-1.389598608016967773e+00,6.056270098686218262e+01
-1.409252057783305645e-03,-1.349198669195175171e-01,-1.390878796577453613e+00,6.056759119033813477e+01
-1.328847254626452923e-03,-1.349809318780899048e-01,-1.392083287239074707e+00,6.057255601882934570e+01
1.481436047470197082e-04,-1.351313143968582153e-01,-1.393823504447937012e+00,6.057756304740905762e+01
3.441433364059776068e-04,-1.352097094058990479e-01,-1.394929528236389160e+00,6.058255100250244141e+01
5.669288220815360546e-04,-1.352593898773193359e-01,-1.395982146263122559e+00,6.058756899833679199e+01
6.421476718969643116e-04,-1.353721469640731812e-01,-1.397230267524719238e+00,6.059294509887695312e+01
7.461544591933488846e-04,-1.354737579822540283e-01,-1.398394465446472168e+00,6.059778499603271484e+01
8.237373549491167068e-04,-1.355755180120468140e-01,-1.399588584899902344e+00,6.060270714759826660e+01
8.753703441470861435e-04,-1.356815993785858154e-01,-1.400803208351135254e+00,6.060756707191467285e+01
2.025601861532777548e-05,-1.355399340391159058e-01,-1.403755187988281250e+00,6.061257004737854004e+01
-1.917194749694317579e-04,-1.356655359268188477e-01,-1.405343770980834961e+00,6.061772012710571289e+01
-4.595927312038838863e-04,-1.357999444007873535e-01,-1.406995654106140137e+00,6.062270116806030273e+01
-3.642887168098241091e-04,-1.357977986335754395e-01,-1.408584833145141602e+00,6.062790799140930176e+01
-4.942763480357825756e-04,-1.358617991209030151e-01,-1.410282135009765625e+00,6.063271021842956543e+01
-6.187432445585727692e-04,-1.359293758869171143e-01,-1.412018775939941406e+00,6.063777518272399902e+01
-5.898687522858381271e-04,-1.361159980297088623e-01,-1.413686633110046387e+00,6.064270615577697754e+01
1.123991911299526691e-03,-1.350234746932983398e-01,-1.413740158081054688e+00,6.064771699905395508e+01
1.392235513776540756e-03,-1.350348591804504395e-01,-1.415395975112915039e+00,6.065267610549926758e+01
1.411643926985561848e-03,-1.350380927324295044e-01,-1.416841506958007812e+00,6.065769314765930176e+01
1.587706385180354118e-03,-1.350399702787399292e-01,-1.418401956558227539e+00,6.066284298896789551e+01
1.758832600899040699e-03,-1.350370794534683228e-01,-1.419932007789611816e+00,6.066775107383728027e+01
1.946906791999936104e-03,-1.350103318691253662e-01,-1.421360850334167480e+00,6.067271709442138672e+01
6.860197172500193119e-04,-1.359255611896514893e-01,-1.422156453132629395e+00,6.067781209945678711e+01
7.422019843943417072e-04,-1.360127478837966919e-01,-1.423425674438476562e+00,6.068264222145080566e+01
8.060217951424419880e-04,-1.361065208911895752e-01,-1.424629211425781250e+00,6.068786311149597168e+01
1.265804283320903778e-03,-1.363418847322463989e-01,-1.425986409187316895e+00,6.069296908378601074e+01
1.554916263557970524e-03,-1.365122348070144653e-01,-1.427232027053833008e+00,6.069801020622253418e+01
1.903197378851473331e-03,-1.366938054561614990e-01,-1.428468823432922363e+00,6.070283317565917969e+01
1.962702022865414619e-03,-1.367819607257843018e-01,-1.429925441741943359e+00,6.070829701423645020e+01
1.707586459815502167e-03,-1.359153687953948975e-01,-1.434065103530883789e+00,6.071290302276611328e+01
1.690408913418650627e-03,-1.359332054853439331e-01,-1.435811161994934082e+00,6.071811914443969727e+01
2.032614080235362053e-03,-1.361139267683029175e-01,-1.437374114990234375e+00,6.072286105155944824e+01
2.189745428040623665e-03,-1.362336724996566772e-01,-1.439048647880554199e+00,6.072817516326904297e+01
2.374593866989016533e-03,-1.363940387964248657e-01,-1.440730810165405273e+00,6.073284411430358887e+01
2.218317007645964622e-03,-1.363902539014816284e-01,-1.442252755165100098e+00,6.073786306381225586e+01
2.142303856089711189e-03,-1.364432424306869507e-01,-1.443806052207946777e+00,6.074284100532531738e+01
1.661875634454190731e-03,-1.356825381517410278e-01,-1.443585038185119629e+00,6.074783802032470703e+01
1.701717148534953594e-03,-1.357765644788742065e-01,-1.444916009902954102e+00,6.075293898582458496e+01
1.553806592710316181e-03,-1.356836557388305664e-01,-1.446194410324096680e+00,6.075824999809265137e+01
1.396207720972597599e-03,-1.355877816677093506e-01,-1.447421550750732422e+00,6.076308107376098633e+01
1.229208311997354031e-03,-1.354789435863494873e-01,-1.448619127273559570e+00,6.076801204681396484e+01
1.234152936376631260e-03,-1.354671567678451538e-01,-1.450094938278198242e+00,6.077296710014343262e+01
1.985452370718121529e-03,-1.363359242677688599e-01,-1.453062772750854492e+00,6.077791404724121094e+01
2.059671794995665550e-03,-1.363660097122192383e-01,-1.454647898674011230e+00,6.078295516967773438e+01
2.267399802803993225e-03,-1.363268345594406128e-01,-1.456395149230957031e+00,6.078799319267272949e+01
2.457051072269678116e-03,-1.363237798213958740e-01,-1.458119034767150879e+00,6.079321908950805664e+01
2.689616987481713295e-03,-1.363168656826019287e-01,-1.459890484809875488e+00,6.079809498786926270e+01
2.804935909807682037e-03,-1.364083588123321533e-01,-1.461749672889709473e+00,6.080295801162719727e+01
2.983849961310625076e-03,-1.364782303571701050e-01,-1.463653326034545898e+00,6.080832600593566895e+01
2.884396119043231010e-03,-1.367000341415405273e-01,-1.463868498802185059e+00,6.081301999092102051e+01
2.774433465674519539e-03,-1.365570724010467529e-01,-1.465451717376708984e+00,6.081816601753234863e+01
2.747873542830348015e-03,-1.365003436803817749e-01,-1.467230558395385742e+00,6.082309412956237793e+01
2.676446689292788506e-03,-1.364061385393142700e-01,-1.469005942344665527e+00,6.082839012145996094e+01
2.841600449755787849e-03,-1.364583969116210938e-01,-1.470543861389160156e+00,6.083309912681579590e+01
2.921721432358026505e-03,-1.364530026912689209e-01,-1.472138762474060059e+00,6.083811020851135254e+01
3.181836567819118500e-03,-1.373247504234313965e-01,-1.473488926887512207e+00,6.084309720993041992e+01
3.143299371004104614e-03,-1.372783929109573364e-01,-1.475016832351684570e+00,6.084827518463134766e+01
3.221330698579549789e-03,-1.373441815376281738e-01,-1.476448655128479004e+00,6.085306119918823242e+01
3.284738631919026375e-03,-1.374201029539108276e-01,-1.477830171585083008e+00,6.085862612724304199e+01
3.336656605824828148e-03,-1.374970227479934692e-01,-1.479158163070678711e+00,6.086324501037597656e+01
3.322664182633161545e-03,-1.376754045486450195e-01,-1.480700612068176270e+00,6.086829519271850586e+01
3.317106747999787331e-03,-1.378079652786254883e-01,-1.482107400894165039e+00,6.087313914299011230e+01
2.157338429242372513e-03,-1.382858008146286011e-01,-1.485089302062988281e+00,6.087820601463317871e+01
1.880584051832556725e-03,-1.382943391799926758e-01,-1.486771583557128906e+00,6.088322210311889648e+01
1.643212279304862022e-03,-1.384161859750747681e-01,-1.488390207290649414e+00,6.088830399513244629e+01
1.356908585876226425e-03,-1.385112255811691284e-01,-1.490035533905029297e+00,6.089338111877441406e+01
1.358785084448754787e-03,-1.386755704879760742e-01,-1.491606593132019043e+00,6.089826512336730957e+01
1.264989958144724369e-03,-1.388134211301803589e-01,-1.493224024772644043e+00,6.090323519706726074e+01
1.219715224578976631e-03,-1.389583498239517212e-01,-1.494847774505615234e+00,6.090825414657592773e+01
2.602694090455770493e-03,-1.379073262214660645e-01,-1.495789766311645508e+00,6.091310310363769531e+01
2.778378780931234360e-03,-1.379411816596984863e-01,-1.497429490089416504e+00,6.091820716857910156e+01
2.980579389259219170e-03,-1.379393637180328369e-01,-1.499111652374267578e+00,6.092319107055664062e+01
2.912240335717797279e-03,-1.380501091480255127e-01,-1.500837087631225586e+00,6.092836499214172363e+01
2.923992229625582695e-03,-1.381260305643081665e-01,-1.502579927444458008e+00,6.093316817283630371e+01
2.881379565224051476e-03,-1.382104754447937012e-01,-1.504357457160949707e+00,6.093821811676025391e+01
1.471295719966292381e-03,-1.387287080287933350e-01,-1.505480647087097168e+00,6.094319415092468262e+01
1.648291363380849361e-03,-1.386102735996246338e-01,-1.507001280784606934e+00,6.094826817512512207e+01
1.553224516101181507e-03,-1.386720538139343262e-01,-1.508640766143798828e+00,6.095344209671020508e+01
1.468749367631971836e-03,-1.387237608432769775e-01,-1.510267019271850586e+00,6.095826220512390137e+01
1.356735359877347946e-03,-1.389743089675903320e-01,-1.511854052543640137e+00,6.096345114707946777e+01
1.265802071429789066e-03,-1.391610801219940186e-01,-1.513440966606140137e+00,6.096837115287780762e+01
1.177954953163862228e-03,-1.393774002790451050e-01,-1.515015125274658203e+00,6.097332620620727539e+01
2.554728416725993156e-03,-1.388557106256484985e-01,-1.516799926757812500e+00,6.097847104072570801e+01
2.751627005636692047e-03,-1.389527916908264160e-01,-1.518331289291381836e+00,6.098337602615356445e+01
3.005804028362035751e-03,-1.390922069549560547e-01,-1.519853591918945312e+00,6.098843622207641602e+01
3.006867133080959320e-03,-1.393217891454696655e-01,-1.521311879158020020e+00,6.099344611167907715e+01
3.096173051744699478e-03,-1.395112425088882446e-01,-1.522757649421691895e+00,6.099850511550903320e+01
3.154866863042116165e-03,-1.397249847650527954e-01,-1.524143815040588379e+00,6.100341200828552246e+01
3.291103290393948555e-03,-1.397769600152969360e-01,-1.525579571723937988e+00,6.100842404365539551e+01
2.465939149260520935e-03,-1.390037983655929565e-01,-1.527416467666625977e+00,6.101338815689086914e+01
2.484366297721862793e-03,-1.389953345060348511e-01,-1.528851270675659180e+00,6.101844215393066406e+01
2.496236469596624374e-03,-1.389744728803634644e-01,-1.530272245407104492e+00,6.102351713180541992e+01
2.209633355960249901e-03,-1.392725259065628052e-01,-1.532253742218017578e+00,6.102865004539489746e+01
2.055902965366840363e-03,-1.393950432538986206e-01,-1.533957719802856445e+00,6.103332018852233887e+01
1.860026386566460133e-03,-1.395358741283416748e-01,-1.535739064216613770e+00,6.103842020034790039e+01
1.675027888268232346e-03,-1.394607275724411011e-01,-1.537484288215637207e+00,6.104349517822265625e+01
1.603807788342237473e-03,-1.396707296371459961e-01,-1.538029074668884277e+00,6.104845499992370605e+01
1.350539037957787514e-03,-1.396825611591339111e-01,-1.539750576019287109e+00,6.105352210998535156e+01
1.502983737736940384e-03,-1.399691998958587646e-01,-1.541313529014587402e+00,6.105844211578369141e+01
1.461835112422704697e-03,-1.401019096374511719e-01,-1.542974114418029785e+00,6.106362700462341309e+01
1.463731401599943638e-03,-1.402566879987716675e-01,-1.544622182846069336e+00,6.106845521926879883e+01
1.394802238792181015e-03,-1.402863264083862305e-01,-1.546202659606933594e+00,6.107349514961242676e+01
1.708311727270483971e-03,-1.398699134588241577e-01,-1.547796964645385742e+00,6.107841515541076660e+01
1.733671990223228931e-03,-1.398789435625076294e-01,-1.549405694007873535e+00,6.108358311653137207e+01
1.722119282931089401e-03,-1.401256322860717773e-01,-1.551008939743041992e+00,6.108844804763793945e+01
1.741542364470660686e-03,-1.402782797813415527e-01,-1.552574992179870605e+00,6.109375309944152832e+01
1.762163476087152958e-03,-1.404732614755630493e-01,-1.554121017456054688e+00,6.109862899780273438e+01
1.817752257920801640e-03,-1.405430436134338379e-01,-1.555521368980407715e+00,6.110375404357910156e+01
1.870277803391218185e-03,-1.406625360250473022e-01,-1.556938529014587402e+00,6.110864615440368652e+01
1.253416412509977818e-03,-1.400901973247528076e-01,-1.559489488601684570e+00,6.111359620094299316e+01
1.264639315195381641e-03,-1.400562524795532227e-01,-1.560953855514526367e+00,6.111863017082214355e+01
1.169998315162956715e-03,-1.404671967029571533e-01,-1.562409639358520508e+00,6.112360119819641113e+01
1.140548265539109707e-03,-1.406306922435760498e-01,-1.563817262649536133e+00,6.112885808944702148e+01
1.105802948586642742e-03,-1.408236026763916016e-01,-1.565189480781555176e+00,6.113363003730773926e+01
1.113738748244941235e-03,-1.408568769693374634e-01,-1.566710591316223145e+00,6.113881611824035645e+01
8.618038846179842949e-04,-1.405787169933319092e-01,-1.568347334861755371e+00,6.114365315437316895e+01
8.658024016767740250e-04,-1.406263560056686401e-01,-1.569906234741210938e+00,6.114863514900207520e+01
6.669582217000424862e-04,-1.405453681945800781e-01,-1.571602344512939453e+00,6.115370821952819824e+01
5.489630857482552528e-04,-1.405185610055923462e-01,-1.573265671730041504e+00,6.115903806686401367e+01
3.993229765910655260e-04,-1.404691487550735474e-01,-1.574973583221435547e+00,6.116375398635864258e+01
4.924283130094408989e-04,-1.403993070125579834e-01,-1.576772451400756836e+00,6.116874098777770996e+01
5.166280316188931465e-04,-1.403083950281143188e-01,-1.578597426414489746e+00,6.117375516891479492e+01
1.250705448910593987e-03,-1.401832252740859985e-01,-1.578886508941650391e+00,6.117875909805297852e+01
1.271534361876547337e-03,-1.401591151952743530e-01,-1.580821633338928223e+00,6.118374609947204590e+01
1.406983821652829647e-03,-1.400895565748214722e-01,-1.582778692245483398e+00,6.118878102302551270e+01
1.556789269670844078e-03,-1.399694979190826416e-01,-1.584862470626831055e+00,6.119382715225219727e+01
1.717826002277433872e-03,-1.398054957389831543e-01,-1.587029337882995605e+00,6.119894909858703613e+01
1.418182160705327988e-03,-1.398932933807373047e-01,-1.588737845420837402e+00,6.120372200012207031e+01
1.276895753107964993e-03,-1.398903578519821167e-01,-1.590667843818664551e+00,6.120874905586242676e+01
-6.174427689984440804e-04,-1.414349675178527832e-01,-1.592589497566223145e+00,6.121371817588806152e+01
-3.691372403409332037e-04,-1.413861513137817383e-01,-1.593566417694091797e+00,6.121916103363037109e+01
-5.074533983133733273e-04,-1.414016038179397583e-01,-1.594912528991699219e+00,6.122384214401245117e+01
-6.085261120460927486e-04,-1.414039880037307739e-01,-1.596125721931457520e+00,6.122900509834289551e+01
-7.841680780984461308e-04,-1.415678709745407104e-01,-1.597500324249267578e+00,6.123390603065490723e+01
-9.069418301805853844e-04,-1.416899263858795166e-01,-1.598678112030029297e+00,6.123897504806518555e+01
7.998312867130152881e-06,-1.427898257970809937e-01,-1.600948333740234375e+00,6.124410820007324219e+01
-1.275971590075641870e-04,-1.428297758102416992e-01,-1.602609634399414062e+00,6.124887418746948242e+01
-2.203452168032526970e-04,-1.429957002401351929e-01,-1.604039072990417480e+00,6.125376319885253906e+01
-3.267379943281412125e-04,-1.431438773870468140e-01,-1.605508089065551758e+00,6.125908112525939941e+01
-4.200130642857402563e-04,-1.432797312736511230e-01,-1.607197284698486328e+00,6.126377105712890625e+01
-5.305355298332870007e-04,-1.433994024991989136e-01,-1.608876824378967285e+00,6.126885104179382324e+01
-6.469979416579008102e-04,-1.435019373893737793e-01,-1.610630989074707031e+00,6.127379703521728516e+01
-1.510429865447804332e-04,-1.420953571796417236e-01,-1.611429095268249512e+00,6.127885508537292480e+01
-3.419460263103246689e-04,-1.422602236270904541e-01,-1.613394975662231445e+00,6.128400301933288574e+01
-4.893896984867751598e-04,-1.423314809799194336e-01,-1.615391135215759277e+00,6.128900003433227539e+01
-6.587704992853105068e-04,-1.424037963151931763e-01,-1.617474913597106934e+00,6.129406809806823730e+01
-5.935751833021640778e-04,-1.424245536327362061e-01,-1.619410157203674316e+00,6.129897999763488770e+01
-5.875300266779959202e-04,-1.424656659364700317e-01,-1.621473670005798340e+00,6.130386209487915039e+01
-5.304167279973626137e-04,-1.424972116947174072e-01,-1.623561859130859375e+00,6.130896615982055664e+01
1.573584158904850483e-04,-1.426485627889633179e-01,-1.623880386352539062e+00,6.131396913528442383e+01
2.230460086138918996e-04,-1.427668482065200806e-01,-1.625636100769042969e+00,6.131896114349365234e+01
2.793969179037958384e-04,-1.429099142551422119e-01,-1.627341270446777344e+00,6.132399010658264160e+01
2.788572746794670820e-04,-1.429910510778427124e-01,-1.628916025161743164e+00,6.132909798622131348e+01
2.729272528085857630e-04,-1.430929303169250488e-01,-1.630469679832458496e+00,6.133395910263061523e+01
2.398799842922016978e-04,-1.431895196437835693e-01,-1.631958961486816406e+00,6.133895111083984375e+01
-7.180561078712344170e-04,-1.434050351381301880e-01,-1.633547782897949219e+00,6.134400010108947754e+01
-8.308913675136864185e-04,-1.434789299964904785e-01,-1.634921550750732422e+00,6.134895610809326172e+01
-9.522097534500062466e-04,-1.435295492410659790e-01,-1.636253118515014648e+00,6.135408020019531250e+01
-1.010783715173602104e-03,-1.436011046171188354e-01,-1.637803792953491211e+00,6.135919308662414551e+01
-1.083942013792693615e-03,-1.436707824468612671e-01,-1.639230370521545410e+00,6.136413621902465820e+01
-1.145921298302710056e-03,-1.437426507472991943e-01,-1.640668869018554688e+00,6.136910820007324219e+01
-1.194768818095326424e-03,-1.438230574131011963e-01,-1.642116785049438477e+00,6.137408208847045898e+01
-2.219667425379157066e-03,-1.438400298357009888e-01,-1.645253062248229980e+00,6.137908506393432617e+01
-2.436717273667454720e-03,-1.439476907253265381e-01,-1.647261619567871094e+00,6.138414812088012695e+01
-2.667015651240944862e-03,-1.440595090389251709e-01,-1.649386048316955566e+00,6.138902807235717773e+01
-3.114185295999050140e-03,-1.441105008125305176e-01,-1.651292204856872559e+00,6.139433908462524414e+01
-3.504322608932852745e-03,-1.441813409328460693e-01,-1.653450489044189453e+00,6.139903402328491211e+01
-3.938506823033094406e-03,-1.442463696002960205e-01,-1.655649304389953613e+00,6.140414500236511230e+01
-4.110413137823343277e-03,-1.443170309066772461e-01,-1.657628655433654785e+00,6.140911722183227539e+01
-1.060771639458835125e-03,-1.439468860626220703e-01,-1.655631780624389648e+00,6.141406416893005371e+01
-1.007306273095309734e-03,-1.440147459506988525e-01,-1.657385349273681641e+00,6.141925621032714844e+01
-8.621445740573108196e-04,-1.440972834825515747e-01,-1.658642292022705078e+00,6.142430710792541504e+01
-6.944196065887808800e-04,-1.441550105810165405e-01,-1.660026550292968750e+00,6.142937302589416504e+01
-4.771037492901086807e-04,-1.441950201988220215e-01,-1.661291003227233887e+00,6.143421506881713867e+01
-3.535606083460152149e-04,-1.442486792802810669e-01,-1.662658810615539551e+00,6.143934011459350586e+01
-1.608032762305811048e-04,-1.443080455064773560e-01,-1.663913249969482422e+00,6.144418501853942871e+01
-7.764153997413814068e-04,-1.448708474636077881e-01,-1.667957067489624023e+00,6.144920110702514648e+01
-6.543995696119964123e-04,-1.450009793043136597e-01,-1.669435381889343262e+00,6.145415520668029785e+01
-3.853291564155369997e-04,-1.450499892234802246e-01,-1.671140789985656738e+00,6.145935010910034180e+01
-1.679231208981946111e-04,-1.451771259307861328e-01,-1.672730922698974609e+00,6.146433115005493164e+01
8.250170503742992878e-05,-1.452913880348205566e-01,-1.674341797828674316e+00,6.146924114227294922e+01
-2.201779170718509704e-05,-1.453633755445480347e-01,-1.676112651824951172e+00,6.147419118881225586e+01
-5.978074623271822929e-04,-1.451130211353302002e-01,-1.676748991012573242e+00,6.147913599014282227e+01
-8.654256816953420639e-04,-1.452315151691436768e-01,-1.678507089614868164e+00,6.148433709144592285e+01
-3.238345962017774582e-04,-1.453407257795333862e-01,-1.680115222930908203e+00,6.148931598663330078e+01
-2.015523205045610666e-04,-1.454759687185287476e-01,-1.681817889213562012e+00,6.149445819854736328e+01
-8.680421160534024239e-06,-1.456086635589599609e-01,-1.683533072471618652e+00,6.149930620193481445e+01
-1.232946233358234167e-04,-1.456539332866668701e-01,-1.685167551040649414e+00,6.150438714027404785e+01
-9.335184586234390736e-05,-1.451018154621124268e-01,-1.686369657516479492e+00,6.150927519798278809e+01
-1.576922077219933271e-04,-1.450952142477035522e-01,-1.687949776649475098e+00,6.151429510116577148e+01
-3.441165608819574118e-04,-1.452529430389404297e-01,-1.689604163169860840e+00,6.151932406425476074e+01
-5.392181337811052799e-04,-1.453303247690200806e-01,-1.691186428070068359e+00,6.152433800697326660e+01
-7.938900962471961975e-04,-1.454343348741531372e-01,-1.692759752273559570e+00,6.152959012985229492e+01
-9.370644693262875080e-04,-1.454608738422393799e-01,-1.694355726242065430e+00,6.153470706939697266e+01
-1.160712097771465778e-03,-1.455190181732177734e-01,-1.695944309234619141e+00,6.153927707672119141e+01
-9.320161916548386216e-05,-1.453078538179397583e-01,-1.697967886924743652e+00,6.154434299468994141e+01
-1.560158270876854658e-04,-1.453140377998352051e-01,-1.699646830558776855e+00,6.154932713508605957e+01
1.247799809789285064e-04,-1.454937309026718140e-01,-1.701174378395080566e+00,6.155447101593017578e+01
2.541573485359549522e-04,-1.455713510513305664e-01,-1.702768206596374512e+00,6.155967020988464355e+01
4.224838630761951208e-04,-1.456597298383712769e-01,-1.704346060752868652e+00,6.156447219848632812e+01
6.681840750388801098e-04,-1.456709057092666626e-01,-1.705987334251403809e+00,6.156946110725402832e+01
9.539183811284601688e-04,-1.457134932279586792e-01,-1.707603573799133301e+00,6.157441902160644531e+01
3.541971382219344378e-04,-1.461943686008453369e-01,-1.708599328994750977e+00,6.157945799827575684e+01
2.938286925200372934e-04,-1.464056372642517090e-01,-1.710243105888366699e+00,6.158448505401611328e+01
4.329810326453298330e-04,-1.465569734573364258e-01,-1.711894154548645020e+00,6.158945012092590332e+01
5.605316255241632462e-04,-1.467534899711608887e-01,-1.713555097579956055e+00,6.159454607963562012e+01
6.611979915760457516e-04,-1.468564420938491821e-01,-1.714935660362243652e+00,6.159949803352355957e+01
7.438511238433420658e-04,-1.469919979572296143e-01,-1.716376900672912598e+00,6.160446500778198242e+01
4.686842439696192741e-04,-1.459079086780548096e-01,-1.717043995857238770e+00,6.160945415496826172e+01
7.964505930431187153e-04,-1.460924893617630005e-01,-1.718355059623718262e+00,6.161447119712829590e+01
1.010326901450753212e-03,-1.461390852928161621e-01,-1.719569921493530273e+00,6.161946916580200195e+01
1.261340221390128136e-03,-1.462108343839645386e-01,-1.720699429512023926e+00,6.162455201148986816e+01
1.546148210763931274e-03,-1.462889909744262695e-01,-1.721764206886291504e+00,6.162963509559631348e+01
1.582908793352544308e-03,-1.462925821542739868e-01,-1.723330259323120117e+00,6.163442111015319824e+01
1.752654323354363441e-03,-1.463748365640640259e-01,-1.724631547927856445e+00,6.163962912559509277e+01
-1.619641552679240704e-04,-1.467730998992919922e-01,-1.728189468383789062e+00,6.164455699920654297e+01
-4.198637325316667557e-04,-1.468321084976196289e-01,-1.729762911796569824e+00,6.164964103698730469e+01
-6.103780469857156277e-04,-1.468856185674667358e-01,-1.731389999389648438e+00,6.165478110313415527e+01
-8.573611266911029816e-04,-1.469528228044509888e-01,-1.733031630516052246e+00,6.165974402427673340e+01
-8.221648167818784714e-04,-1.470529735088348389e-01,-1.734544038772583008e+00,6.166458201408386230e+01
-8.824478136375546455e-04,-1.471253037452697754e-01,-1.736119031906127930e+00,6.166958498954772949e+01
-8.948012255132198334e-04,-1.471875309944152832e-01,-1.737684488296508789e+00,6.167455315589904785e+01
3.890309017151594162e-04,-1.465109437704086304e-01,-1.738131999969482422e+00,6.167955112457275391e+01
3.843425947707146406e-04,-1.464092284440994263e-01,-1.739719390869140625e+00,6.168460917472839355e+01
3.420179709792137146e-04,-1.462680995464324951e-01,-1.741321325302124023e+00,6.168971419334411621e+01
7.197342929430305958e-04,-1.462261527776718140e-01,-1.742850780487060547e+00,6.169482517242431641e+01
9.934959234669804573e-04,-1.461594700813293457e-01,-1.744417428970336914e+00,6.169973707199096680e+01
1.359155750833451748e-03,-1.461210846900939941e-01,-1.745977759361267090e+00,6.170458602905273438e+01
1.409747870638966560e-03,-1.476985514163970947e-01,-1.747331142425537109e+00,6.170974016189575195e+01
1.108438125811517239e-03,-1.476157605648040771e-01,-1.748611330986022949e+00,6.171469712257385254e+01
1.288547413423657417e-03,-1.476805806159973145e-01,-1.749989867210388184e+00,6.171973204612731934e+01
1.437467173673212528e-03,-1.477282792329788208e-01,-1.751344919204711914e+00,6.172470307350158691e+01
1.706238836050033569e-03,-1.478754878044128418e-01,-1.752700924873352051e+00,6.172985315322875977e+01
1.923838048242032528e-03,-1.479916125535964966e-01,-1.754014134407043457e+00,6.173472499847412109e+01
2.154781250283122063e-03,-1.481221467256546021e-01,-1.755302906036376953e+00,6.173971819877624512e+01
7.880344637669622898e-04,-1.479948461055755615e-01,-1.757673859596252441e+00,6.174468302726745605e+01
7.457109168171882629e-04,-1.480765044689178467e-01,-1.759148716926574707e+00,6.174972200393676758e+01
6.672315066680312157e-04,-1.481514275074005127e-01,-1.760644793510437012e+00,6.175471115112304688e+01
7.850275142118334770e-04,-1.483200639486312866e-01,-1.762270689010620117e+00,6.176005506515502930e+01
7.832002011127769947e-04,-1.484520137310028076e-01,-1.763876318931579590e+00,6.176479601860046387e+01
7.873420254327356815e-04,-1.485938280820846558e-01,-1.765540480613708496e+00,6.176977109909057617e+01
9.668138809502124786e-04,-1.486180275678634644e-01,-1.767134070396423340e+00,6.177486920356750488e+01
1.855829730629920959e-03,-1.480413526296615601e-01,-1.767756342887878418e+00,6.177985906600952148e+01
2.199473790824413300e-03,-1.479885876178741455e-01,-1.769267678260803223e+00,6.178484606742858887e+01
2.074543153867125511e-03,-1.481752991676330566e-01,-1.770556807518005371e+00,6.179015421867370605e+01
2.164911013096570969e-03,-1.482361257076263428e-01,-1.771935105323791504e+00,6.179497313499450684e+01
2.194748260080814362e-03,-1.483544707298278809e-01,-1.773261547088623047e+00,6.179988408088684082e+01
2.176855923607945442e-03,-1.485076695680618286e-01,-1.774550199508666992e+00,6.180487203598022461e+01
1.742169260978698730e-03,-1.488081812858581543e-01,-1.776808857917785645e+00,6.180981206893920898e+01
1.824156031943857670e-03,-1.488877981901168823e-01,-1.778264284133911133e+00,6.181478810310363770e+01
1.912420964799821377e-03,-1.489592045545578003e-01,-1.779723882675170898e+00,6.181980800628662109e+01
2.309664618223905563e-03,-1.491763740777969360e-01,-1.781498074531555176e+00,6.182479119300842285e+01
2.593664918094873428e-03,-1.493169814348220825e-01,-1.783123731613159180e+00,6.183001017570495605e+01
2.934271236881613731e-03,-1.494738310575485229e-01,-1.784775733947753906e+00,6.183483910560607910e+01
3.186627523973584175e-03,-1.496005654335021973e-01,-1.786314845085144043e+00,6.184006309509277344e+01
2.766440855339169502e-03,-1.491720825433731079e-01,-1.787350773811340332e+00,6.184497618675231934e+01
3.049927996471524239e-03,-1.492823660373687744e-01,-1.788938045501708984e+00,6.185001206398010254e+01
3.047971753403544426e-03,-1.492176949977874756e-01,-1.790081143379211426e+00,6.185499405860900879e+01
3.159037092700600624e-03,-1.492494791746139526e-01,-1.791422367095947266e+00,6.186023020744323730e+01
3.227270208299160004e-03,-1.492649316787719727e-01,-1.792705535888671875e+00,6.186491918563842773e+01
3.325263503938913345e-03,-1.494492590427398682e-01,-1.794033885002136230e+00,6.186999511718750000e+01
3.370576305314898491e-03,-1.495699286460876465e-01,-1.795268774032592773e+00,6.187490320205688477e+01
3.680642461404204369e-03,-1.496934443712234497e-01,-1.796701908111572266e+00,6.188006305694580078e+01
3.711130004376173019e-03,-1.498347073793411255e-01,-1.797800660133361816e+00,6.188501906394958496e+01
3.909538500010967255e-03,-1.499100327491760254e-01,-1.799344420433044434e+00,6.188996601104736328e+01
4.005498718470335007e-03,-1.500291824340820312e-01,-1.800614237785339355e+00,6.189521312713623047e+01
4.113145172595977783e-03,-1.501348912715911865e-01,-1.801903963088989258e+00,6.190005922317504883e+01
3.969225566834211349e-03,-1.502213776111602783e-01,-1.803422927856445312e+00,6.190499711036682129e+01
3.198216902092099190e-03,-1.501157730817794800e-01,-1.805805325508117676e+00,6.191012716293334961e+01
2.914301352575421333e-03,-1.502722948789596558e-01,-1.807537674903869629e+00,6.191509699821472168e+01
3.261282574385404587e-03,-1.502884924411773682e-01,-1.809012174606323242e+00,6.192009806632995605e+01
3.283158643171191216e-03,-1.503675729036331177e-01,-1.810699105262756348e+00,6.192508506774902344e+01
3.357785986736416817e-03,-1.504330486059188843e-01,-1.812420964241027832e+00,6.193015909194946289e+01
3.280610777437686920e-03,-1.504388898611068726e-01,-1.813940644264221191e+00,6.193510508537292480e+01
3.285172628238797188e-03,-1.504480838775634766e-01,-1.815502524375915527e+00,6.194005203247070312e+01
3.032888052985072136e-03,-1.495869010686874390e-01,-1.814921855926513672e+00,6.194503211975097656e+01
3.118403721600770950e-03,-1.498965173959732056e-01,-1.816348791122436523e+00,6.195005321502685547e+01
3.125098999589681625e-03,-1.499958336353302002e-01,-1.817607760429382324e+00,6.195520401000976562e+01
3.151706652715802193e-03,-1.501690298318862915e-01,-1.818840742111206055e+00,6.196033310890197754e+01
3.212360199540853500e-03,-1.504014581441879272e-01,-1.820075511932373047e+00,6.196518206596374512e+01
3.398751374334096909e-03,-1.502151638269424438e-01,-1.821381330490112305e+00,6.197004199028015137e+01
3.581852419301867485e-03,-1.502565890550613403e-01,-1.822625041007995605e+00,6.197521018981933594e+01
4.895744379609823227e-03,-1.498158574104309082e-01,-1.827157974243164062e+00,6.198028302192687988e+01
4.904671572148799896e-03,-1.501127481460571289e-01,-1.828475952148437500e+00,6.198521304130554199e+01
5.117952823638916016e-03,-1.501781642436981201e-01,-1.829886198043823242e+00,6.199021720886230469e+01
5.326613783836364746e-03,-1.502815335988998413e-01,-1.831234097480773926e+00,6.199529099464416504e+01
5.386646836996078491e-03,-1.502535492181777954e-01,-1.832531094551086426e+00,6.200024199485778809e+01
5.470298696309328079e-03,-1.502855122089385986e-01,-1.833798289299011230e+00,6.200516319274902344e+01
5.549922585487365723e-03,-1.505489051342010498e-01,-1.833115577697753906e+00,6.201025414466857910e+01
5.704997107386589050e-03,-1.506401896476745605e-01,-1.834610819816589355e+00,6.201520609855651855e+01
5.745830480009317398e-03,-1.506952643394470215e-01,-1.835952520370483398e+00,6.202035713195800781e+01
5.779045633971691132e-03,-1.507614850997924805e-01,-1.837355375289916992e+00,6.202526903152465820e+01
5.981009453535079956e-03,-1.507039964199066162e-01,-1.838901281356811523e+00,6.203041911125183105e+01
6.148569751530885696e-03,-1.506798565387725830e-01,-1.840460658073425293e+00,6.203515505790710449e+01
6.362554617226123810e-03,-1.506424546241760254e-01,-1.842077970504760742e+00,6.204066014289855957e+01
6.201652344316244125e-03,-1.503351479768753052e-01,-1.844460725784301758e+00,6.204566717147827148e+01
6.177515257149934769e-03,-1.502833366394042969e-01,-1.846261501312255859e+00,6.205038213729858398e+01
6.096274126321077347e-03,-1.502453982830047607e-01,-1.848107695579528809e+00,6.205548310279846191e+01
5.952200852334499359e-03,-1.502069830894470215e-01,-1.850010395050048828e+00,6.206052803993225098e+01
5.908856168389320374e-03,-1.499898582696914673e-01,-1.851339817047119141e+00,6.206524014472961426e+01
5.751891527324914932e-03,-1.498253792524337769e-01,-1.852935910224914551e+00,6.207041311264038086e+01
6.239742506295442581e-03,-1.504026800394058228e-01,-1.851582407951354980e+00,6.207529211044311523e+01
6.256067194044589996e-03,-1.504892259836196899e-01,-1.852787494659423828e+00,6.208046817779541016e+01
6.178468465805053711e-03,-1.504419296979904175e-01,-1.853868722915649414e+00,6.208528399467468262e+01
6.097088567912578583e-03,-1.504120379686355591e-01,-1.854879140853881836e+00,6.209053707122802734e+01
6.284712348133325577e-03,-1.503659784793853760e-01,-1.855914473533630371e+00,6.209553408622741699e+01
6.431625690311193466e-03,-1.503279656171798706e-01,-1.856877923011779785e+00,6.210055398941040039e+01
6.653576157987117767e-03,-1.502926200628280640e-01,-1.857805848121643066e+00,6.210540413856506348e+01
6.417895667254924774e-03,-1.516972184181213379e-01,-1.862475872039794922e+00,6.211055803298950195e+01
6.731918547302484512e-03,-1.518013924360275269e-01,-1.863789319992065430e+00,6.211541199684143066e+01
7.103638723492622375e-03,-1.518950313329696655e-01,-1.865144848823547363e+00,6.212054204940795898e+01
7.054098881781101227e-03,-1.519143283367156982e-01,-1.866690278053283691e+00,6.212552499771118164e+01
7.111378014087677002e-03,-1.519733816385269165e-01,-1.868247270584106445e+00,6.213050699234008789e+01
7.079197559505701065e-03,-1.520266681909561157e-01,-1.869878530502319336e+00,6.213536906242370605e+01
6.955265998840332031e-03,-1.520714610815048218e-01,-1.871583461761474609e+00,6.214050102233886719e+01
6.447635591030120850e-03,-1.517201066017150879e-01,-1.871168732643127441e+00,6.214540600776672363e+01
6.413447670638561249e-03,-1.517192721366882324e-01,-1.872583508491516113e+00,6.215048313140869141e+01
6.371254101395606995e-03,-1.517011970281600952e-01,-1.874000191688537598e+00,6.215542721748352051e+01
6.522326264530420303e-03,-1.516566127538681030e-01,-1.875175476074218750e+00,6.216070103645324707e+01
6.590780336409807205e-03,-1.516193151473999023e-01,-1.876448392868041992e+00,6.216553401947021484e+01
6.683897227048873901e-03,-1.515833586454391479e-01,-1.877694606781005859e+00,6.217042517662048340e+01
6.833286955952644348e-03,-1.516604721546173096e-01,-1.879027128219604492e+00,6.217540907859802246e+01
5.775279831141233444e-03,-1.525463908910751343e-01,-1.882311224937438965e+00,6.218059611320495605e+01
5.909699015319347382e-03,-1.526590734720230103e-01,-1.883660674095153809e+00,6.218557810783386230e+01
5.780618637800216675e-03,-1.527076661586761475e-01,-1.885229706764221191e+00,6.219058513641357422e+01
5.789791233837604523e-03,-1.527757197618484497e-01,-1.886703133583068848e+00,6.219571113586425781e+01
5.780461244285106659e-03,-1.528089791536331177e-01,-1.888204932212829590e+00,6.220051598548889160e+01
5.804202985018491745e-03,-1.528825461864471436e-01,-1.889695405960083008e+00,6.220557117462158203e+01
6.318501196801662445e-03,-1.528472006320953369e-01,-1.889271616935729980e+00,6.221057915687561035e+01
6.351340562105178833e-03,-1.530209630727767944e-01,-1.890619158744812012e+00,6.221555018424987793e+01
6.377439480274915695e-03,-1.532163321971893311e-01,-1.891976118087768555e+00,6.222070813179016113e+01
6.853516213595867157e-03,-1.530612707138061523e-01,-1.893275499343872070e+00,6.222572517395019531e+01
7.111391052603721619e-03,-1.530945599079132080e-01,-1.894620895385742188e+00,6.223064613342285156e+01
7.432119920849800110e-03,-1.530981212854385376e-01,-1.895963907241821289e+00,6.223542809486389160e+01
7.663446944206953049e-03,-1.532395482063293457e-01,-1.897427320480346680e+00,6.224050998687744141e+01
7.119832094758749008e-03,-1.529772281646728516e-01,-1.899927258491516113e+00,6.224555921554565430e+01
7.329750340431928635e-03,-1.531011611223220825e-01,-1.901566386222839355e+00,6.225069212913513184e+01
7.032360881567001343e-03,-1.532183438539505005e-01,-1.902934908866882324e+00,6.225569200515747070e+01
6.954680662602186203e-03,-1.533455699682235718e-01,-1.904442787170410156e+00,6.226094317436218262e+01
6.801180541515350342e-03,-1.534790098667144775e-01,-1.905926465988159180e+00,6.226576614379882812e+01
6.684646476060152054e-03,-1.534262746572494507e-01,-1.907337546348571777e+00,6.227074313163757324e+01
7.068022619932889938e-03,-1.526923477649688721e-01,-1.908145308494567871e+00,6.227574706077575684e+01
6.869327742606401443e-03,-1.524938493967056274e-01,-1.909499883651733398e+00,6.228075599670410156e+01
6.986798718571662903e-03,-1.525869220495223999e-01,-1.911078453063964844e+00,6.228561401367187500e+01
6.944817025214433670e-03,-1.525354087352752686e-01,-1.912528991699218750e+00,6.229074621200561523e+01
6.927784066647291183e-03,-1.525108665227890015e-01,-1.913999438285827637e+00,6.229569816589355469e+01
6.956884637475013733e-03,-1.524681150913238525e-01,-1.915456175804138184e+00,6.230112004280090332e+01
7.009031251072883606e-03,-1.524443179368972778e-01,-1.916960477828979492e+00,6.230559706687927246e+01
6.535414606332778931e-03,-1.537151783704757690e-01,-1.919161796569824219e+00,6.231076502799987793e+01
6.647314876317977905e-03,-1.537874191999435425e-01,-1.920803427696228027e+00,6.231571412086486816e+01
6.644230801612138748e-03,-1.539103388786315918e-01,-1.922530889511108398e+00,6.232082104682922363e+01
6.733219604939222336e-03,-1.540195196866989136e-01,-1.924237012863159180e+00,6.232651615142822266e+01
6.834162864834070206e-03,-1.541433781385421753e-01,-1.925965070724487305e+00,6.233081316947937012e+01
6.968025118112564087e-03,-1.542292535305023193e-01,-1.927655220031738281e+00,6.233586621284484863e+01
7.105344906449317932e-03,-1.543478369712829590e-01,-1.929375767707824707e+00,6.234084916114807129e+01
7.443485315889120102e-03,-1.541848480701446533e-01,-1.930091500282287598e+00,6.234584617614746094e+01
7.332994602620601654e-03,-1.544140279293060303e-01,-1.931268692016601562e+00,6.235081005096435547e+01
7.358254864811897278e-03,-1.545406430959701538e-01,-1.932657718658447266e+00,6.235567116737365723e+01
7.351137232035398483e-03,-1.546673774719238281e-01,-1.933984875679016113e+00,6.236118102073669434e+01
7.343758363276720047e-03,-1.546210646629333496e-01,-1.935282945632934570e+00,6.236585307121276855e+01
7.292835973203182220e-03,-1.546422392129898071e-01,-1.936504125595092773e+00,6.237083721160888672e+01
6.187225691974163055e-03,-1.549415737390518188e-01,-1.937927722930908203e+00,6.237570405006408691e+01
6.289029028266668320e-03,-1.552026122808456421e-01,-1.939458608627319336e+00,6.238084602355957031e+01
6.277772597968578339e-03,-1.553285419940948486e-01,-1.940782308578491211e+00,6.238590002059936523e+01
6.283851340413093567e-03,-1.554769873619079590e-01,-1.942124724388122559e+00,6.239101910591125488e+01
6.308426614850759506e-03,-1.556603610515594482e-01,-1.943484902381896973e+00,6.239612102508544922e+01
6.612277124077081680e-03,-1.557712852954864502e-01,-1.944913387298583984e+00,6.240097212791442871e+01
6.855162791907787323e-03,-1.559455096721649170e-01,-1.946335315704345703e+00,6.240601301193237305e+01
7.288733031600713730e-03,-1.548162847757339478e-01,-1.947512626647949219e+00,6.241096901893615723e+01
6.919426377862691879e-03,-1.548356115818023682e-01,-1.949046611785888672e+00,6.241606616973876953e+01
6.961677689105272293e-03,-1.548758149147033691e-01,-1.950565099716186523e+00,6.242100906372070312e+01
6.939105689525604248e-03,-1.549142301082611084e-01,-1.952146768569946289e+00,6.242633509635925293e+01
7.152681704610586166e-03,-1.549630016088485718e-01,-1.953614115715026855e+00,6.243101000785827637e+01
7.266575470566749573e-03,-1.550082862377166748e-01,-1.955157995223999023e+00,6.243607115745544434e+01
7.405298296362161636e-03,-1.550617069005966187e-01,-1.956708908081054688e+00,6.244114613533020020e+01
7.622611243277788162e-03,-1.551931053400039673e-01,-1.959631800651550293e+00,6.244598603248596191e+01
7.905245758593082428e-03,-1.552703678607940674e-01,-1.961240172386169434e+00,6.245116710662841797e+01
8.219281211495399475e-03,-1.553348898887634277e-01,-1.962843537330627441e+00,6.245625209808349609e+01
7.903412915766239166e-03,-1.554325670003890991e-01,-1.964305996894836426e+00,6.246126699447631836e+01
7.730702403932809830e-03,-1.555336713790893555e-01,-1.965809345245361328e+00,6.246618700027465820e+01
7.399158552289009094e-03,-1.556129902601242065e-01,-1.967301368713378906e+00,6.247113609313964844e+01
4.360348451882600784e-03,-1.567921340465545654e-01,-1.970035552978515625e+00,6.247620511054992676e+01
4.530876409262418747e-03,-1.567773967981338501e-01,-1.970821499824523926e+00,6.248112320899963379e+01
4.039016086608171463e-03,-1.569558084011077881e-01,-1.971871972084045410e+00,6.248617720603942871e+01
3.549100831151008606e-03,-1.571140140295028687e-01,-1.972777724266052246e+00,6.249115705490112305e+01
3.158263163641095161e-03,-1.574134975671768188e-01,-1.973958730697631836e+00,6.249677014350891113e+01
2.757216105237603188e-03,-1.576733887195587158e-01,-1.974938035011291504e+00,6.250107717514038086e+01
2.386347856372594833e-03,-1.579596400260925293e-01,-1.975896000862121582e+00,6.250594115257263184e+01
5.465735215693712234e-03,-1.567273139953613281e-01,-1.979887247085571289e+00,6.251122117042541504e+01
5.521253682672977448e-03,-1.569311022758483887e-01,-1.981459617614746094e+00,6.251629304885864258e+01
5.614627618342638016e-03,-1.571405678987503052e-01,-1.983141303062438965e+00,6.252129316329956055e+01
5.719244945794343948e-03,-1.572705358266830444e-01,-1.984879612922668457e+00,6.252692818641662598e+01
5.877158138900995255e-03,-1.574248671531677246e-01,-1.986705899238586426e+00,6.253128600120544434e+01
6.073472090065479279e-03,-1.575644016265869141e-01,-1.988603711128234863e+00,6.253671002388000488e+01
6.090671755373477936e-03,-1.576455086469650269e-01,-1.990389823913574219e+00,6.254110217094421387e+01
6.411420647054910660e-03,-1.558880060911178589e-01,-1.989409446716308594e+00,6.254621815681457520e+01
6.440269295126199722e-03,-1.558043509721755981e-01,-1.991140365600585938e+00,6.255121898651123047e+01
6.213090382516384125e-03,-1.559518128633499146e-01,-1.992721915245056152e+00,6.255673313140869141e+01
6.019818130880594254e-03,-1.559073925018310547e-01,-1.994476914405822754e+00,6.256143808364868164e+01
5.774088203907012939e-03,-1.558584123849868774e-01,-1.996234536170959473e+00,6.256688117980957031e+01
5.472256802022457123e-03,-1.558084934949874878e-01,-1.997976303100585938e+00,6.257133007049560547e+01
5.821551196277141571e-03,-1.570940166711807251e-01,-2.000014066696166992e+00,6.257686114311218262e+01
5.925250239670276642e-03,-1.571345180273056030e-01,-2.001505374908447266e+00,6.258144211769104004e+01
6.086396519094705582e-03,-1.571469604969024658e-01,-2.002940416336059570e+00,6.258679318428039551e+01
5.772653967142105103e-03,-1.573163121938705444e-01,-2.004379749298095703e+00,6.259134101867675781e+01
5.720327142626047134e-03,-1.574242562055587769e-01,-2.005766868591308594e+00,6.259717822074890137e+01
5.638346541672945023e-03,-1.575429886579513550e-01,-2.007123708724975586e+00,6.260133600234985352e+01
5.489561706781387329e-03,-1.576500087976455688e-01,-2.008566379547119141e+00,6.260650205612182617e+01
5.133274942636489868e-03,-1.573764085769653320e-01,-2.010578393936157227e+00,6.261133599281311035e+01
4.846880212426185608e-03,-1.574655324220657349e-01,-2.012032032012939453e+00,6.261681103706359863e+01
4.877187311649322510e-03,-1.577231287956237793e-01,-2.013658761978149414e+00,6.262120914459228516e+01
4.749125335365533829e-03,-1.579018682241439819e-01,-2.015208721160888672e+00,6.262675118446350098e+01
4.648129455745220184e-03,-1.580964028835296631e-01,-2.016777515411376953e+00,6.263148403167724609e+01
4.277100320905447006e-03,-1.581723242998123169e-01,-2.018384933471679688e+00,6.263681316375732422e+01
3.974637482315301895e-03,-1.583111882209777832e-01,-2.020015954971313477e+00,6.264137220382690430e+01
5.265923682600259781e-03,-1.576091051101684570e-01,-2.021251678466796875e+00,6.264628720283508301e+01
4.954807460308074951e-03,-1.576693356037139893e-01,-2.022966384887695312e+00,6.265145015716552734e+01
5.247075110673904419e-03,-1.576549708843231201e-01,-2.024256467819213867e+00,6.265684604644775391e+01
5.191869102418422699e-03,-1.576743274927139282e-01,-2.025777339935302734e+00,6.266169309616088867e+01
5.173049867153167725e-03,-1.576814502477645874e-01,-2.027258396148681641e+00,6.266714310646057129e+01
5.131392274051904678e-03,-1.577742546796798706e-01,-2.028662681579589844e+00,6.267150712013244629e+01
3.832422662526369095e-03,-1.581551432609558105e-01,-2.031057834625244141e+00,6.267724919319152832e+01
3.688354976475238800e-03,-1.582931131124496460e-01,-2.032503128051757812e+00,6.268149518966674805e+01
3.748013405129313469e-03,-1.583799123764038086e-01,-2.034336566925048828e+00,6.268718099594116211e+01
3.755537327378988266e-03,-1.585126966238021851e-01,-2.035967588424682617e+00,6.269150209426879883e+01
3.810952184721827507e-03,-1.586319953203201294e-01,-2.037637710571289062e+00,6.269674205780029297e+01
3.666769945994019508e-03,-1.586980819702148438e-01,-2.039428234100341797e+00,6.270151615142822266e+01
4.677683115005493164e-03,-1.581846177577972412e-01,-2.040169715881347656e+00,6.270727419853210449e+01
4.640883300453424454e-03,-1.582396328449249268e-01,-2.041945934295654297e+00,6.271153211593627930e+01
4.470658954232931137e-03,-1.582728624343872070e-01,-2.043598175048828125e+00,6.271681618690490723e+01
4.312966950237751007e-03,-1.583150476217269897e-01,-2.045341491699218750e+00,6.272159314155578613e+01
4.110006615519523621e-03,-1.583750247955322266e-01,-2.047100543975830078e+00,6.272680306434631348e+01
3.863584017381072044e-03,-1.584455221891403198e-01,-2.048869132995605469e+00,6.273168110847473145e+01
3.651533741503953934e-03,-1.584756672382354736e-01,-2.050456047058105469e+00,6.273681807518005371e+01
3.372688777744770050e-03,-1.585051864385604858e-01,-2.052146911621093750e+00,6.274166417121887207e+01
4.509690217673778534e-03,-1.584864854812622070e-01,-2.052263021469116211e+00,6.274693608283996582e+01
4.455517046153545380e-03,-1.585625112056732178e-01,-2.053786516189575195e+00,6.275166916847229004e+01
4.305480048060417175e-03,-1.586327254772186279e-01,-2.055245637893676758e+00,6.275682711601257324e+01
4.155595321208238602e-03,-1.587032824754714966e-01,-2.056678056716918945e+00,6.276186418533325195e+01
4.016012419015169144e-03,-1.587815433740615845e-01,-2.058228731155395508e+00,6.276677918434143066e+01
3.868079977110028267e-03,-1.588614135980606079e-01,-2.059749126434326172e+00,6.277163815498352051e+01
3.406190779060125351e-03,-1.591744869947433472e-01,-2.063067674636840820e+00,6.277705121040344238e+01
3.176095895469188690e-03,-1.592247337102890015e-01,-2.064731121063232422e+00,6.278158807754516602e+01
2.977989381179213524e-03,-1.593259125947952271e-01,-2.066429615020751953e+00,6.278689718246459961e+01
2.766685560345649719e-03,-1.594212055206298828e-01,-2.068143367767333984e+00,6.279176020622253418e+01
2.379206940531730652e-03,-1.594574451446533203e-01,-2.069712162017822266e+00,6.279676818847656250e+01
2.000360051169991493e-03,-1.594986766576766968e-01,-2.071308135986328125e+00,6.280180001258850098e+01
2.453021937981247902e-03,-1.592837572097778320e-01,-2.071101903915405273e+00,6.280676698684692383e+01
2.770663006231188774e-03,-1.594161540269851685e-01,-2.072737932205200195e+00,6.281190299987792969e+01
2.772646723315119743e-03,-1.595044434070587158e-01,-2.074228048324584961e+00,6.281685209274291992e+01
2.855839440599083900e-03,-1.595588624477386475e-01,-2.075762271881103516e+00,6.282176208496093750e+01
3.029969753697514534e-03,-1.596284508705139160e-01,-2.077313899993896484e+00,6.282684206962585449e+01
3.040896030142903328e-03,-1.597422808408737183e-01,-2.078854322433471680e+00,6.283190202713012695e+01
3.220541635528206825e-03,-1.598481833934783936e-01,-2.080428600311279297e+00,6.283678913116455078e+01
3.438331652432680130e-03,-1.599495261907577515e-01,-2.082037448883056641e+00,6.284190011024475098e+01
2.912404946982860565e-03,-1.596893072128295898e-01,-2.084274053573608398e+00,6.284677100181579590e+01
2.956131240352988243e-03,-1.597158312797546387e-01,-2.085978507995605469e+00,6.285189700126647949e+01
2.986782696098089218e-03,-1.597200781106948853e-01,-2.087713241577148438e+00,6.285704112052917480e+01
2.989590400829911232e-03,-1.599003225564956665e-01,-2.089376211166381836e+00,6.286215519905090332e+01
2.979722572490572929e-03,-1.600324660539627075e-01,-2.091082572937011719e+00,6.286685705184936523e+01
2.951754722744226456e-03,-1.602047681808471680e-01,-2.092786788940429688e+00,6.287189817428588867e+01
3.250855254009366035e-03,-1.602041423320770264e-01,-2.092958450317382812e+00,6.287685298919677734e+01
3.327982034534215927e-03,-1.602067500352859497e-01,-2.094262838363647461e+00,6.288190412521362305e+01
3.424045164138078690e-03,-1.601442694664001465e-01,-2.095482110977172852e+00,6.288685512542724609e+01
3.430508309975266457e-03,-1.603379994630813599e-01,-2.096914291381835938e+00,6.289183521270751953e+01
3.472692333161830902e-03,-1.604556292295455933e-01,-2.098208904266357422e+00,6.289711117744445801e+01
3.507496323436498642e-03,-1.606376767158508301e-01,-2.099487066268920898e+00,6.290190410614013672e+01
2.984133781865239143e-03,-1.611122936010360718e-01,-2.102993249893188477e+00,6.290686202049255371e+01
3.161188913509249687e-03,-1.609233617782592773e-01,-2.104573249816894531e+00,6.291184210777282715e+01
3.251568414270877838e-03,-1.610380709171295166e-01,-2.106075286865234375e+00,6.291710400581359863e+01
3.362844698131084442e-03,-1.611533463001251221e-01,-2.107573270797729492e+00,6.292195415496826172e+01
3.426510374993085861e-03,-1.614617705345153809e-01,-2.109183073043823242e+00,6.292711520195007324e+01
3.513953881338238716e-03,-1.616964340209960938e-01,-2.110801458358764648e+00,6.293204617500305176e+01
3.601749893277883530e-03,-1.619655191898345947e-01,-2.112449645996093750e+00,6.293710517883300781e+01
3.526682034134864807e-03,-1.620869785547256470e-01,-2.114054679870605469e+00,6.294203305244445801e+01
2.577472478151321411e-03,-1.604754924774169922e-01,-2.114840745925903320e+00,6.294707202911376953e+01
2.379209734499454498e-03,-1.604406833648681641e-01,-2.116571903228759766e+00,6.295201921463012695e+01
2.386217005550861359e-03,-1.604292541742324829e-01,-2.117988586425781250e+00,6.295707607269287109e+01
2.259784843772649765e-03,-1.603948622941970825e-01,-2.119566679000854492e+00,6.296224212646484375e+01
2.132882596924901009e-03,-1.603517383337020874e-01,-2.121122121810913086e+00,6.296705412864685059e+01
2.042408566921949387e-03,-1.603686660528182983e-01,-2.122791767120361328e+00,6.297206902503967285e+01
2.840660279616713524e-03,-1.608658879995346069e-01,-2.123817205429077148e+00,6.297707200050354004e+01
2.843086840584874153e-03,-1.609501391649246216e-01,-2.125307559967041016e+00,6.298199605941772461e+01
2.852151868864893913e-03,-1.610498726367950439e-01,-2.126781702041625977e+00,6.298712015151977539e+01
3.145346185192465782e-03,-1.612414717674255371e-01,-2.128106117248535156e+00,6.299228501319885254e+01
3.325207857415080070e-03,-1.613914817571640015e-01,-2.129527568817138672e+00,6.299712419509887695e+01
3.552536014467477798e-03,-1.615703850984573364e-01,-2.130927801132202148e+00,6.300211405754089355e+01
3.568910295143723488e-03,-1.617602407932281494e-01,-2.132397890090942383e+00,6.300712108612060547e+01
2.584236906841397285e-03,-1.617026031017303467e-01,-2.134442567825317383e+00,6.301212215423583984e+01
2.521493006497621536e-03,-1.618202477693557739e-01,-2.136002540588378906e+00,6.301715612411499023e+01
2.491377526894211769e-03,-1.618316322565078735e-01,-2.137523174285888672e+00,6.302213406562805176e+01
2.414831891655921936e-03,-1.619184911251068115e-01,-2.139064073562622070e+00,6.302722501754760742e+01
2.321327570825815201e-03,-1.620027720928192139e-01,-2.140610218048095703e+00,6.303228211402893066e+01
2.399644348770380020e-03,-1.620593518018722534e-01,-2.142024278640747070e+00,6.303701019287109375e+01
3.234028583392500877e-03,-1.614433974027633667e-01,-2.142785787582397461e+00,6.304211616516113281e+01
3.396587446331977844e-03,-1.613906919956207275e-01,-2.144045114517211914e+00,6.304708600044250488e+01
3.335588146001100540e-03,-1.614795029163360596e-01,-2.145623207092285156e+00,6.305228114128112793e+01
3.402254544198513031e-03,-1.615079045295715332e-01,-2.147019147872924805e+00,6.305725002288818359e+01
3.459576284512877464e-03,-1.615508794784545898e-01,-2.148452043533325195e+00,6.306225419044494629e+01
3.421993693336844444e-03,-1.614738553762435913e-01,-2.150096178054809570e+00,6.306739902496337891e+01
3.380324225872755051e-03,-1.614340394735336304e-01,-2.151733398437500000e+00,6.307230019569396973e+01
3.046782221645116806e-03,-1.613191962242126465e-01,-2.153376817703247070e+00,6.307720708847045898e+01
2.900013234466314316e-03,-1.611778885126113892e-01,-2.155129432678222656e+00,6.308225512504577637e+01
3.232114017009735107e-03,-1.613067388534545898e-01,-2.156656980514526367e+00,6.308722710609436035e+01
3.313225926831364632e-03,-1.613000184297561646e-01,-2.158371210098266602e+00,6.309238314628601074e+01
3.424088004976511002e-03,-1.613239496946334839e-01,-2.160122156143188477e+00,6.309738922119140625e+01
3.691953141242265701e-03,-1.612153053283691406e-01,-2.161632776260375977e+00,6.310223412513732910e+01
4.005060996860265732e-03,-1.619847118854522705e-01,-2.162024497985839844e+00,6.310721015930175781e+01
4.411952104419469833e-03,-1.619611531496047974e-01,-2.163253784179687500e+00,6.311226320266723633e+01
4.099811892956495285e-03,-1.621786355972290039e-01,-2.164377689361572266e+00,6.311737108230590820e+01
4.152878653258085251e-03,-1.622400432825088501e-01,-2.165493249893188477e+00,6.312237715721130371e+01
4.135539289563894272e-03,-1.623096317052841187e-01,-2.166567802429199219e+00,6.312754702568054199e+01
4.333968739956617355e-03,-1.622573733329772949e-01,-2.167855501174926758e+00,6.313230109214782715e+01
4.422594793140888214e-03,-1.622658371925354004e-01,-2.169032096862792969e+00,6.313742017745971680e+01
4.497528076171875000e-03,-1.629296243190765381e-01,-2.173220872879028320e+00,6.314237213134765625e+01
4.418788012117147446e-03,-1.631546318531036377e-01,-2.174988985061645508e+00,6.314757919311523438e+01
4.426141269505023956e-03,-1.633313596248626709e-01,-2.176614522933959961e+00,6.315242314338684082e+01
4.417263437062501907e-03,-1.635720729827880859e-01,-2.178254127502441406e+00,6.315737605094909668e+01
4.380811005830764771e-03,-1.638545244932174683e-01,-2.179947376251220703e+00,6.316250300407409668e+01
4.648960661143064499e-03,-1.637825965881347656e-01,-2.181659460067749023e+00,6.316755104064941406e+01
4.781682975590229034e-03,-1.638749390840530396e-01,-2.183465480804443359e+00,6.317239212989807129e+01
6.204752717167139053e-03,-1.625628173351287842e-01,-2.182428359985351562e+00,6.317742514610290527e+01
6.095504853874444962e-03,-1.625618487596511841e-01,-2.183772563934326172e+00,6.318236398696899414e+01
6.217619869858026505e-03,-1.624739468097686768e-01,-2.185259819030761719e+00,6.318754410743713379e+01
6.303878035396337509e-03,-1.623622030019760132e-01,-2.186745405197143555e+00,6.319261813163757324e+01
6.518556270748376846e-03,-1.622889637947082520e-01,-2.188110351562500000e+00,6.319754314422607422e+01
6.671799812465906143e-03,-1.622061282396316528e-01,-2.189462184906005859e+00,6.320249319076538086e+01
6.832875311374664307e-03,-1.621388196945190430e-01,-2.190751552581787109e+00,6.320751309394836426e+01
6.422425154596567154e-03,-1.638049334287643433e-01,-2.192186832427978516e+00,6.321251511573791504e+01
6.624469067901372910e-03,-1.639656722545623779e-01,-2.193358421325683594e+00,6.321754217147827148e+01
6.844083778560161591e-03,-1.641449928283691406e-01,-2.194498538970947266e+00,6.322248721122741699e+01
6.851238664239645004e-03,-1.643074303865432739e-01,-2.195925235748291016e+00,6.322766304016113281e+01
6.910103373229503632e-03,-1.644894033670425415e-01,-2.197287321090698242e+00,6.323246717453002930e+01
6.927907932549715042e-03,-1.646658629179000854e-01,-2.198713779449462891e+00,6.323753213882446289e+01
5.390895530581474304e-03,-1.643543243408203125e-01,-2.202353715896606445e+00,6.324261617660522461e+01
5.738368257880210876e-03,-1.643042117357254028e-01,-2.203724145889282227e+00,6.324750018119812012e+01
5.803151521831750870e-03,-1.643889844417572021e-01,-2.205323696136474609e+00,6.325263214111328125e+01
5.897494498640298843e-03,-1.644639819860458374e-01,-2.206925630569458008e+00,6.325764513015747070e+01
5.868297070264816284e-03,-1.646376997232437134e-01,-2.208417177200317383e+00,6.326274919509887695e+01
5.892535671591758728e-03,-1.647793948650360107e-01,-2.209933757781982422e+00,6.326753902435302734e+01
5.907376296818256378e-03,-1.649363636970520020e-01,-2.211427211761474609e+00,6.327262401580810547e+01
6.552301347255706787e-03,-1.644198298454284668e-01,-2.211595296859741211e+00,6.327764415740966797e+01
6.674618460237979889e-03,-1.645236462354660034e-01,-2.212819576263427734e+00,6.328263306617736816e+01
6.812078412622213364e-03,-1.646347194910049438e-01,-2.213991403579711914e+00,6.328772711753845215e+01
6.920814048498868942e-03,-1.647343486547470093e-01,-2.215260744094848633e+00,6.329275512695312500e+01
7.058507297188043594e-03,-1.648585796356201172e-01,-2.216423273086547852e+00,6.329797101020812988e+01
7.204262539744377136e-03,-1.649912148714065552e-01,-2.217576742172241211e+00,6.330263113975524902e+01
7.418075110763311386e-03,-1.651281118392944336e-01,-2.218783378601074219e+00,6.330791211128234863e+01
7.641189731657505035e-03,-1.649533212184906006e-01,-2.221099615097045898e+00,6.331264114379882812e+01
7.897585630416870117e-03,-1.650292128324508667e-01,-2.222335100173950195e+00,6.331766009330749512e+01
8.173608221113681793e-03,-1.650102883577346802e-01,-2.223758697509765625e+00,6.332288002967834473e+01
8.476426824927330017e-03,-1.650071591138839722e-01,-2.225122451782226562e+00,6.332789516448974609e+01
8.802077732980251312e-03,-1.649729311466217041e-01,-2.226506471633911133e+00,6.333271908760070801e+01
9.148874320089817047e-03,-1.649203598499298096e-01,-2.227919101715087891e+00,6.333780217170715332e+01
8.435146883130073547e-03,-1.649316996335983276e-01,-2.229150533676147461e+00,6.334275221824645996e+01
8.478462696075439453e-03,-1.650437414646148682e-01,-2.230906963348388672e+00,6.334771108627319336e+01
8.473195135593414307e-03,-1.651788502931594849e-01,-2.232769012451171875e+00,6.335271215438842773e+01
8.604441769421100616e-03,-1.649593412876129150e-01,-2.234279394149780273e+00,6.335771799087524414e+01
8.614815771579742432e-03,-1.649093478918075562e-01,-2.236074447631835938e+00,6.336287522315979004e+01
8.609474636614322662e-03,-1.648241579532623291e-01,-2.237888813018798828e+00,6.336811017990112305e+01
8.654064498841762543e-03,-1.649866104125976562e-01,-2.239424943923950195e+00,6.337275505065917969e+01
8.716676384210586548e-03,-1.653890609741210938e-01,-2.239862203598022461e+00,6.337775206565856934e+01
8.777268230915069580e-03,-1.655665189027786255e-01,-2.241280555725097656e+00,6.338274908065795898e+01
8.841094560921192169e-03,-1.655792891979217529e-01,-2.242329597473144531e+00,6.338783812522888184e+01
8.910095319151878357e-03,-1.656818389892578125e-01,-2.243481397628784180e+00,6.339299821853637695e+01
8.984528481960296631e-03,-1.657868921756744385e-01,-2.244529485702514648e+00,6.339798116683959961e+01
9.075691923499107361e-03,-1.658523082733154297e-01,-2.245783329010009766e+00,6.340279316902160645e+01
9.167394600808620453e-03,-1.659208238124847412e-01,-2.246873855590820312e+00,6.340820121765136719e+01
8.473746478557586670e-03,-1.663535684347152710e-01,-2.249378919601440430e+00,6.341288900375366211e+01
8.534654974937438965e-03,-1.664482802152633667e-01,-2.250470399856567383e+00,6.341815209388732910e+01
8.598024025559425354e-03,-1.668159812688827515e-01,-2.251765012741088867e+00,6.342288517951965332e+01
8.660136722028255463e-03,-1.670432835817337036e-01,-2.252928256988525391e+00,6.342818307876586914e+01
8.734950795769691467e-03,-1.672822982072830200e-01,-2.254093647003173828e+00,6.343288302421569824e+01
8.806514553725719452e-03,-1.672851741313934326e-01,-2.255471229553222656e+00,6.343787407875061035e+01
9.772667661309242249e-03,-1.657149195671081543e-01,-2.256579399108886719e+00,6.344288110733032227e+01
9.892222471535205841e-03,-1.656545847654342651e-01,-2.258117198944091797e+00,6.344798111915588379e+01
9.837834164500236511e-03,-1.658835858106613159e-01,-2.259849786758422852e+00,6.345288419723510742e+01
9.847039356827735901e-03,-1.659848242998123169e-01,-2.261590719223022461e+00,6.345821309089660645e+01
9.826781228184700012e-03,-1.661353707313537598e-01,-2.263416767120361328e+00,6.346296119689941406e+01
9.950790554285049438e-03,-1.661265045404434204e-01,-2.265109300613403320e+00,6.346800613403320312e+01
1.002296246588230133e-02,-1.661705970764160156e-01,-2.266916036605834961e+00,6.347297310829162598e+01
1.001868769526481628e-02,-1.654032766819000244e-01,-2.267627954483032227e+00,6.347796511650085449e+01
1.024365052580833435e-02,-1.655956059694290161e-01,-2.268800020217895508e+00,6.348293113708496094e+01
1.048206817358732224e-02,-1.656015217304229736e-01,-2.270210027694702148e+00,6.348804712295532227e+01
1.074763573706150055e-02,-1.656482517719268799e-01,-2.271556138992309570e+00,6.349305200576782227e+01
1.104129850864410400e-02,-1.657359600067138672e-01,-2.272828578948974609e+00,6.349804615974426270e+01
1.121128816157579422e-02,-1.655017882585525513e-01,-2.273745536804199219e+00,6.350294613838195801e+01
1.146060787141323090e-02,-1.654215902090072632e-01,-2.274682283401489258e+00,6.350822210311889648e+01
1.056048087775707245e-02,-1.660827398300170898e-01,-2.276234149932861328e+00,6.351293802261352539e+01
1.053967233747243881e-02,-1.663265079259872437e-01,-2.277711868286132812e+00,6.351804518699645996e+01
1.059736311435699463e-02,-1.664026230573654175e-01,-2.278734683990478516e+00,6.352306509017944336e+01
1.061801891773939133e-02,-1.665482074022293091e-01,-2.279772281646728516e+00,6.352818608283996582e+01
1.094450801610946655e-02,-1.664207875728607178e-01,-2.280841112136840820e+00,6.353306698799133301e+01
1.119235437363386154e-02,-1.663750708103179932e-01,-2.281917333602905273e+00,6.353806805610656738e+01
1.224550418555736542e-02,-1.660444885492324829e-01,-2.284183025360107422e+00,6.354306316375732422e+01
1.217082235962152481e-02,-1.662180274724960327e-01,-2.285943269729614258e+00,6.354814004898071289e+01
1.238693203777074814e-02,-1.661563217639923096e-01,-2.287510871887207031e+00,6.355313920974731445e+01
1.256678905338048935e-02,-1.661474555730819702e-01,-2.289186000823974609e+00,6.355816721916198730e+01
1.269817538559436798e-02,-1.660565584897994995e-01,-2.290746688842773438e+00,6.356312513351440430e+01
1.279013510793447495e-02,-1.659929454326629639e-01,-2.292452335357666016e+00,6.356819415092468262e+01
1.284025236964225769e-02,-1.659092456102371216e-01,-2.294207811355590820e+00,6.357320404052734375e+01
1.206692308187484741e-02,-1.668366938829421997e-01,-2.294256448745727539e+00,6.357827901840209961e+01
1.201875042170286179e-02,-1.667941510677337646e-01,-2.295698404312133789e+00,6.358323311805725098e+01
1.193724200129508972e-02,-1.667420864105224609e-01,-2.297115802764892578e+00,6.358832812309265137e+01
1.182283274829387665e-02,-1.666700541973114014e-01,-2.298543930053710938e+00,6.359337615966796875e+01
1.214964315295219421e-02,-1.667137295007705688e-01,-2.299639463424682617e+00,6.359858202934265137e+01
1.229460723698139191e-02,-1.667066663503646851e-01,-2.300827980041503906e+00,6.360321903228759766e+01
1.250234898179769516e-02,-1.667217165231704712e-01,-2.301955938339233398e+00,6.360856914520263672e+01
1.221655681729316711e-02,-1.682736426591873169e-01,-2.306290626525878906e+00,6.361326599121093750e+01
1.233103871345520020e-02,-1.684405058622360229e-01,-2.307655096054077148e+00,6.361855506896972656e+01
1.243432890623807907e-02,-1.686097234487533569e-01,-2.309027194976806641e+00,6.362322616577148438e+01
1.249545812606811523e-02,-1.687246114015579224e-01,-2.310509443283081055e+00,6.362871909141540527e+01
1.253475993871688843e-02,-1.688646674156188965e-01,-2.311961650848388672e+00,6.363322615623474121e+01
1.254851091653108597e-02,-1.689926534891128540e-01,-2.313438177108764648e+00,6.363831901550292969e+01
1.161316502839326859e-02,-1.685590296983718872e-01,-2.313244581222534180e+00,6.364333200454711914e+01
1.149246189743280411e-02,-1.687270700931549072e-01,-2.314524173736572266e+00,6.364834403991699219e+01
1.133360993117094040e-02,-1.689162105321884155e-01,-2.315793991088867188e+00,6.365330719947814941e+01
1.216086279600858688e-02,-1.693101972341537476e-01,-2.317646026611328125e+00,6.365842819213867188e+01
1.236519962549209595e-02,-1.696029901504516602e-01,-2.319153785705566406e+00,6.366337418556213379e+01
1.262226141989231110e-02,-1.699263453483581543e-01,-2.320689678192138672e+00,6.366838312149047852e+01
1.292879134416580200e-02,-1.702422648668289185e-01,-2.322255611419677734e+00,6.367338109016418457e+01
1.195045933127403259e-02,-1.684250235557556152e-01,-2.324002027511596680e+00,6.367838621139526367e+01
1.214234810322523117e-02,-1.684282124042510986e-01,-2.325658082962036133e+00,6.368338704109191895e+01
1.235576625913381577e-02,-1.684229224920272827e-01,-2.327342748641967773e+00,6.368835806846618652e+01
1.250142697244882584e-02,-1.685796082019805908e-01,-2.328579187393188477e+00,6.369349408149719238e+01
1.269358210265636444e-02,-1.686604171991348267e-01,-2.330039262771606445e+00,6.369850707054138184e+01
1.289538200944662094e-02,-1.687528342008590698e-01,-2.331448554992675781e+00,6.370337319374084473e+01
1.277664769440889359e-02,-1.687933951616287231e-01,-2.332634210586547852e+00,6.370843720436096191e+01
1.120447553694248199e-02,-1.689204126596450806e-01,-2.333525419235229492e+00,6.371341705322265625e+01
1.085832621902227402e-02,-1.689770519733428955e-01,-2.334543466567993164e+00,6.371841716766357422e+01
1.117265131324529648e-02,-1.690154969692230225e-01,-2.335963010787963867e+00,6.372337698936462402e+01
1.113281678408384323e-02,-1.690580844879150391e-01,-2.337060689926147461e+00,6.372866916656494141e+01
1.114157307893037796e-02,-1.690865010023117065e-01,-2.338125705718994141e+00,6.373350310325622559e+01
1.088162977248430252e-02,-1.691437959671020508e-01,-2.339306592941284180e+00,6.373839521408081055e+01
1.109076105058193207e-02,-1.689633578062057495e-01,-2.342546701431274414e+00,6.374350714683532715e+01
1.094787754118442535e-02,-1.689312458038330078e-01,-2.344070672988891602e+00,6.374857711791992188e+01
1.076227799057960510e-02,-1.688812524080276489e-01,-2.345663547515869141e+00,6.375349617004394531e+01
1.102224178612232208e-02,-1.685048192739486694e-01,-2.347133159637451172e+00,6.375850605964660645e+01
1.100811362266540527e-02,-1.682986021041870117e-01,-2.348764657974243164e+00,6.376367616653442383e+01
1.102633401751518250e-02,-1.680653095245361328e-01,-2.350425720214843750e+00,6.376858615875244141e+01
1.130563486367464066e-02,-1.680747866630554199e-01,-2.352292537689208984e+00,6.377349400520324707e+01
1.177563983947038651e-02,-1.691447049379348755e-01,-2.352406024932861328e+00,6.377859807014465332e+01
1.227337494492530823e-02,-1.691838502883911133e-01,-2.354267835617065430e+00,6.378351306915283203e+01
1.178917195647954941e-02,-1.691394895315170288e-01,-2.356187343597412109e+00,6.378879904747009277e+01
1.180953532457351685e-02,-1.691718846559524536e-01,-2.358187913894653320e+00,6.379372310638427734e+01
1.174484193325042725e-02,-1.692215204238891602e-01,-2.360259532928466797e+00,6.379869699478149414e+01
1.195215247571468353e-02,-1.692104339599609375e-01,-2.361794233322143555e+00,6.380350112915039062e+01
1.144704781472682953e-02,-1.695627719163894653e-01,-2.361344575881958008e+00,6.380866312980651855e+01
1.152188051491975784e-02,-1.694780588150024414e-01,-2.362654209136962891e+00,6.381363201141357422e+01
1.137387473136186600e-02,-1.696056127548217773e-01,-2.363895416259765625e+00,6.381881713867187500e+01
1.132086478173732758e-02,-1.696720719337463379e-01,-2.365028858184814453e+00,6.382360219955444336e+01
1.123242825269699097e-02,-1.697550266981124878e-01,-2.366073131561279297e+00,6.382878804206848145e+01
1.128935441374778748e-02,-1.698130220174789429e-01,-2.367373943328857422e+00,6.383365511894226074e+01
1.128962915390729904e-02,-1.698672175407409668e-01,-2.368551492691040039e+00,6.383862400054931641e+01
1.037306152284145355e-02,-1.701274365186691284e-01,-2.372177124023437500e+00,6.384363698959350586e+01
1.042129192501306534e-02,-1.702206283807754517e-01,-2.373437404632568359e+00,6.384867215156555176e+01
9.882338345050811768e-03,-1.708484441041946411e-01,-2.374746799468994141e+00,6.385359501838684082e+01
9.608058258891105652e-03,-1.711933910846710205e-01,-2.376099348068237305e+00,6.385880112648010254e+01
9.266939014196395874e-03,-1.715932935476303101e-01,-2.377469539642333984e+00,6.386376810073852539e+01
9.151112288236618042e-03,-1.715937852859497070e-01,-2.378857374191284180e+00,6.386878705024719238e+01
8.918333798646926880e-03,-1.717391908168792725e-01,-2.380274534225463867e+00,6.387369298934936523e+01
8.808381855487823486e-03,-1.698540747165679932e-01,-2.382867574691772461e+00,6.387880015373229980e+01
9.186081588268280029e-03,-1.701740324497222900e-01,-2.384577989578247070e+00,6.388375306129455566e+01
9.400319308042526245e-03,-1.702453196048736572e-01,-2.386217594146728516e+00,6.388879299163818359e+01
9.720292873680591583e-03,-1.703376024961471558e-01,-2.387895584106445312e+00,6.389389300346374512e+01
9.913522750139236450e-03,-1.701623946428298950e-01,-2.389589786529541016e+00,6.389874315261840820e+01
1.024028379470109940e-02,-1.700777411460876465e-01,-2.391326189041137695e+00,6.390376400947570801e+01
9.737640619277954102e-03,-1.702564209699630737e-01,-2.392822027206420898e+00,6.390877318382263184e+01
9.721417911350727081e-03,-1.704284995794296265e-01,-2.394468784332275391e+00,6.391376304626464844e+01
9.854857809841632843e-03,-1.704819500446319580e-01,-2.396177530288696289e+00,6.391904020309448242e+01
9.973905049264431000e-03,-1.705262213945388794e-01,-2.397913217544555664e+00,6.392383599281311035e+01
1.006502192467451096e-02,-1.706021130084991455e-01,-2.399644613265991211e+00,6.392893815040588379e+01
9.758401662111282349e-03,-1.704412549734115601e-01,-2.401104211807250977e+00,6.393382620811462402e+01
9.549305774271488190e-03,-1.703941226005554199e-01,-2.402684688568115234e+00,6.393878817558288574e+01
8.883303962647914886e-03,-1.708703339099884033e-01,-2.403306722640991211e+00,6.394365215301513672e+01
9.328149259090423584e-03,-1.712514311075210571e-01,-2.404851436614990234e+00,6.394888305664062500e+01
9.296442382037639618e-03,-1.714118272066116333e-01,-2.406233310699462891e+00,6.395381402969360352e+01
9.310777299106121063e-03,-1.715871244668960571e-01,-2.407576322555541992e+00,6.395885920524597168e+01
8.779203519225120544e-03,-1.716205477714538574e-01,-2.409089803695678711e+00,6.396383309364318848e+01
8.394474163651466370e-03,-1.717284172773361206e-01,-2.410572767257690430e+00,6.396884608268737793e+01
7.887019775807857513e-03,-1.718206852674484253e-01,-2.412108898162841797e+00,6.397380805015563965e+01
6.362251006066799164e-03,-1.720450371503829956e-01,-2.415338754653930664e+00,6.397883319854736328e+01
5.713167600333690643e-03,-1.722207367420196533e-01,-2.416958332061767578e+00,6.398381209373474121e+01
5.022646393626928329e-03,-1.723947077989578247e-01,-2.418589115142822266e+00,6.398885607719421387e+01
4.449292086064815521e-03,-1.725305616855621338e-01,-2.420151948928833008e+00,6.399394512176513672e+01
3.819230943918228149e-03,-1.726663708686828613e-01,-2.421661615371704102e+00,6.399881315231323242e+01
3.198075573891401291e-03,-1.727907359600067139e-01,-2.423115253448486328e+00,6.400383305549621582e+01
5.623192992061376572e-03,-1.712245643138885498e-01,-2.423461437225341797e+00,6.400896501541137695e+01
5.665438249707221985e-03,-1.713611930608749390e-01,-2.425516843795776367e+00,6.401395201683044434e+01
5.557948257774114609e-03,-1.713466644287109375e-01,-2.427116870880126953e+00,6.401906609535217285e+01
5.519088823348283768e-03,-1.713209301233291626e-01,-2.428776979446411133e+00,6.402409815788269043e+01
5.430031102150678635e-03,-1.711529046297073364e-01,-2.430565595626831055e+00,6.402923202514648438e+01
5.411921534687280655e-03,-1.710241436958312988e-01,-2.432420253753662109e+00,6.403401708602905273e+01
5.428334698081016541e-03,-1.708603352308273315e-01,-2.434365987777709961e+00,6.403922700881958008e+01
6.402982398867607117e-03,-1.717586368322372437e-01,-2.434428930282592773e+00,6.404405713081359863e+01
6.617001723498106003e-03,-1.717034578323364258e-01,-2.435988903045654297e+00,6.404906105995178223e+01
6.879200693219900131e-03,-1.716314852237701416e-01,-2.437524318695068359e+00,6.405425906181335449e+01
6.584668532013893127e-03,-1.716164201498031616e-01,-2.438974142074584961e+00,6.405929803848266602e+01
6.548230536282062531e-03,-1.715561300516128540e-01,-2.440445661544799805e+00,6.406421399116516113e+01
6.454945076256990433e-03,-1.715032458305358887e-01,-2.441865205764770508e+00,6.406910800933837891e+01
6.728245411068201065e-03,-1.716379970312118530e-01,-2.443350791931152344e+00,6.407416820526123047e+01
6.275958847254514694e-03,-1.728955805301666260e-01,-2.446416378021240234e+00,6.407913613319396973e+01
6.532487925142049789e-03,-1.731794625520706177e-01,-2.447998285293579102e+00,6.408419299125671387e+01
6.744522601366043091e-03,-1.729167252779006958e-01,-2.449713230133056641e+00,6.408928704261779785e+01
7.041067350655794144e-03,-1.729145348072052002e-01,-2.451427698135375977e+00,6.409440112113952637e+01
7.363035343587398529e-03,-1.727914214134216309e-01,-2.453218936920166016e+00,6.409905314445495605e+01
7.726771757006645203e-03,-1.725712865591049194e-01,-2.455029964447021484e+00,6.410416817665100098e+01
7.132790982723236084e-03,-1.731132864952087402e-01,-2.456712961196899414e+00,6.410912919044494629e+01
4.925895947962999344e-03,-1.734180003404617310e-01,-2.458665370941162109e+00,6.411415004730224609e+01
4.249393008649349213e-03,-1.736960262060165405e-01,-2.460315227508544922e+00,6.411914014816284180e+01
4.537189844995737076e-03,-1.731282323598861694e-01,-2.461497306823730469e+00,6.412421917915344238e+01
4.233046434819698334e-03,-1.730033457279205322e-01,-2.462867975234985352e+00,6.412949299812316895e+01
3.957024309784173965e-03,-1.727899610996246338e-01,-2.464158058166503906e+00,6.413428115844726562e+01
3.607553662732243538e-03,-1.730568557977676392e-01,-2.465746879577636719e+00,6.413939213752746582e+01
5.858724005520343781e-03,-1.738080382347106934e-01,-2.467373132705688477e+00,6.414428615570068359e+01
5.781247280538082123e-03,-1.741832196712493896e-01,-2.468964099884033203e+00,6.414931607246398926e+01
5.680456291884183884e-03,-1.740440577268600464e-01,-2.470652103424072266e+00,6.415425419807434082e+01
5.584000144153833389e-03,-1.741911023855209351e-01,-2.472332954406738281e+00,6.415947914123535156e+01
5.480756517499685287e-03,-1.743217408657073975e-01,-2.474052667617797852e+00,6.416429114341735840e+01
5.397988483309745789e-03,-1.746598035097122192e-01,-2.475649356842041016e+00,6.416921019554138184e+01
5.302906967699527740e-03,-1.749205142259597778e-01,-2.477314710617065430e+00,6.417419004440307617e+01
4.773092456161975861e-03,-1.739937812089920044e-01,-2.478080511093139648e+00,6.417918920516967773e+01
4.691642709076404572e-03,-1.741387844085693359e-01,-2.479521989822387695e+00,6.418438720703125000e+01
4.934611730277538300e-03,-1.738959550857543945e-01,-2.480768918991088867e+00,6.418922019004821777e+01
5.035141017287969589e-03,-1.738951355218887329e-01,-2.482092380523681641e+00,6.419447517395019531e+01
5.170186515897512436e-03,-1.738656163215637207e-01,-2.483379125595092773e+00,6.419920110702514648e+01
5.128371529281139374e-03,-1.738914996385574341e-01,-2.484810829162597656e+00,6.420421218872070312e+01
4.803957883268594742e-03,-1.742004752159118652e-01,-2.488230228424072266e+00,6.420941519737243652e+01
4.673253279179334641e-03,-1.742683798074722290e-01,-2.490020990371704102e+00,6.421439003944396973e+01
4.697819706052541733e-03,-1.743313074111938477e-01,-2.491867542266845703e+00,6.421938204765319824e+01
4.643714986741542816e-03,-1.743933856487274170e-01,-2.493730545043945312e+00,6.422438502311706543e+01
4.606257658451795578e-03,-1.744651794433593750e-01,-2.495621442794799805e+00,6.422946810722351074e+01
4.436885472387075424e-03,-1.745970249176025391e-01,-2.497410535812377930e+00,6.423418617248535156e+01
4.302237648516893387e-03,-1.747075170278549194e-01,-2.499261140823364258e+00,6.423923611640930176e+01
4.487877711653709412e-03,-1.742508560419082642e-01,-2.498782157897949219e+00,6.424439406394958496e+01
4.532718565315008163e-03,-1.743622124195098877e-01,-2.500430345535278320e+00,6.424937105178833008e+01
4.475137684494256973e-03,-1.744425445795059204e-01,-2.502108097076416016e+00,6.425435519218444824e+01
4.436699673533439636e-03,-1.745169162750244141e-01,-2.503793478012084961e+00,6.425963807106018066e+01
4.413210321217775345e-03,-1.746130138635635376e-01,-2.505499601364135742e+00,6.426449012756347656e+01
4.097558092325925827e-03,-1.746856719255447388e-01,-2.507159948348999023e+00,6.426938700675964355e+01
3.895965637639164925e-03,-1.748274713754653931e-01,-2.508834600448608398e+00,6.427434206008911133e+01
3.984217066317796707e-03,-1.753383278846740723e-01,-2.510423183441162109e+00,6.427949213981628418e+01
4.151055589318275452e-03,-1.754252463579177856e-01,-2.511977910995483398e+00,6.428454017639160156e+01
4.069739952683448792e-03,-1.755505204200744629e-01,-2.513608694076538086e+00,6.428946709632873535e+01
4.024195019155740738e-03,-1.756626069545745850e-01,-2.515224933624267578e+00,6.429469799995422363e+01
3.957887645810842514e-03,-1.758111864328384399e-01,-2.516824722290039062e+00,6.429938411712646484e+01
3.916167188435792923e-03,-1.759484261274337769e-01,-2.518428325653076172e+00,6.430449414253234863e+01
4.542607814073562622e-03,-1.756198555231094360e-01,-2.519266605377197266e+00,6.430948710441589355e+01
4.505386576056480408e-03,-1.755777746438980103e-01,-2.521016359329223633e+00,6.431445813179016113e+01
4.512822255492210388e-03,-1.756471693515777588e-01,-2.522635221481323242e+00,6.431942200660705566e+01
4.517437424510717392e-03,-1.757288277149200439e-01,-2.524299144744873047e+00,6.432450699806213379e+01
4.577614367008209229e-03,-1.759162098169326782e-01,-2.525996685028076172e+00,6.432951116561889648e+01
4.631969146430492401e-03,-1.760596930980682373e-01,-2.527717590332031250e+00,6.433431005477905273e+01
4.701767116785049438e-03,-1.762181520462036133e-01,-2.529465436935424805e+00,6.433951210975646973e+01
5.808244459331035614e-03,-1.760117113590240479e-01,-2.530291080474853516e+00,6.434460902214050293e+01
5.942967254668474197e-03,-1.760751903057098389e-01,-2.531783103942871094e+00,6.434961414337158203e+01
6.080336403101682663e-03,-1.761184632778167725e-01,-2.533202648162841797e+00,6.435458517074584961e+01
6.222723051905632019e-03,-1.761627644300460815e-01,-2.534579515457153320e+00,6.435970020294189453e+01
6.385183893144130707e-03,-1.762938797473907471e-01,-2.535885095596313477e+00,6.436458611488342285e+01
6.543334107846021652e-03,-1.763580739498138428e-01,-2.537168025970458984e+00,6.436967921257019043e+01
6.708041299134492874e-03,-1.764238923788070679e-01,-2.538398027420043945e+00,6.437459015846252441e+01
6.252423860132694244e-03,-1.763981729745864868e-01,-2.540441274642944336e+00,6.437963008880615234e+01
6.355905905365943909e-03,-1.764487177133560181e-01,-2.541990041732788086e+00,6.438459014892578125e+01
6.456656847149133682e-03,-1.764741390943527222e-01,-2.543594360351562500e+00,6.438964915275573730e+01
6.483674980700016022e-03,-1.765263229608535767e-01,-2.545308351516723633e+00,6.439481616020202637e+01
6.520399358123540878e-03,-1.765655279159545898e-01,-2.547080039978027344e+00,6.439951705932617188e+01
6.537095177918672562e-03,-1.766042560338973999e-01,-2.548941612243652344e+00,6.440458703041076660e+01
6.692203693091869354e-03,-1.762056648731231689e-01,-2.550135374069213867e+00,6.440950798988342285e+01
6.715499330312013626e-03,-1.761347055435180664e-01,-2.552070856094360352e+00,6.441469502449035645e+01
6.735884118825197220e-03,-1.760410964488983154e-01,-2.554044246673583984e+00,6.441975212097167969e+01
6.727755535393953323e-03,-1.760163158178329468e-01,-2.555652856826782227e+00,6.442470312118530273e+01
6.714762188494205475e-03,-1.759540438652038574e-01,-2.557389497756958008e+00,6.442981219291687012e+01
6.688886787742376328e-03,-1.758991628885269165e-01,-2.559065103530883789e+00,6.443480706214904785e+01
6.649406161159276962e-03,-1.758514791727066040e-01,-2.560674190521240234e+00,6.443968200683593750e+01
6.914396770298480988e-03,-1.769984364509582520e-01,-2.561038017272949219e+00,6.444479107856750488e+01
6.901024840772151947e-03,-1.771084666252136230e-01,-2.562285900115966797e+00,6.444970607757568359e+01
6.874513346701860428e-03,-1.772390305995941162e-01,-2.563441276550292969e+00,6.445492410659790039e+01
7.028694264590740204e-03,-1.775699704885482788e-01,-2.564896106719970703e+00,6.445982599258422852e+01
7.092744577676057816e-03,-1.778147071599960327e-01,-2.566146373748779297e+00,6.446482610702514648e+01
7.173100020736455917e-03,-1.781055033206939697e-01,-2.567383050918579102e+00,6.446971511840820312e+01
7.267455570399761200e-03,-1.782462000846862793e-01,-2.568606853485107422e+00,6.447468519210815430e+01
6.591936107724905014e-03,-1.780040264129638672e-01,-2.572405815124511719e+00,6.447989106178283691e+01
6.693894043564796448e-03,-1.780523508787155151e-01,-2.573783636093139648e+00,6.448487901687622070e+01
7.216606289148330688e-03,-1.782705336809158325e-01,-2.575129747390747070e+00,6.448993015289306641e+01
7.614427246153354645e-03,-1.783908158540725708e-01,-2.576476812362670898e+00,6.449498105049133301e+01
8.103695698082447052e-03,-1.785134077072143555e-01,-2.577797174453735352e+00,6.449987506866455078e+01
8.123110979795455933e-03,-1.784997433423995972e-01,-2.579298019409179688e+00,6.450489902496337891e+01
7.789760362356901169e-03,-1.780685782432556152e-01,-2.580437183380126953e+00,6.450990319252014160e+01
7.788299582898616791e-03,-1.780871301889419556e-01,-2.581935405731201172e+00,6.451498913764953613e+01
7.715674582868814468e-03,-1.780889928340911865e-01,-2.583473205566406250e+00,6.451991510391235352e+01
7.863999344408512115e-03,-1.784138977527618408e-01,-2.585096120834350586e+00,6.452491021156311035e+01
7.810227572917938232e-03,-1.785704493522644043e-01,-2.586719751358032227e+00,6.453000903129577637e+01
7.723785471171140671e-03,-1.787736862897872925e-01,-2.588375568389892578e+00,6.453482604026794434e+01
7.508458103984594345e-03,-1.789104044437408447e-01,-2.590045928955078125e+00,6.453997921943664551e+01
8.155769668519496918e-03,-1.779964417219161987e-01,-2.591274499893188477e+00,6.454482007026672363e+01
7.926816120743751526e-03,-1.779007315635681152e-01,-2.593025445938110352e+00,6.454989600181579590e+01
8.345931768417358398e-03,-1.778285205364227295e-01,-2.594358444213867188e+00,6.455485200881958008e+01
8.436010219156742096e-03,-1.777231842279434204e-01,-2.595948457717895508e+00,6.455999612808227539e+01
8.586201816797256470e-03,-1.776004433631896973e-01,-2.597525596618652344e+00,6.456492519378662109e+01
8.774260058999061584e-03,-1.774883419275283813e-01,-2.598924636840820312e+00,6.456996011734008789e+01
8.862771093845367432e-03,-1.787391006946563721e-01,-2.599913358688354492e+00,6.457492303848266602e+01
9.217673912644386292e-03,-1.787343770265579224e-01,-2.601084232330322266e+00,6.458000302314758301e+01
9.439624845981597900e-03,-1.789137721061706543e-01,-2.602512121200561523e+00,6.458492207527160645e+01
9.791468270123004913e-03,-1.790151000022888184e-01,-2.603781223297119141e+00,6.458994507789611816e+01
1.017003972083330154e-02,-1.791230738162994385e-01,-2.605051040649414062e+00,6.459515905380249023e+01
1.068349741399288177e-02,-1.791484951972961426e-01,-2.606437683105468750e+00,6.460010600090026855e+01
1.120066456496715546e-02,-1.792189031839370728e-01,-2.607778549194335938e+00,6.460492610931396484e+01
1.162043027579784393e-02,-1.794582456350326538e-01,-2.608773708343505859e+00,6.461010503768920898e+01
1.230893097817897797e-02,-1.795301884412765503e-01,-2.609970331192016602e+00,6.461502504348754883e+01
1.213649101555347443e-02,-1.795034855604171753e-01,-2.611576318740844727e+00,6.462009406089782715e+01
1.239775400608778000e-02,-1.795463711023330688e-01,-2.613022089004516602e+00,6.462514305114746094e+01
1.258033607155084610e-02,-1.795768439769744873e-01,-2.614536523818969727e+00,6.463029408454895020e+01
1.265924144536256790e-02,-1.795891821384429932e-01,-2.616014242172241211e+00,6.463511109352111816e+01
1.266350690275430679e-02,-1.795935779809951782e-01,-2.617567062377929688e+00,6.464018106460571289e+01
1.155656855553388596e-02,-1.794780045747756958e-01,-2.619679689407348633e+00,6.464511108398437500e+01
1.160313561558723450e-02,-1.794996261596679688e-01,-2.620896816253662109e+00,6.465011906623840332e+01
1.147677190601825714e-02,-1.794880181550979614e-01,-2.622251272201538086e+00,6.465514016151428223e+01
1.130641996860504150e-02,-1.794671863317489624e-01,-2.623577594757080078e+00,6.466043305397033691e+01
1.138518005609512329e-02,-1.794576346874237061e-01,-2.624656438827514648e+00,6.466510415077209473e+01
1.137921866029500961e-02,-1.794427484273910522e-01,-2.625735998153686523e+00,6.467015814781188965e+01
1.141339726746082306e-02,-1.794326007366180420e-01,-2.626718282699584961e+00,6.467510199546813965e+01
9.552516974508762360e-03,-1.806623041629791260e-01,-2.630365133285522461e+00,6.468018317222595215e+01
9.367825463414192200e-03,-1.807705461978912354e-01,-2.631527423858642578e+00,6.468518614768981934e+01
9.146768599748611450e-03,-1.808809190988540649e-01,-2.632668733596801758e+00,6.469030809402465820e+01
8.886398747563362122e-03,-1.809852272272109985e-01,-2.633770227432250977e+00,6.469531202316284180e+01
8.832307532429695129e-03,-1.812693029642105103e-01,-2.635425806045532227e+00,6.470037412643432617e+01
8.663910441100597382e-03,-1.815026402473449707e-01,-2.636842012405395508e+00,6.470520210266113281e+01
9.411733597517013550e-03,-1.813196986913681030e-01,-2.638243198394775391e+00,6.471037006378173828e+01
1.004492118954658508e-02,-1.812161058187484741e-01,-2.639703512191772461e+00,6.471525621414184570e+01
1.040897984057664871e-02,-1.812849938869476318e-01,-2.641321897506713867e+00,6.472030901908874512e+01
1.088676787912845612e-02,-1.813273578882217407e-01,-2.642977714538574219e+00,6.472532320022583008e+01
1.138763502240180969e-02,-1.814196258783340454e-01,-2.644446611404418945e+00,6.473055505752563477e+01
1.201786752790212631e-02,-1.814751923084259033e-01,-2.645996809005737305e+00,6.473522520065307617e+01
1.273644622415304184e-02,-1.815289855003356934e-01,-2.647534370422363281e+00,6.474033999443054199e+01
1.250001508742570877e-02,-1.806440800428390503e-01,-2.648101568222045898e+00,6.474524402618408203e+01
1.287123747169971466e-02,-1.805080175399780273e-01,-2.649631500244140625e+00,6.475044107437133789e+01
1.320031005889177322e-02,-1.803010404109954834e-01,-2.651169061660766602e+00,6.475531721115112305e+01
1.365312095731496811e-02,-1.802422702312469482e-01,-2.652764797210693359e+00,6.476057600975036621e+01
1.404352858662605286e-02,-1.801816523075103760e-01,-2.654335498809814453e+00,6.476532220840454102e+01
1.443471666425466537e-02,-1.801626235246658325e-01,-2.655937433242797852e+00,6.477041721343994141e+01
1.199679635465145111e-02,-1.822913140058517456e-01,-2.656663179397583008e+00,6.477564716339111328e+01
1.181323826313018799e-02,-1.824567764997482300e-01,-2.658071517944335938e+00,6.478058910369873047e+01
1.147787272930145264e-02,-1.826758682727813721e-01,-2.659469127655029297e+00,6.478534603118896484e+01
1.104028522968292236e-02,-1.828578710556030273e-01,-2.660884618759155273e+00,6.479042506217956543e+01
1.113845221698284149e-02,-1.831889897584915161e-01,-2.661995887756347656e+00,6.479561519622802734e+01
1.090430747717618942e-02,-1.834541410207748413e-01,-2.663195610046386719e+00,6.480047416687011719e+01
1.068533770740032196e-02,-1.836862266063690186e-01,-2.664354085922241211e+00,6.480535912513732910e+01
1.215410139411687851e-02,-1.821455806493759155e-01,-2.666600942611694336e+00,6.481033301353454590e+01
1.211158465594053268e-02,-1.821737736463546753e-01,-2.667788267135620117e+00,6.481531405448913574e+01
1.205974258482456207e-02,-1.821937561035156250e-01,-2.668939590454101562e+00,6.482057809829711914e+01
1.223641168326139450e-02,-1.825856119394302368e-01,-2.670628070831298828e+00,6.482561707496643066e+01
1.231988053768873215e-02,-1.828056871891021729e-01,-2.672070503234863281e+00,6.483053016662597656e+01
1.243093889206647873e-02,-1.831172108650207520e-01,-2.673556089401245117e+00,6.483546400070190430e+01
1.261035259813070297e-02,-1.831763982772827148e-01,-2.674953222274780273e+00,6.484058713912963867e+01
1.178665738552808762e-02,-1.829112023115158081e-01,-2.676193952560424805e+00,6.484548807144165039e+01
1.202546153217554092e-02,-1.828642189502716064e-01,-2.677807807922363281e+00,6.485054111480712891e+01
1.188207138329744339e-02,-1.831924766302108765e-01,-2.679398298263549805e+00,6.485622119903564453e+01
1.192579511553049088e-02,-1.833440810441970825e-01,-2.681070327758789062e+00,6.486081910133361816e+01
1.193243730813264847e-02,-1.835546046495437622e-01,-2.682767152786254883e+00,6.486560106277465820e+01
1.190035231411457062e-02,-1.838213354349136353e-01,-2.684489488601684570e+00,6.487056016921997070e+01
1.212032139301300049e-02,-1.837108582258224487e-01,-2.685749530792236328e+00,6.487543201446533203e+01
1.225660461932420731e-02,-1.827484965324401855e-01,-2.686380386352539062e+00,6.488063502311706543e+01
1.236330904066562653e-02,-1.827044188976287842e-01,-2.687671661376953125e+00,6.488556098937988281e+01
1.233163010329008102e-02,-1.829499602317810059e-01,-2.689347267150878906e+00,6.489068412780761719e+01
1.237332448363304138e-02,-1.830258071422576904e-01,-2.690756559371948242e+00,6.489570903778076172e+01
1.241175271570682526e-02,-1.831201165914535522e-01,-2.692151308059692383e+00,6.490068101882934570e+01
1.257852371782064438e-02,-1.831446290016174316e-01,-2.693553447723388672e+00,6.490561914443969727e+01
1.241486798971891403e-02,-1.837843209505081177e-01,-2.696038961410522461e+00,6.491068911552429199e+01
1.259130146354436874e-02,-1.839178055524826050e-01,-2.697636365890502930e+00,6.491560721397399902e+01
1.260603684931993484e-02,-1.840490996837615967e-01,-2.699141263961791992e+00,6.492060899734497070e+01
1.272044517099857330e-02,-1.841818690299987793e-01,-2.700711250305175781e+00,6.492580699920654297e+01
1.283089909702539444e-02,-1.843136101961135864e-01,-2.702285528182983398e+00,6.493086004257202148e+01
1.286499761044979095e-02,-1.844699829816818237e-01,-2.703841686248779297e+00,6.493562102317810059e+01
1.290602702647447586e-02,-1.846253275871276855e-01,-2.705402851104736328e+00,6.494067215919494629e+01
1.329503860324621201e-02,-1.839696913957595825e-01,-2.705760240554809570e+00,6.494568300247192383e+01
1.328928023576736450e-02,-1.840574145317077637e-01,-2.707248449325561523e+00,6.495072007179260254e+01
1.343951933085918427e-02,-1.841198205947875977e-01,-2.708850145339965820e+00,6.495573806762695312e+01
1.349030993878841400e-02,-1.842096447944641113e-01,-2.710379838943481445e+00,6.496069812774658203e+01
1.354674622416496277e-02,-1.842979788780212402e-01,-2.711915016174316406e+00,6.496555614471435547e+01
1.359868887811899185e-02,-1.842979937791824341e-01,-2.713458061218261719e+00,6.497389006614685059e+01
1.365229673683643341e-02,-1.843176782131195068e-01,-2.715011596679687500e+00,6.497564721107482910e+01
1.301711611449718475e-02,-1.844053715467453003e-01,-2.716573953628540039e+00,6.498074007034301758e+01
1.258324738591909409e-02,-1.846093535423278809e-01,-2.718395709991455078e+00,6.498570799827575684e+01
1.232203561812639236e-02,-1.847057193517684937e-01,-2.720132112503051758e+00,6.499070310592651367e+01
1.198229473084211349e-02,-1.848191171884536743e-01,-2.721914291381835938e+00,6.499601912498474121e+01
1.190034113824367523e-02,-1.848222464323043823e-01,-2.723570346832275391e+00,6.500070309638977051e+01
1.169629208743572235e-02,-1.848592609167098999e-01,-2.725314140319824219e+00,6.500557398796081543e+01
1.151451282203197479e-02,-1.848788857460021973e-01,-2.727062463760375977e+00,6.501070308685302734e+01
1.293948572129011154e-02,-1.851739585399627686e-01,-2.727720022201538086e+00,6.501575303077697754e+01
1.315966993570327759e-02,-1.852679848670959473e-01,-2.729292631149291992e+00,6.502067399024963379e+01
1.346042379736900330e-02,-1.853488832712173462e-01,-2.730842351913452148e+00,6.502587914466857910e+01
1.360114105045795441e-02,-1.853929162025451660e-01,-2.732249975204467773e+00,6.503123307228088379e+01
1.385602820664644241e-02,-1.854671090841293335e-01,-2.733651638031005859e+00,6.503583002090454102e+01
1.412344630807638168e-02,-1.855226755142211914e-01,-2.735013484954833984e+00,6.504088020324707031e+01
1.342818047851324081e-02,-1.856621056795120239e-01,-2.736457824707031250e+00,6.504567813873291016e+01
1.370012294501066208e-02,-1.857396215200424194e-01,-2.737669944763183594e+00,6.505086803436279297e+01
1.394760236144065857e-02,-1.858178675174713135e-01,-2.738795757293701172e+00,6.505581617355346680e+01
1.422845665365457535e-02,-1.858915835618972778e-01,-2.739855051040649414e+00,6.506112813949584961e+01
1.427171286195516586e-02,-1.860475391149520874e-01,-2.741185665130615234e+00,6.506584119796752930e+01
1.438050623983144760e-02,-1.861925870180130005e-01,-2.742402791976928711e+00,6.507071304321289062e+01
1.443809550255537033e-02,-1.863580495119094849e-01,-2.743659496307373047e+00,6.507581210136413574e+01
1.392949186265468597e-02,-1.864286959171295166e-01,-2.747085571289062500e+00,6.508072113990783691e+01
1.399369351565837860e-02,-1.865351498126983643e-01,-2.748785495758056641e+00,6.508590602874755859e+01
1.407091226428747177e-02,-1.866227090358734131e-01,-2.750562429428100586e+00,6.509099912643432617e+01
1.392240077257156372e-02,-1.867306381464004517e-01,-2.752385616302490234e+00,6.509670019149780273e+01
1.382570154964923859e-02,-1.868283897638320923e-01,-2.754266977310180664e+00,6.510088205337524414e+01
1.367738284170627594e-02,-1.869261115789413452e-01,-2.756207227706909180e+00,6.510601401329040527e+01
1.365073677152395248e-02,-1.862914264202117920e-01,-2.756667137145996094e+00,6.511099910736083984e+01
1.355831697583198547e-02,-1.862861663103103638e-01,-2.758338689804077148e+00,6.511605215072631836e+01
1.347362622618675232e-02,-1.862675696611404419e-01,-2.759983777999877930e+00,6.512099719047546387e+01
1.339539885520935059e-02,-1.862292587757110596e-01,-2.761624097824096680e+00,6.512669420242309570e+01
1.344971079379320145e-02,-1.863084435462951660e-01,-2.763067007064819336e+00,6.513116121292114258e+01
1.347092539072036743e-02,-1.863269656896591187e-01,-2.764543294906616211e+00,6.513611721992492676e+01
1.352410763502120972e-02,-1.863661557435989380e-01,-2.765957117080688477e+00,6.514106106758117676e+01
1.355017628520727158e-02,-1.864518523216247559e-01,-2.767528295516967773e+00,6.514607906341552734e+01
1.469240803271532059e-02,-1.874579638242721558e-01,-2.769039154052734375e+00,6.515120315551757812e+01
1.484006736427545547e-02,-1.876252591609954834e-01,-2.770561456680297852e+00,6.515633201599121094e+01
1.482499856501817703e-02,-1.877076327800750732e-01,-2.772072315216064453e+00,6.516132616996765137e+01
1.489022187888622284e-02,-1.878574788570404053e-01,-2.773589134216308594e+00,6.516618514060974121e+01
1.493953913450241089e-02,-1.880265176296234131e-01,-2.775099992752075195e+00,6.517121505737304688e+01
1.491857785731554031e-02,-1.881749033927917480e-01,-2.776487827301025391e+00,6.517640304565429688e+01
1.482436712831258774e-02,-1.875898092985153198e-01,-2.776986837387084961e+00,6.518115615844726562e+01
1.474198326468467712e-02,-1.875560581684112549e-01,-2.778266191482543945e+00,6.518629121780395508e+01
1.467981189489364624e-02,-1.875796467065811157e-01,-2.779781341552734375e+00,6.519120717048645020e+01
1.456892304122447968e-02,-1.875464320182800293e-01,-2.781193971633911133e+00,6.519661808013916016e+01
1.443961355835199356e-02,-1.875127404928207397e-01,-2.782614946365356445e+00,6.520120310783386230e+01
1.428971346467733383e-02,-1.874706894159317017e-01,-2.784062147140502930e+00,6.520626902580261230e+01
1.428563240915536880e-02,-1.874227225780487061e-01,-2.785727977752685547e+00,6.521121406555175781e+01
1.421492826193571091e-02,-1.878298372030258179e-01,-2.788823127746582031e+00,6.521669507026672363e+01
1.418422069400548935e-02,-1.878386586904525757e-01,-2.790658235549926758e+00,6.522132301330566406e+01
1.430058479309082031e-02,-1.880346238613128662e-01,-2.792379856109619141e+00,6.522682499885559082e+01
1.437033899128437042e-02,-1.881352812051773071e-01,-2.794241666793823242e+00,6.523145818710327148e+01
1.447147782891988754e-02,-1.882639527320861816e-01,-2.796141386032104492e+00,6.523693203926086426e+01
1.457692403346300125e-02,-1.883066743612289429e-01,-2.797872304916381836e+00,6.524134302139282227e+01
1.471844781190156937e-02,-1.883907020092010498e-01,-2.799673318862915039e+00,6.524703502655029297e+01
1.601027697324752808e-02,-1.880489438772201538e-01,-2.799474477767944336e+00,6.525134110450744629e+01
1.620154269039630890e-02,-1.880551129579544067e-01,-2.801004886627197266e+00,6.525700306892395020e+01
1.644249260425567627e-02,-1.880567818880081177e-01,-2.802515268325805664e+00,6.526163315773010254e+01
1.669560559093952179e-02,-1.880660951137542725e-01,-2.803992033004760742e+00,6.526700711250305176e+01
1.659387908875942230e-02,-1.880872398614883423e-01,-2.805571079254150391e+00,6.527688813209533691e+01
1.655630394816398621e-02,-1.881127357482910156e-01,-2.807098388671875000e+00,6.527822113037109375e+01
1.466413028538227081e-02,-1.896432191133499146e-01,-2.810427665710449219e+00,6.528136301040649414e+01
1.518326532095670700e-02,-1.896550506353378296e-01,-2.811755657196044922e+00,6.528713607788085938e+01
1.530710048973560333e-02,-1.896852552890777588e-01,-2.813192129135131836e+00,6.529143309593200684e+01
1.552394684404134750e-02,-1.896619796752929688e-01,-2.814545392990112305e+00,6.529717612266540527e+01
1.581889390945434570e-02,-1.896164715290069580e-01,-2.815825939178466797e+00,6.530143904685974121e+01
1.541588548570871353e-02,-1.897099763154983521e-01,-2.817424297332763672e+00,6.530674505233764648e+01
1.534446235746145248e-02,-1.897416710853576660e-01,-2.818823575973510742e+00,6.531145000457763672e+01
1.519793365150690079e-02,-1.895427554845809937e-01,-2.819941759109497070e+00,6.531672906875610352e+01
1.471573952585458755e-02,-1.896139979362487793e-01,-2.821841478347778320e+00,6.532144904136657715e+01
1.424194406718015671e-02,-1.896429061889648438e-01,-2.823547601699829102e+00,6.532705402374267578e+01
1.367174834012985229e-02,-1.896821856498718262e-01,-2.825331926345825195e+00,6.533154106140136719e+01
1.345832366496324539e-02,-1.896394342184066772e-01,-2.826927661895751953e+00,6.533669304847717285e+01
1.308391802012920380e-02,-1.896239370107650757e-01,-2.828634738922119141e+00,6.534146308898925781e+01
1.362076401710510254e-02,-1.907463371753692627e-01,-2.829215764999389648e+00,6.534650707244873047e+01
1.356300152838230133e-02,-1.908966302871704102e-01,-2.830733060836791992e+00,6.535150003433227539e+01
1.351429335772991180e-02,-1.910311728715896606e-01,-2.832218170166015625e+00,6.535713720321655273e+01
1.351706404238939285e-02,-1.912006288766860962e-01,-2.833668947219848633e+00,6.536163520812988281e+01
1.355061680078506470e-02,-1.913882493972778320e-01,-2.834837675094604492e+00,6.536702418327331543e+01
1.363360509276390076e-02,-1.915677338838577271e-01,-2.836060285568237305e+00,6.537154603004455566e+01
1.376122329384088516e-02,-1.917508095502853394e-01,-2.837211132049560547e+00,6.537720608711242676e+01
1.464748755097389221e-02,-1.908954381942749023e-01,-2.839273691177368164e+00,6.538154911994934082e+01
1.490719430148601532e-02,-1.910266876220703125e-01,-2.840573310852050781e+00,6.538699412345886230e+01
1.521215122193098068e-02,-1.910896748304367065e-01,-2.841701507568359375e+00,6.539158415794372559e+01
1.554976589977741241e-02,-1.911676526069641113e-01,-2.842815876007080078e+00,6.539668607711791992e+01
1.563166826963424683e-02,-1.913355290889739990e-01,-2.844196319580078125e+00,6.540154910087585449e+01
1.580042019486427307e-02,-1.914929598569869995e-01,-2.845489740371704102e+00,6.540716600418090820e+01
1.360917929559946060e-02,-1.911398917436599731e-01,-2.849228382110595703e+00,6.541147804260253906e+01
1.382756978273391724e-02,-1.910680085420608521e-01,-2.850813150405883789e+00,6.541682600975036621e+01
1.385222561657428741e-02,-1.910682767629623413e-01,-2.852486610412597656e+00,6.542148303985595703e+01
1.390229910612106323e-02,-1.910646259784698486e-01,-2.854202032089233398e+00,6.542682909965515137e+01
1.384827960282564163e-02,-1.912396699190139771e-01,-2.855948925018310547e+00,6.543148803710937500e+01
1.383814401924610138e-02,-1.913607418537139893e-01,-2.857724428176879883e+00,6.543673801422119141e+01
1.381841860711574554e-02,-1.915130317211151123e-01,-2.859522581100463867e+00,6.544170117378234863e+01
1.345112919807434082e-02,-1.919175237417221069e-01,-2.860111713409423828e+00,6.544679713249206543e+01
1.331422012299299240e-02,-1.919501870870590210e-01,-2.861623048782348633e+00,6.545164608955383301e+01
1.313853822648525238e-02,-1.919536292552947998e-01,-2.863090991973876953e+00,6.545681309700012207e+01
1.292739715427160263e-02,-1.919236630201339722e-01,-2.864514112472534180e+00,6.546194911003112793e+01
1.283205300569534302e-02,-1.920391172170639038e-01,-2.866104364395141602e+00,6.546678018569946289e+01
1.264766324311494827e-02,-1.921087652444839478e-01,-2.867576599121093750e+00,6.547167706489562988e+01
1.375976949930191040e-02,-1.920452415943145752e-01,-2.869274377822875977e+00,6.547681212425231934e+01
1.344836968928575516e-02,-1.921191662549972534e-01,-2.870960712432861328e+00,6.548166012763977051e+01
1.322606485337018967e-02,-1.921649277210235596e-01,-2.872542619705200195e+00,6.548686599731445312e+01
1.296931598335504532e-02,-1.922235637903213501e-01,-2.874115467071533203e+00,6.549176406860351562e+01
1.299368683248758316e-02,-1.924607157707214355e-01,-2.875634431838989258e+00,6.549686813354492188e+01
1.293236482888460159e-02,-1.926537007093429565e-01,-2.877198696136474609e+00,6.550182700157165527e+01
1.291454210877418518e-02,-1.928760409355163574e-01,-2.878780126571655273e+00,6.550688314437866211e+01
1.376629155129194260e-02,-1.930605918169021606e-01,-2.880262613296508789e+00,6.551182913780212402e+01
1.395744923502206802e-02,-1.930818557739257812e-01,-2.881649971008300781e+00,6.551687312126159668e+01
1.419355534017086029e-02,-1.930655539035797119e-01,-2.882978916168212891e+00,6.552185511589050293e+01
1.422753464430570602e-02,-1.933726817369461060e-01,-2.884734392166137695e+00,6.552693510055541992e+01
1.439503580331802368e-02,-1.934873163700103760e-01,-2.886257886886596680e+00,6.553202104568481445e+01
1.456292066723108292e-02,-1.936072111129760742e-01,-2.887828588485717773e+00,6.553686809539794922e+01
1.458620186895132065e-02,-1.935976892709732056e-01,-2.889449357986450195e+00,6.554208612442016602e+01
1.291318424046039581e-02,-1.939029395580291748e-01,-2.892735242843627930e+00,6.554686212539672852e+01
1.271544769406318665e-02,-1.940996348857879639e-01,-2.894569158554077148e+00,6.555203509330749512e+01
1.248362939804792404e-02,-1.943045705556869507e-01,-2.896433115005493164e+00,6.555692005157470703e+01
1.257243752479553223e-02,-1.944682747125625610e-01,-2.898091316223144531e+00,6.556208801269531250e+01
1.246606744825839996e-02,-1.946226805448532104e-01,-2.899864912033081055e+00,6.556695604324340820e+01
1.237700134515762329e-02,-1.947706043720245361e-01,-2.901607275009155273e+00,6.557186913490295410e+01
1.224942691624164581e-02,-1.949723958969116211e-01,-2.903182983398437500e+00,6.557712507247924805e+01
1.341269910335540771e-02,-1.940938085317611694e-01,-2.903439760208129883e+00,6.558196210861206055e+01
1.337424479424953461e-02,-1.942515671253204346e-01,-2.904985427856445312e+00,6.558708620071411133e+01
1.298152003437280655e-02,-1.944579333066940308e-01,-2.906387805938720703e+00,6.559211111068725586e+01
1.271350588649511337e-02,-1.946683377027511597e-01,-2.907805919647216797e+00,6.559691309928894043e+01
1.238149497658014297e-02,-1.949131041765213013e-01,-2.909176588058471680e+00,6.560173511505126953e+01
1.246215123683214188e-02,-1.950486451387405396e-01,-2.910648584365844727e+00,6.560691714286804199e+01
1.240810565650463104e-02,-1.952224224805831909e-01,-2.912050485610961914e+00,6.561172413825988770e+01
1.381200551986694336e-02,-1.943348050117492676e-01,-2.913287162780761719e+00,6.561712002754211426e+01
1.387456804513931274e-02,-1.944809108972549438e-01,-2.914838790893554688e+00,6.562201499938964844e+01
1.407451834529638290e-02,-1.945290863513946533e-01,-2.916352748870849609e+00,6.562719821929931641e+01
1.430635340511798859e-02,-1.945837140083312988e-01,-2.917888402938842773e+00,6.563220620155334473e+01
1.457093469798564911e-02,-1.946553140878677368e-01,-2.919444799423217773e+00,6.563714504241943359e+01
1.478410139679908752e-02,-1.946025788784027100e-01,-2.921009063720703125e+00,6.564203405380249023e+01
1.409749686717987061e-02,-1.945912539958953857e-01,-2.922054052352905273e+00,6.564707112312316895e+01
1.428586430847644806e-02,-1.946329474449157715e-01,-2.923614978790283203e+00,6.565191411972045898e+01
1.426161732524633408e-02,-1.947360783815383911e-01,-2.925182342529296875e+00,6.565719699859619141e+01
1.433797460049390793e-02,-1.948234885931015015e-01,-2.926775455474853516e+00,6.566223716735839844e+01
1.439564395695924759e-02,-1.949243992567062378e-01,-2.928378582000732422e+00,6.566715312004089355e+01
1.435391232371330261e-02,-1.950005739927291870e-01,-2.929920911788940430e+00,6.567685914039611816e+01
1.430398691445589066e-02,-1.950902789831161499e-01,-2.931484222412109375e+00,6.567792701721191406e+01
1.356447953730821609e-02,-1.948979049921035767e-01,-2.933497428894042969e+00,6.568199920654296875e+01
1.348012033849954605e-02,-1.950350403785705566e-01,-2.934915065765380859e+00,6.568716812133789062e+01
1.330666244029998779e-02,-1.951023787260055542e-01,-2.936399936676025391e+00,6.569244813919067383e+01
1.311224978417158127e-02,-1.951868385076522827e-01,-2.937850952148437500e+00,6.569739508628845215e+01
1.309479959309101105e-02,-1.952319443225860596e-01,-2.939313888549804688e+00,6.570219612121582031e+01
1.302985008805990219e-02,-1.952997297048568726e-01,-2.940737009048461914e+00,6.570719599723815918e+01
1.300257164984941483e-02,-1.953620016574859619e-01,-2.942142963409423828e+00,6.571222615242004395e+01
1.417465507984161377e-02,-1.961975693702697754e-01,-2.943237066268920898e+00,6.571713805198669434e+01
1.406704634428024292e-02,-1.963954865932464600e-01,-2.944920063018798828e+00,6.572215914726257324e+01
1.411500573158264160e-02,-1.965725719928741455e-01,-2.946433305740356445e+00,6.572739219665527344e+01
1.415610034018754959e-02,-1.967861205339431763e-01,-2.947967767715454102e+00,6.573224902153015137e+01
1.416685711592435837e-02,-1.970396041870117188e-01,-2.949392795562744141e+00,6.573712611198425293e+01
1.418181508779525757e-02,-1.972897350788116455e-01,-2.950864076614379883e+00,6.574216508865356445e+01
1.416367664933204651e-02,-1.956385821104049683e-01,-2.951674222946166992e+00,6.574723410606384277e+01
1.462883315980434418e-02,-1.955411136150360107e-01,-2.953028678894042969e+00,6.575231504440307617e+01
1.489838026463985443e-02,-1.954626441001892090e-01,-2.954429626464843750e+00,6.575720810890197754e+01
1.523704640567302704e-02,-1.953605860471725464e-01,-2.955817222595214844e+00,6.576233100891113281e+01
1.528194919228553772e-02,-1.953761726617813110e-01,-2.957395076751708984e+00,6.576736807823181152e+01
1.545083429664373398e-02,-1.953356117010116577e-01,-2.958930492401123047e+00,6.577228808403015137e+01
1.424755249172449112e-02,-1.965742856264114380e-01,-2.961146593093872070e+00,6.577725315093994141e+01
1.441778149455785751e-02,-1.965040117502212524e-01,-2.962554216384887695e+00,6.578227114677429199e+01
1.447292231023311615e-02,-1.965787261724472046e-01,-2.964101076126098633e+00,6.578732609748840332e+01
1.452801283448934555e-02,-1.966076195240020752e-01,-2.965667247772216797e+00,6.579247403144836426e+01
1.434500049799680710e-02,-1.967213451862335205e-01,-2.967190027236938477e+00,6.579751706123352051e+01
1.421201415359973907e-02,-1.968048661947250366e-01,-2.968692541122436523e+00,6.580228805541992188e+01
1.402383483946323395e-02,-1.969075351953506470e-01,-2.970174074172973633e+00,6.580729603767395020e+01
1.420114655047655106e-02,-1.967368721961975098e-01,-2.971543550491333008e+00,6.581224608421325684e+01
1.451536081731319427e-02,-1.967495679855346680e-01,-2.972850561141967773e+00,6.581742811203002930e+01
1.450652256608009338e-02,-1.967976689338684082e-01,-2.974168062210083008e+00,6.582231903076171875e+01
1.453218888491392136e-02,-1.968346983194351196e-01,-2.975440025329589844e+00,6.582751703262329102e+01
1.438154838979244232e-02,-1.969719827175140381e-01,-2.976962327957153320e+00,6.583242011070251465e+01
1.429540943354368210e-02,-1.970708221197128296e-01,-2.978412389755249023e+00,6.583734321594238281e+01
1.419938635081052780e-02,-1.971817910671234131e-01,-2.979892015457153320e+00,6.584240007400512695e+01
1.392676308751106262e-02,-1.976048946380615234e-01,-2.983219385147094727e+00,6.584745812416076660e+01
1.365126390010118484e-02,-1.977019608020782471e-01,-2.984994649887084961e+00,6.585244607925415039e+01
1.332720369100570679e-02,-1.977845579385757446e-01,-2.986799478530883789e+00,6.585745310783386230e+01
1.327440049499273300e-02,-1.979631185531616211e-01,-2.988471031188964844e+00,6.586246204376220703e+01
1.312700379639863968e-02,-1.980911940336227417e-01,-2.990164279937744141e+00,6.586744213104248047e+01
1.302286051213741302e-02,-1.982236206531524658e-01,-2.991829395294189453e+00,6.587241411209106445e+01
1.543224323540925980e-02,-1.972229629755020142e-01,-2.990030050277709961e+00,6.587743210792541504e+01
1.568782329559326172e-02,-1.972235590219497681e-01,-2.991400003433227539e+00,6.588241410255432129e+01
1.600684970617294312e-02,-1.972057968378067017e-01,-2.992798566818237305e+00,6.588752508163452148e+01
1.639826968312263489e-02,-1.972101479768753052e-01,-2.994171380996704102e+00,6.589266705513000488e+01
1.675689406692981720e-02,-1.973423659801483154e-01,-2.995511531829833984e+00,6.589759016036987305e+01
1.721196435391902924e-02,-1.974262744188308716e-01,-2.996864318847656250e+00,6.590253114700317383e+01
1.771382987499237061e-02,-1.975425630807876587e-01,-2.998218536376953125e+00,6.590752911567687988e+01
1.574081555008888245e-02,-1.982604563236236572e-01,-3.000723361968994141e+00,6.591256499290466309e+01
1.585240662097930908e-02,-1.982790976762771606e-01,-3.002057552337646484e+00,6.591757202148437500e+01
1.593537442386150360e-02,-1.982751488685607910e-01,-3.003379583358764648e+00,6.592239713668823242e+01
1.586606912314891815e-02,-1.985658705234527588e-01,-3.004835128784179688e+00,6.592760300636291504e+01
1.581571064889431000e-02,-1.986877918243408203e-01,-3.006225347518920898e+00,6.593254017829895020e+01
1.571777090430259705e-02,-1.988044977188110352e-01,-3.007622718811035156e+00,6.593753409385681152e+01
1.577514223754405975e-02,-1.987924277782440186e-01,-3.009034633636474609e+00,6.594253206253051758e+01
1.689864881336688995e-02,-1.987093240022659302e-01,-3.010217666625976562e+00,6.594750618934631348e+01
1.701704971492290497e-02,-1.988396048545837402e-01,-3.011636257171630859e+00,6.595256018638610840e+01
1.712532155215740204e-02,-1.990109682083129883e-01,-3.013209581375122070e+00,6.595753407478332520e+01
1.724506728351116180e-02,-1.991763114929199219e-01,-3.014738321304321289e+00,6.596280002593994141e+01
1.737057790160179138e-02,-1.993462294340133667e-01,-3.016318082809448242e+00,6.596750903129577637e+01
1.750024966895580292e-02,-1.995227336883544922e-01,-3.017915487289428711e+00,6.597266721725463867e+01
1.640985533595085144e-02,-1.987895816564559937e-01,-3.020011425018310547e+00,6.597758221626281738e+01
1.629538461565971375e-02,-1.987513601779937744e-01,-3.021651268005371094e+00,6.598265600204467773e+01
1.614271104335784912e-02,-1.986770331859588623e-01,-3.023305654525756836e+00,6.598768305778503418e+01
1.646881178021430969e-02,-1.987662613391876221e-01,-3.024824142456054688e+00,6.599286818504333496e+01
1.654662750661373138e-02,-1.987472176551818848e-01,-3.026422739028930664e+00,6.599779415130615234e+01
1.666408218443393707e-02,-1.987291872501373291e-01,-3.028017759323120117e+00,6.600266098976135254e+01
1.661642082035541534e-02,-1.985959261655807495e-01,-3.029438972473144531e+00,6.600756907463073730e+01
1.747224107384681702e-02,-1.991366297006607056e-01,-3.030138492584228516e+00,6.601266312599182129e+01
1.749038137495517731e-02,-1.990584135055541992e-01,-3.031450986862182617e+00,6.601768708229064941e+01
1.747749187052249908e-02,-1.993337273597717285e-01,-3.032976865768432617e+00,6.602259421348571777e+01
1.745326071977615356e-02,-1.994091570377349854e-01,-3.034349441528320312e+00,6.602802705764770508e+01
1.741074025630950928e-02,-1.995099931955337524e-01,-3.035711765289306641e+00,6.603265213966369629e+01
1.754119060933589935e-02,-1.995578408241271973e-01,-3.037129878997802734e+00,6.603807401657104492e+01
1.762459613382816315e-02,-1.996539533138275146e-01,-3.038532018661499023e+00,6.604281210899353027e+01
1.741679571568965912e-02,-2.003812044858932495e-01,-3.040790557861328125e+00,6.604812216758728027e+01
1.718312874436378479e-02,-2.005431801080703735e-01,-3.042573451995849609e+00,6.605294609069824219e+01
1.710761338472366333e-02,-2.007099539041519165e-01,-3.044272184371948242e+00,6.605806803703308105e+01
1.699042320251464844e-02,-2.008621096611022949e-01,-3.046039342880249023e+00,6.606296610832214355e+01
1.683301664888858795e-02,-2.010092735290527344e-01,-3.047879219055175781e+00,6.606845402717590332e+01
1.687507890164852142e-02,-2.010496407747268677e-01,-3.049497365951538086e+00,6.607442116737365723e+01
1.737375743687152863e-02,-2.000394612550735474e-01,-3.049519062042236328e+00,6.607793307304382324e+01
1.737259887158870697e-02,-1.999820768833160400e-01,-3.051128149032592773e+00,6.608279109001159668e+01
1.738130114972591400e-02,-2.001961469650268555e-01,-3.052444696426391602e+00,6.608790016174316406e+01
1.739780046045780182e-02,-2.002340108156204224e-01,-3.053925514221191406e+00,6.609317111968994141e+01
1.742133684456348419e-02,-2.002726495265960693e-01,-3.055387020111083984e+00,6.609788703918457031e+01
1.739774271845817566e-02,-2.002282738685607910e-01,-3.056960105895996094e+00,6.610279202461242676e+01
1.739035546779632568e-02,-2.002127170562744141e-01,-3.058477163314819336e+00,6.610802316665649414e+01
1.737137883901596069e-02,-2.001840323209762573e-01,-3.059984922409057617e+00,6.611292719841003418e+01
1.772249862551689148e-02,-2.011912465095520020e-01,-3.061853408813476562e+00,6.611798405647277832e+01
1.814205013215541840e-02,-2.014090865850448608e-01,-3.063292026519775391e+00,6.612291121482849121e+01
1.868920400738716125e-02,-2.016816586256027222e-01,-3.064718484878540039e+00,6.612824106216430664e+01
1.882455684244632721e-02,-2.018514722585678101e-01,-3.066067457199096680e+00,6.613291621208190918e+01
1.916773431003093719e-02,-2.020771056413650513e-01,-3.067382335662841797e+00,6.613796401023864746e+01
1.948962174355983734e-02,-2.022863924503326416e-01,-3.068649053573608398e+00,6.614293718338012695e+01
1.843780837953090668e-02,-2.019252628087997437e-01,-3.070321321487426758e+00,6.614797520637512207e+01
1.844705455005168915e-02,-2.023048549890518188e-01,-3.071761846542358398e+00,6.615303802490234375e+01
1.848902553319931030e-02,-2.025348395109176636e-01,-3.073005676269531250e+00,6.615793609619140625e+01
1.849980652332305908e-02,-2.028054893016815186e-01,-3.074215173721313477e+00,6.616305017471313477e+01
1.861422136425971985e-02,-2.030363231897354126e-01,-3.075552940368652344e+00,6.616801500320434570e+01
1.866803690791130066e-02,-2.032969743013381958e-01,-3.076848506927490234e+00,6.617299413681030273e+01
1.992333307862281799e-02,-2.016986906528472900e-01,-3.079285860061645508e+00,6.617799806594848633e+01
1.962426491081714630e-02,-2.015906274318695068e-01,-3.080929517745971680e+00,6.618303108215332031e+01
1.950992085039615631e-02,-2.014490365982055664e-01,-3.082597732543945312e+00,6.618834018707275391e+01
1.931735873222351074e-02,-2.012718170881271362e-01,-3.084324836730957031e+00,6.619318413734436035e+01
1.956312172114849091e-02,-2.011548727750778198e-01,-3.086125373840332031e+00,6.619806098937988281e+01
1.966227963566780090e-02,-2.009942829608917236e-01,-3.087962150573730469e+00,6.620306801795959473e+01
1.982971280813217163e-02,-2.008410096168518066e-01,-3.089839458465576172e+00,6.620806503295898438e+01
1.998415961861610413e-02,-2.020870149135589600e-01,-3.090194225311279297e+00,6.621308612823486328e+01
2.013254910707473755e-02,-2.021614164113998413e-01,-3.091917276382446289e+00,6.621823906898498535e+01
2.027083560824394226e-02,-2.022311538457870483e-01,-3.093633174896240234e+00,6.622316598892211914e+01
2.040707692503929138e-02,-2.023192942142486572e-01,-3.095351934432983398e+00,6.622831106185913086e+01
2.041640132665634155e-02,-2.023300081491470337e-01,-3.096801280975341797e+00,6.623322820663452148e+01
2.045831270515918732e-02,-2.023169845342636108e-01,-3.098380565643310547e+00,6.623807621002197266e+01
2.047462202608585358e-02,-2.022800147533416748e-01,-3.099914312362670898e+00,6.624303603172302246e+01
2.016415446996688843e-02,-2.028669267892837524e-01,-3.100149869918823242e+00,6.624822521209716797e+01
2.016693167388439178e-02,-2.028985470533370972e-01,-3.101634979248046875e+00,6.625314998626708984e+01
2.017643488943576813e-02,-2.029257714748382568e-01,-3.103141069412231445e+00,6.625816512107849121e+01
2.025453746318817139e-02,-2.030125707387924194e-01,-3.104704856872558594e+00,6.626332020759582520e+01
2.032867446541786194e-02,-2.030636817216873169e-01,-3.106262683868408203e+00,6.626822018623352051e+01
2.042731083929538727e-02,-2.031259834766387939e-01,-3.107828378677368164e+00,6.627315115928649902e+01
2.068327553570270538e-02,-2.032513618469238281e-01,-3.109005451202392578e+00,6.627808117866516113e+01
2.071491442620754242e-02,-2.032108902931213379e-01,-3.110507011413574219e+00,6.628315019607543945e+01
2.073247171938419342e-02,-2.031408846378326416e-01,-3.112010717391967773e+00,6.628819513320922852e+01
2.073525264859199524e-02,-2.032680064439773560e-01,-3.113568544387817383e+00,6.629348611831665039e+01
2.073312550783157349e-02,-2.032730728387832642e-01,-3.115139245986938477e+00,6.629831099510192871e+01
2.071963809430599213e-02,-2.032679319381713867e-01,-3.116731166839599609e+00,6.630332016944885254e+01
2.069801464676856995e-02,-2.031996399164199829e-01,-3.118398904800415039e+00,6.630832600593566895e+01
2.016415260732173920e-02,-2.040909677743911743e-01,-3.119043350219726562e+00,6.631331014633178711e+01
2.005451545119285583e-02,-2.042335867881774902e-01,-3.120629787445068359e+00,6.631833600997924805e+01
1.993970200419425964e-02,-2.043815106153488159e-01,-3.122227907180786133e+00,6.632332420349121094e+01
2.008255757391452789e-02,-2.045301645994186401e-01,-3.123680353164672852e+00,6.632854509353637695e+01
2.009955048561096191e-02,-2.046732008457183838e-01,-3.125229597091674805e+00,6.633333015441894531e+01
2.013698779046535492e-02,-2.048281729221343994e-01,-3.126774549484252930e+00,6.633833122253417969e+01
2.013593539595603943e-02,-2.049394547939300537e-01,-3.128182888031005859e+00,6.634332108497619629e+01
2.117881365120410919e-02,-2.039988040924072266e-01,-3.128596067428588867e+00,6.634830999374389648e+01
2.129245363175868988e-02,-2.039464414119720459e-01,-3.129931449890136719e+00,6.635331702232360840e+01
2.107222564518451691e-02,-2.040962278842926025e-01,-3.131502628326416016e+00,6.635832309722900391e+01
2.098704688251018524e-02,-2.041491717100143433e-01,-3.132955789566040039e+00,6.636346602439880371e+01
2.085338905453681946e-02,-2.042064964771270752e-01,-3.134432554244995117e+00,6.636833500862121582e+01
2.097187936305999756e-02,-2.041815072298049927e-01,-3.136020183563232422e+00,6.637330913543701172e+01
2.081151306629180908e-02,-2.047814279794692993e-01,-3.138214349746704102e+00,6.637839603424072266e+01
2.091353386640548706e-02,-2.048706561326980591e-01,-3.139870166778564453e+00,6.638346314430236816e+01
2.121636644005775452e-02,-2.050106823444366455e-01,-3.141358613967895508e+00,6.638864707946777344e+01
2.150051295757293701e-02,-2.051510214805603027e-01,-3.142961502075195312e+00,6.639359712600708008e+01
2.185243926942348480e-02,-2.052979618310928345e-01,-3.144601106643676758e+00,6.639848303794860840e+01
2.227235212922096252e-02,-2.054425328969955444e-01,-3.146249532699584961e+00,6.640343904495239258e+01
2.212742716073989868e-02,-2.054924368858337402e-01,-3.147394657135009766e+00,6.640866112709045410e+01
2.111471630632877350e-02,-2.053382992744445801e-01,-3.147450685501098633e+00,6.641348409652709961e+01
2.102473191916942596e-02,-2.053539305925369263e-01,-3.148477077484130859e+00,6.641850519180297852e+01
2.163830399513244629e-02,-2.056747972965240479e-01,-3.149555921554565430e+00,6.642326617240905762e+01
2.189236693084239960e-02,-2.058248072862625122e-01,-3.150542736053466797e+00,6.642862415313720703e+01
2.221164107322692871e-02,-2.059832066297531128e-01,-3.151482343673706055e+00,6.643347620964050293e+01
2.213805727660655975e-02,-2.060131132602691650e-01,-3.152705192565917969e+00,6.643850612640380859e+01
2.219801954925060272e-02,-2.060950696468353271e-01,-3.153797626495361328e+00,6.644326806068420410e+01
2.107568830251693726e-02,-2.060759514570236206e-01,-3.157367229461669922e+00,6.644865012168884277e+01
2.133433334529399872e-02,-2.062409818172454834e-01,-3.158861637115478516e+00,6.645344114303588867e+01
2.134736068546772003e-02,-2.063852250576019287e-01,-3.160356283187866211e+00,6.645875215530395508e+01
2.138510346412658691e-02,-2.065202593803405762e-01,-3.161907434463500977e+00,6.646372103691101074e+01
2.135110087692737579e-02,-2.064883261919021606e-01,-3.163483858108520508e+00,6.646920013427734375e+01
2.135548368096351624e-02,-2.065030038356781006e-01,-3.165098428726196289e+00,6.647493720054626465e+01
2.255467325448989868e-02,-2.053014785051345825e-01,-3.165522098541259766e+00,6.647857117652893066e+01
2.242871560156345367e-02,-2.053481042385101318e-01,-3.167064905166625977e+00,6.648399305343627930e+01
2.236697450280189514e-02,-2.052971124649047852e-01,-3.168651342391967773e+00,6.648877501487731934e+01
2.226919680833816528e-02,-2.052134871482849121e-01,-3.170293331146240234e+00,6.649396204948425293e+01
2.213180996477603912e-02,-2.051059603691101074e-01,-3.171971321105957031e+00,6.649876117706298828e+01
2.244851738214492798e-02,-2.051173001527786255e-01,-3.173548936843872070e+00,6.650359201431274414e+01
2.255835384130477905e-02,-2.051403522491455078e-01,-3.175164699554443359e+00,6.650879216194152832e+01
2.316014468669891357e-02,-2.062044590711593628e-01,-3.177054405212402344e+00,6.651358819007873535e+01
2.302461490035057068e-02,-2.062484622001647949e-01,-3.178523063659667969e+00,6.651875615119934082e+01
2.313150838017463684e-02,-2.062800079584121704e-01,-3.180109977722167969e+00,6.652370905876159668e+01
2.321409620344638824e-02,-2.063195556402206421e-01,-3.181669473648071289e+00,6.652894711494445801e+01
2.351648360490798950e-02,-2.063705176115036011e-01,-3.183141231536865234e+00,6.653364610671997070e+01
2.376493252813816071e-02,-2.064222395420074463e-01,-3.184605121612548828e+00,6.653864407539367676e+01
2.405941672623157501e-02,-2.064870744943618774e-01,-3.186031341552734375e+00,6.654348301887512207e+01
2.335244417190551758e-02,-2.073440253734588623e-01,-3.187768936157226562e+00,6.654864311218261719e+01
2.335088327527046204e-02,-2.075018137693405151e-01,-3.189173221588134766e+00,6.655361604690551758e+01
2.328939922153949738e-02,-2.076803743839263916e-01,-3.190536499023437500e+00,6.655879306793212891e+01
2.347707934677600861e-02,-2.077920883893966675e-01,-3.191921234130859375e+00,6.656376099586486816e+01
2.356084436178207397e-02,-2.079120725393295288e-01,-3.193255901336669922e+00,6.656879520416259766e+01
2.367132715880870819e-02,-2.080115675926208496e-01,-3.194568395614624023e+00,6.657361912727355957e+01
2.417868189513683319e-02,-2.072028368711471558e-01,-3.195161104202270508e+00,6.657859611511230469e+01
2.402751706540584564e-02,-2.075629234313964844e-01,-3.197109222412109375e+00,6.658376908302307129e+01
2.405731938779354095e-02,-2.077288925647735596e-01,-3.198713302612304688e+00,6.658878111839294434e+01
2.406735718250274658e-02,-2.079286426305770874e-01,-3.200386047363281250e+00,6.659379506111145020e+01
2.401899546384811401e-02,-2.078883051872253418e-01,-3.202027797698974609e+00,6.659871315956115723e+01
2.394223771989345551e-02,-2.079295367002487183e-01,-3.203777790069580078e+00,6.660374999046325684e+01
2.383110113441944122e-02,-2.079237103462219238e-01,-3.205579519271850586e+00,6.660878300666809082e+01
2.223890647292137146e-02,-2.075024247169494629e-01,-3.206307172775268555e+00,6.661378002166748047e+01
2.195118553936481476e-02,-2.074501365423202515e-01,-3.208036184310913086e+00,6.661878514289855957e+01
2.162812277674674988e-02,-2.073783874511718750e-01,-3.209800720214843750e+00,6.662376308441162109e+01
2.154172211885452271e-02,-2.075858414173126221e-01,-3.211014747619628906e+00,6.662904000282287598e+01
2.125454507768154144e-02,-2.075579315423965454e-01,-3.212628364562988281e+00,6.663387799263000488e+01
2.095371857285499573e-02,-2.075058370828628540e-01,-3.214250087738037109e+00,6.663881301879882812e+01
2.066161856055259705e-02,-2.074512988328933716e-01,-3.215804815292358398e+00,6.664377999305725098e+01
2.251482941210269928e-02,-2.083918899297714233e-01,-3.217799663543701172e+00,6.664890217781066895e+01
2.241585217416286469e-02,-2.085262984037399292e-01,-3.219301700592041016e+00,6.665388607978820801e+01
2.230544388294219971e-02,-2.086880058050155640e-01,-3.220772027969360352e+00,6.665894412994384766e+01
2.231599576771259308e-02,-2.087269723415374756e-01,-3.222177982330322266e+00,6.666387414932250977e+01
2.226278372108936310e-02,-2.088500410318374634e-01,-3.223571777343750000e+00,6.666886305809020996e+01
2.221720293164253235e-02,-2.089642286300659180e-01,-3.224932670593261719e+00,6.667386817932128906e+01
2.203630842268466949e-02,-2.091661542654037476e-01,-3.226442575454711914e+00,6.667887520790100098e+01
2.182899415493011475e-02,-2.094715237617492676e-01,-3.229207277297973633e+00,6.668387103080749512e+01
2.159787341952323914e-02,-2.097519338130950928e-01,-3.230853319168090820e+00,6.668887019157409668e+01
2.193862572312355042e-02,-2.096354961395263672e-01,-3.232254981994628906e+00,6.669413709640502930e+01
2.201950736343860626e-02,-2.097314298152923584e-01,-3.233749151229858398e+00,6.669898605346679688e+01
2.216964773833751678e-02,-2.098038643598556519e-01,-3.235207319259643555e+00,6.670384907722473145e+01
2.212831005454063416e-02,-2.099804580211639404e-01,-3.236717462539672852e+00,6.670899510383605957e+01
2.290193550288677216e-02,-2.091369479894638062e-01,-3.236930847167968750e+00,6.671406602859497070e+01
2.297998592257499695e-02,-2.091460078954696655e-01,-3.238390684127807617e+00,6.671906900405883789e+01
2.296742796897888184e-02,-2.091575115919113159e-01,-3.239967823028564453e+00,6.672410702705383301e+01
2.297974005341529846e-02,-2.091721594333648682e-01,-3.241502285003662109e+00,6.672921013832092285e+01
2.296811901032924652e-02,-2.091749757528305054e-01,-3.243063926696777344e+00,6.673407220840454102e+01
2.301799319684505463e-02,-2.091325372457504272e-01,-3.244567394256591797e+00,6.673936414718627930e+01
2.303491346538066864e-02,-2.090926617383956909e-01,-3.246111869812011719e+00,6.674410319328308105e+01
2.294369414448738098e-02,-2.090927064418792725e-01,-3.246878623962402344e+00,6.674903821945190430e+01
2.295995503664016724e-02,-2.089981436729431152e-01,-3.248363256454467773e+00,6.675405621528625488e+01
2.302298694849014282e-02,-2.092397660017013550e-01,-3.249989986419677734e+00,6.675934219360351562e+01
2.306943759322166443e-02,-2.093414962291717529e-01,-3.251557588577270508e+00,6.676432514190673828e+01
2.312600053846836090e-02,-2.094848752021789551e-01,-3.253158330917358398e+00,6.676905202865600586e+01
2.309444546699523926e-02,-2.094340324401855469e-01,-3.254771709442138672e+00,6.677414107322692871e+01
2.222085185348987579e-02,-2.105859220027923584e-01,-3.256802082061767578e+00,6.677901506423950195e+01
2.210636809468269348e-02,-2.106452882289886475e-01,-3.258410215377807617e+00,6.678422021865844727e+01
2.189428359270095825e-02,-2.110307365655899048e-01,-3.260012865066528320e+00,6.678918004035949707e+01
2.168985456228256226e-02,-2.112402617931365967e-01,-3.261643886566162109e+00,6.679437017440795898e+01
2.144865319132804871e-02,-2.115019410848617554e-01,-3.263278007507324219e+00,6.679916501045227051e+01
2.135241962969303131e-02,-2.116415053606033325e-01,-3.264778137207031250e+00,6.680422115325927734e+01
2.119759283959865570e-02,-2.118275910615921021e-01,-3.266309738159179688e+00,6.680916810035705566e+01
2.227200567722320557e-02,-2.103583365678787231e-01,-3.267431259155273438e+00,6.681417512893676758e+01
2.198185026645660400e-02,-2.104852795600891113e-01,-3.269014120101928711e+00,6.681916213035583496e+01
2.180951274931430817e-02,-2.105349898338317871e-01,-3.270527362823486328e+00,6.682418298721313477e+01
2.158967219293117523e-02,-2.106205374002456665e-01,-3.272023916244506836e+00,6.682936406135559082e+01
2.133068069815635681e-02,-2.107343822717666626e-01,-3.273504495620727539e+00,6.683414316177368164e+01
2.157074026763439178e-02,-2.107451111078262329e-01,-3.274775266647338867e+00,6.683917021751403809e+01
2.160603180527687073e-02,-2.107936739921569824e-01,-3.276084184646606445e+00,6.684419012069702148e+01
2.193726040422916412e-02,-2.114541381597518921e-01,-3.277390241622924805e+00,6.684930109977722168e+01
2.206804230809211731e-02,-2.115949541330337524e-01,-3.278594255447387695e+00,6.685426306724548340e+01
2.231703698635101318e-02,-2.117759436368942261e-01,-3.279705524444580078e+00,6.685943317413330078e+01
2.261174656450748444e-02,-2.119889259338378906e-01,-3.280762672424316406e+00,6.686442017555236816e+01
2.281745523214340210e-02,-2.122798562049865723e-01,-3.282115221023559570e+00,6.686932802200317383e+01
2.308496832847595215e-02,-2.125594764947891235e-01,-3.283376455307006836e+00,6.687702703475952148e+01
2.335832081735134125e-02,-2.128704339265823364e-01,-3.284683465957641602e+00,6.687937617301940918e+01
2.275124005973339081e-02,-2.111890465021133423e-01,-3.287557840347290039e+00,6.688419413566589355e+01
2.291854657232761383e-02,-2.111156433820724487e-01,-3.289186477661132812e+00,6.688920402526855469e+01
2.308509126305580139e-02,-2.110121995210647583e-01,-3.290851593017578125e+00,6.689486408233642578e+01
2.312849648296833038e-02,-2.111324667930603027e-01,-3.292438745498657227e+00,6.689970707893371582e+01
2.318734489381313324e-02,-2.111770510673522949e-01,-3.294094324111938477e+00,6.690431618690490723e+01
2.321002632379531860e-02,-2.112524360418319702e-01,-3.295769214630126953e+00,6.690943503379821777e+01
2.319473028182983398e-02,-2.113582789897918701e-01,-3.297460079193115234e+00,6.691442298889160156e+01
2.271047420799732208e-02,-2.110157459974288940e-01,-3.296952247619628906e+00,6.691938400268554688e+01
2.280459925532341003e-02,-2.109439820051193237e-01,-3.298096895217895508e+00,6.692435908317565918e+01
2.291588112711906433e-02,-2.108500450849533081e-01,-3.299159288406372070e+00,6.692941021919250488e+01
2.262828312814235687e-02,-2.113400101661682129e-01,-3.300651788711547852e+00,6.693436408042907715e+01
2.252960763871669769e-02,-2.115271240472793579e-01,-3.301830530166625977e+00,6.693943500518798828e+01
2.238203771412372589e-02,-2.117821872234344482e-01,-3.302998542785644531e+00,6.694447708129882812e+01
2.226421236991882324e-02,-2.117422372102737427e-01,-3.304172992706298828e+00,6.694942522048950195e+01
2.146989479660987854e-02,-2.123195976018905640e-01,-3.308145284652709961e+00,6.695441603660583496e+01
2.121216244995594025e-02,-2.122992277145385742e-01,-3.309627056121826172e+00,6.695956516265869141e+01
2.081541530787944794e-02,-2.123992741107940674e-01,-3.311613559722900391e+00,6.696456313133239746e+01
2.043516561388969421e-02,-2.124236673116683960e-01,-3.313403367996215820e+00,6.696941208839416504e+01
2.000908181071281433e-02,-2.124680429697036743e-01,-3.315273284912109375e+00,6.697444105148315430e+01
1.976598985493183136e-02,-2.126347571611404419e-01,-3.317105531692504883e+00,6.697938013076782227e+01
2.138853445649147034e-02,-2.111770659685134888e-01,-3.318227052688598633e+00,6.698451399803161621e+01
2.126828767359256744e-02,-2.110916972160339355e-01,-3.320292711257934570e+00,6.698951101303100586e+01
2.134960517287254333e-02,-2.106705456972122192e-01,-3.321897983551025391e+00,6.699482607841491699e+01
2.139047160744667053e-02,-2.103181183338165283e-01,-3.323749542236328125e+00,6.699946117401123047e+01
2.149030193686485291e-02,-2.098762094974517822e-01,-3.325553894042968750e+00,6.700449013710021973e+01
2.164931967854499817e-02,-2.093486934900283813e-01,-3.327327251434326172e+00,6.700953912734985352e+01
2.052008919417858124e-02,-2.127317339181900024e-01,-3.328076839447021484e+00,6.701448702812194824e+01
2.050867117941379547e-02,-2.130276113748550415e-01,-3.329674482345581055e+00,6.701950120925903320e+01
2.051321230828762054e-02,-2.133931219577789307e-01,-3.331225872039794922e+00,6.702449107170104980e+01
2.042493596673011780e-02,-2.133239358663558960e-01,-3.332549095153808594e+00,6.702966403961181641e+01
2.039449103176593781e-02,-2.135326862335205078e-01,-3.333933830261230469e+00,6.703459119796752930e+01
2.036031335592269897e-02,-2.137341946363449097e-01,-3.335261583328247070e+00,6.703956103324890137e+01
2.040363661944866180e-02,-2.139604091644287109e-01,-3.336471557617187500e+00,6.704454421997070312e+01
2.024913206696510315e-02,-2.137909233570098877e-01,-3.336534738540649414e+00,6.704969716072082520e+01
2.030118741095066071e-02,-2.139536440372467041e-01,-3.337429523468017578e+00,6.705467200279235840e+01
2.043903619050979614e-02,-2.138994485139846802e-01,-3.339003086090087891e+00,6.705980706214904785e+01
2.057201042771339417e-02,-2.139412164688110352e-01,-3.340200185775756836e+00,6.706468510627746582e+01
2.073379233479499817e-02,-2.139878123998641968e-01,-3.341444730758666992e+00,6.706971216201782227e+01
2.092362567782402039e-02,-2.142912596464157104e-01,-3.342909574508666992e+00,6.707469010353088379e+01
2.056189626455307007e-02,-2.130217850208282471e-01,-3.347035408020019531e+00,6.707973504066467285e+01
2.075678110122680664e-02,-2.130608111619949341e-01,-3.348961591720581055e+00,6.708469104766845703e+01
2.098829671740531921e-02,-2.131182253360748291e-01,-3.350987911224365234e+00,6.708980417251586914e+01
2.094871178269386292e-02,-2.129233181476593018e-01,-3.352642059326171875e+00,6.709490203857421875e+01
2.107274346053600311e-02,-2.128611654043197632e-01,-3.354617834091186523e+00,6.709969305992126465e+01
2.118098549544811249e-02,-2.127664834260940552e-01,-3.356635570526123047e+00,6.710467314720153809e+01
2.127758599817752838e-02,-2.127935290336608887e-01,-3.358505010604858398e+00,6.710974907875061035e+01
2.203268744051456451e-02,-2.137649655342102051e-01,-3.355680704116821289e+00,6.711468720436096191e+01
2.210961841046810150e-02,-2.139406651258468628e-01,-3.357188224792480469e+00,6.711976909637451172e+01
2.196683175861835480e-02,-2.139025628566741943e-01,-3.358698606491088867e+00,6.712476301193237305e+01
2.189256437122821808e-02,-2.139981836080551147e-01,-3.360155582427978516e+00,6.712979221343994141e+01
2.177217043936252594e-02,-2.141267955303192139e-01,-3.361588001251220703e+00,6.713478803634643555e+01
2.162677794694900513e-02,-2.144289016723632812e-01,-3.362901449203491211e+00,6.713979601860046387e+01
2.142712846398353577e-02,-2.146790027618408203e-01,-3.364224195480346680e+00,6.714480805397033691e+01
2.081754058599472046e-02,-2.141859531402587891e-01,-3.366723299026489258e+00,6.714983510971069336e+01
2.095662429928779602e-02,-2.139560729265213013e-01,-3.367870807647705078e+00,6.715476799011230469e+01
2.091116644442081451e-02,-2.138385474681854248e-01,-3.369083166122436523e+00,6.716020202636718750e+01
2.090865932404994965e-02,-2.136715054512023926e-01,-3.370231151580810547e+00,6.716492319107055664e+01
2.095012553036212921e-02,-2.134630829095840454e-01,-3.371318817138671875e+00,6.716991615295410156e+01
2.087864093482494354e-02,-2.137413173913955688e-01,-3.372777223587036133e+00,6.717480611801147461e+01
2.081073634326457977e-02,-2.147081792354583740e-01,-3.375922918319702148e+00,6.717979121208190918e+01
2.082550711929798126e-02,-2.149937003850936890e-01,-3.377432584762573242e+00,6.718493509292602539e+01
2.096610330045223236e-02,-2.148381471633911133e-01,-3.379118680953979492e+00,6.718996500968933105e+01
2.106921002268791199e-02,-2.149430811405181885e-01,-3.380771398544311523e+00,6.719516706466674805e+01
2.119733951985836029e-02,-2.150477916002273560e-01,-3.382462501525878906e+00,6.719982504844665527e+01
2.131556533277034760e-02,-2.152561247348785400e-01,-3.384089469909667969e+00,6.720487618446350098e+01
2.147420495748519897e-02,-2.154233455657958984e-01,-3.385791301727294922e+00,6.721000909805297852e+01
2.193234488368034363e-02,-2.146368175745010376e-01,-3.385515689849853516e+00,6.721492910385131836e+01
2.202508598566055298e-02,-2.146548926830291748e-01,-3.386767148971557617e+00,6.722006416320800781e+01
2.218165434896945953e-02,-2.146643549203872681e-01,-3.388230562210083008e+00,6.722490119934082031e+01
2.233496494591236115e-02,-2.146609574556350708e-01,-3.389660596847534180e+00,6.723020315170288086e+01
2.251852117478847504e-02,-2.145901024341583252e-01,-3.391118288040161133e+00,6.723498821258544922e+01
2.269245125353336334e-02,-2.145317345857620239e-01,-3.392523765563964844e+00,6.724002099037170410e+01
2.287224866449832916e-02,-2.144543528556823730e-01,-3.393910408020019531e+00,6.724492812156677246e+01
2.262503653764724731e-02,-2.148613035678863525e-01,-3.395150661468505859e+00,6.725025320053100586e+01
2.270205318927764893e-02,-2.148991823196411133e-01,-3.396518707275390625e+00,6.725507211685180664e+01
2.275028452277183533e-02,-2.149748206138610840e-01,-3.397893905639648438e+00,6.726019906997680664e+01
2.277596108615398407e-02,-2.150786370038986206e-01,-3.399264335632324219e+00,6.726496315002441406e+01
2.284301817417144775e-02,-2.150184065103530884e-01,-3.400746822357177734e+00,6.727162814140319824e+01
2.286931872367858887e-02,-2.150402367115020752e-01,-3.402195215225219727e+00,6.727620005607604980e+01
2.247168496251106262e-02,-2.156106829643249512e-01,-3.403973579406738281e+00,6.728014111518859863e+01
2.212198264896869659e-02,-2.157426923513412476e-01,-3.405726671218872070e+00,6.728506612777709961e+01
2.189682610332965851e-02,-2.158486396074295044e-01,-3.407394170761108398e+00,6.729009914398193359e+01
2.160561829805374146e-02,-2.159817367792129517e-01,-3.409121990203857422e+00,6.729534316062927246e+01
2.153834328055381775e-02,-2.160663157701492310e-01,-3.410727500915527344e+00,6.730019998550415039e+01
2.136247791349887848e-02,-2.161666452884674072e-01,-3.412413120269775391e+00,6.730504202842712402e+01
2.120447903871536255e-02,-2.162607312202453613e-01,-3.414095640182495117e+00,6.731018400192260742e+01
2.111698128283023834e-02,-2.163673788309097290e-01,-3.415701866149902344e+00,6.731504821777343750e+01
2.265473082661628723e-02,-2.157659530639648438e-01,-3.415837764739990234e+00,6.732017612457275391e+01
2.278250828385353088e-02,-2.157946676015853882e-01,-3.417334079742431641e+00,6.732514119148254395e+01
2.282691188156604767e-02,-2.158554345369338989e-01,-3.419001102447509766e+00,6.733010816574096680e+01
2.294312044978141785e-02,-2.159265279769897461e-01,-3.420576572418212891e+00,6.733516716957092285e+01
2.306934259831905365e-02,-2.159965187311172485e-01,-3.422185659408569336e+00,6.734020304679870605e+01
2.320629730820655823e-02,-2.160356640815734863e-01,-3.423822402954101562e+00,6.734500813484191895e+01
2.127747796475887299e-02,-2.163491845130920410e-01,-3.426068305969238281e+00,6.735013914108276367e+01
2.095553278923034668e-02,-2.163363993167877197e-01,-3.427634716033935547e+00,6.735512804985046387e+01
2.056106552481651306e-02,-2.163013219833374023e-01,-3.429196834564208984e+00,6.736041617393493652e+01
2.086591534316539764e-02,-2.163309901952743530e-01,-3.430009126663208008e+00,6.736527705192565918e+01
2.078729122877120972e-02,-2.163247168064117432e-01,-3.431087255477905273e+00,6.737016201019287109e+01
2.075796760618686676e-02,-2.163282930850982666e-01,-3.432025194168090820e+00,6.737516617774963379e+01
2.293751016259193420e-02,-2.169343531131744385e-01,-3.432628154754638672e+00,6.738021802902221680e+01
2.333425171673297882e-02,-2.170505076646804810e-01,-3.433684110641479492e+00,6.738528704643249512e+01
2.380770072340965271e-02,-2.171764224767684937e-01,-3.434732913970947266e+00,6.739038014411926270e+01
2.374494262039661407e-02,-2.172954827547073364e-01,-3.436465263366699219e+00,6.739536809921264648e+01
2.396924421191215515e-02,-2.174481004476547241e-01,-3.437921524047851562e+00,6.740034198760986328e+01
2.415727823972702026e-02,-2.176438570022583008e-01,-3.439492702484130859e+00,6.740521502494812012e+01
2.419674769043922424e-02,-2.178400158882141113e-01,-3.440909385681152344e+00,6.741036415100097656e+01
2.140960469841957092e-02,-2.168125212192535400e-01,-3.442719221115112305e+00,6.741524100303649902e+01
2.114419452846050262e-02,-2.167941629886627197e-01,-3.444295644760131836e+00,6.742025303840637207e+01
2.080448158085346222e-02,-2.167576402425765991e-01,-3.445927619934082031e+00,6.742546105384826660e+01
2.092339470982551575e-02,-2.167052924633026123e-01,-3.447121858596801758e+00,6.743044209480285645e+01
2.073920890688896179e-02,-2.166363149881362915e-01,-3.448584318161010742e+00,6.743529105186462402e+01
2.056342363357543945e-02,-2.165451645851135254e-01,-3.450013875961303711e+00,6.744058918952941895e+01
2.037773095071315765e-02,-2.165205776691436768e-01,-3.451563835144042969e+00,6.744524717330932617e+01
2.125488780438899994e-02,-2.169151604175567627e-01,-3.454086065292358398e+00,6.745043516159057617e+01
2.116501703858375549e-02,-2.169480323791503906e-01,-3.455755472183227539e+00,6.745536899566650391e+01
2.132390998303890228e-02,-2.168942540884017944e-01,-3.457426309585571289e+00,6.746051120758056641e+01
2.138864062726497650e-02,-2.169078886508941650e-01,-3.459124803543090820e+00,6.746526908874511719e+01
2.149427495896816254e-02,-2.169380933046340942e-01,-3.460836410522460938e+00,6.747044420242309570e+01
2.143852412700653076e-02,-2.170794010162353516e-01,-3.462464332580566406e+00,6.747539710998535156e+01
2.048873156309127808e-02,-2.176527529954910278e-01,-3.463685274124145508e+00,6.748040699958801270e+01
2.039385586977005005e-02,-2.177324742078781128e-01,-3.465301275253295898e+00,6.748540711402893066e+01
2.033848501741886139e-02,-2.178416848182678223e-01,-3.466523647308349609e+00,6.749047112464904785e+01
2.024922147393226624e-02,-2.179361432790756226e-01,-3.467869997024536133e+00,6.749563717842102051e+01
2.015263587236404419e-02,-2.180502414703369141e-01,-3.469114303588867188e+00,6.750053119659423828e+01
2.023403905332088470e-02,-2.182475924491882324e-01,-3.470360755920410156e+00,6.750557017326354980e+01
2.028357610106468201e-02,-2.184355258941650391e-01,-3.471528530120849609e+00,6.751050519943237305e+01
2.121428027749061584e-02,-2.186791449785232544e-01,-3.472875833511352539e+00,6.751536321640014648e+01
2.141979336738586426e-02,-2.189588546752929688e-01,-3.474031448364257812e+00,6.752053308486938477e+01
2.155251614749431610e-02,-2.190005928277969360e-01,-3.475661277770996094e+00,6.752552413940429688e+01
2.179029583930969238e-02,-2.191623300313949585e-01,-3.477034091949462891e+00,6.753053021430969238e+01
2.205884270370006561e-02,-2.193012237548828125e-01,-3.478433370590209961e+00,6.753558611869812012e+01
2.209058217704296112e-02,-2.194179296493530273e-01,-3.479872703552246094e+00,6.754059505462646484e+01
2.219137735664844513e-02,-2.195364087820053101e-01,-3.481339454650878906e+00,6.754556322097778320e+01
2.050728537142276764e-02,-2.180714458227157593e-01,-3.482378959655761719e+00,6.755047512054443359e+01
2.025645412504673004e-02,-2.178700864315032959e-01,-3.484029293060302734e+00,6.755542421340942383e+01
1.997587084770202637e-02,-2.177379578351974487e-01,-3.485674858093261719e+00,6.756083703041076660e+01
1.964238658547401428e-02,-2.175828069448471069e-01,-3.487347126007080078e+00,6.756550121307373047e+01
1.966318674385547638e-02,-2.177055180072784424e-01,-3.488929748535156250e+00,6.757046008110046387e+01
1.956835389137268066e-02,-2.177259176969528198e-01,-3.490603923797607422e+00,6.757550716400146484e+01
2.132089436054229736e-02,-2.184150964021682739e-01,-3.491896629333496094e+00,6.758059620857238770e+01
2.131113968789577484e-02,-2.181696146726608276e-01,-3.493420839309692383e+00,6.758566117286682129e+01
2.144062891602516174e-02,-2.181212753057479858e-01,-3.495062589645385742e+00,6.759067416191101074e+01
2.158382721245288849e-02,-2.180355787277221680e-01,-3.496688842773437500e+00,6.759577608108520508e+01
2.174091711640357971e-02,-2.179070413112640381e-01,-3.498299360275268555e+00,6.760070204734802246e+01
2.190658077597618103e-02,-2.181648313999176025e-01,-3.499650716781616211e+00,6.760567903518676758e+01
2.106800489127635956e-02,-2.193779796361923218e-01,-3.501288414001464844e+00,6.761071109771728516e+01
2.118137665092945099e-02,-2.196428626775741577e-01,-3.502561569213867188e+00,6.761560416221618652e+01
2.085489220917224884e-02,-2.195594459772109985e-01,-3.503906488418579102e+00,6.762072515487670898e+01
2.072677202522754669e-02,-2.197150290012359619e-01,-3.505114078521728516e+00,6.762572908401489258e+01
2.053482271730899811e-02,-2.198801338672637939e-01,-3.506280422210693359e+00,6.763089609146118164e+01
2.054914459586143494e-02,-2.201357930898666382e-01,-3.507496118545532227e+00,6.763568615913391113e+01
2.046857029199600220e-02,-2.203534543514251709e-01,-3.508653163909912109e+00,6.764065098762512207e+01
1.999391242861747742e-02,-2.198635786771774292e-01,-3.511371612548828125e+00,6.764565515518188477e+01
2.008305117487907410e-02,-2.197077125310897827e-01,-3.512838125228881836e+00,6.765090918540954590e+01
2.013548277318477631e-02,-2.197129279375076294e-01,-3.514211893081665039e+00,6.765580511093139648e+01
2.023214660584926605e-02,-2.196840196847915649e-01,-3.515618562698364258e+00,6.766102600097656250e+01
2.013018913567066193e-02,-2.198985666036605835e-01,-3.517287969589233398e+00,6.766556620597839355e+01
2.010282687842845917e-02,-2.200330644845962524e-01,-3.518934249877929688e+00,6.767615509033203125e+01
2.004781551659107208e-02,-2.202055454254150391e-01,-3.520668506622314453e+00,6.767753410339355469e+01
2.036830037832260132e-02,-2.192135006189346313e-01,-3.521270513534545898e+00,6.768109011650085449e+01
2.029244787991046906e-02,-2.190308421850204468e-01,-3.522935152053833008e+00,6.768580222129821777e+01
2.020104788243770599e-02,-2.187928855419158936e-01,-3.524610757827758789e+00,6.769106006622314453e+01
2.009655348956584930e-02,-2.185059189796447754e-01,-3.526318550109863281e+00,6.769634008407592773e+01
2.012936212122440338e-02,-2.187369614839553833e-01,-3.528252124786376953e+00,6.770083904266357422e+01
2.010511234402656555e-02,-2.187294065952301025e-01,-3.530161857604980469e+00,6.770581007003784180e+01
2.010219916701316833e-02,-2.187592685222625732e-01,-3.532167911529541016e+00,6.771085619926452637e+01
2.024430222809314728e-02,-2.186257094144821167e-01,-3.533745050430297852e+00,6.771573305130004883e+01
2.228477224707603455e-02,-2.199999392032623291e-01,-3.533074378967285156e+00,6.772081708908081055e+01
2.265747077763080597e-02,-2.200290411710739136e-01,-3.534315586090087891e+00,6.772597408294677734e+01
2.259560301899909973e-02,-2.201831787824630737e-01,-3.535240650177001953e+00,6.773098707199096680e+01
2.276663668453693390e-02,-2.202841639518737793e-01,-3.536207675933837891e+00,6.773602604866027832e+01
2.290741913020610809e-02,-2.203848659992218018e-01,-3.537090301513671875e+00,6.774098205566406250e+01
2.296681143343448639e-02,-2.206000387668609619e-01,-3.538294076919555664e+00,6.774597620964050293e+01
2.158912084996700287e-02,-2.213880270719528198e-01,-3.542409420013427734e+00,6.775098419189453125e+01
2.142264507710933685e-02,-2.217500060796737671e-01,-3.543521881103515625e+00,6.775606417655944824e+01
2.164601534605026245e-02,-2.215911746025085449e-01,-3.544935703277587891e+00,6.776111316680908203e+01
2.168200165033340454e-02,-2.216748297214508057e-01,-3.546184301376342773e+00,6.776596307754516602e+01
2.175680175423622131e-02,-2.216880470514297485e-01,-3.547454833984375000e+00,6.777099800109863281e+01
2.187433838844299316e-02,-2.215884476900100708e-01,-3.548759222030639648e+00,6.777602219581604004e+01
2.271927893161773682e-02,-2.203580290079116821e-01,-3.550341844558715820e+00,6.778098917007446289e+01
2.291383966803550720e-02,-2.203385531902313232e-01,-3.552118301391601562e+00,6.778608012199401855e+01
2.312523312866687775e-02,-2.203214764595031738e-01,-3.553996562957763672e+00,6.779110002517700195e+01
2.306320890784263611e-02,-2.200651466846466064e-01,-3.555739402770996094e+00,6.779619503021240234e+01
2.313796617090702057e-02,-2.199150621891021729e-01,-3.557704687118530273e+00,6.780108118057250977e+01
2.318538352847099304e-02,-2.197354286909103394e-01,-3.559741735458374023e+00,6.780608415603637695e+01
2.331781759858131409e-02,-2.197099179029464722e-01,-3.561559677124023438e+00,6.781111717224121094e+01
2.298760600388050079e-02,-2.200434952974319458e-01,-3.560113906860351562e+00,6.781615614891052246e+01
2.305899746716022491e-02,-2.199994325637817383e-01,-3.561688899993896484e+00,6.782107305526733398e+01
2.330113947391510010e-02,-2.198985219001770020e-01,-3.562944412231445312e+00,6.782601499557495117e+01
2.349064312875270844e-02,-2.198524475097656250e-01,-3.564309358596801758e+00,6.783118915557861328e+01
2.371617965400218964e-02,-2.198108583688735962e-01,-3.565618515014648438e+00,6.783606719970703125e+01
2.365330792963504791e-02,-2.199012339115142822e-01,-3.566890239715576172e+00,6.784092116355895996e+01
2.307948283851146698e-02,-2.218779623508453369e-01,-3.568989992141723633e+00,6.784596204757690430e+01
2.292289957404136658e-02,-2.220752090215682983e-01,-3.570108890533447266e+00,6.785112500190734863e+01
2.271226234734058380e-02,-2.222867906093597412e-01,-3.571154117584228516e+00,6.785619521141052246e+01
2.310931868851184845e-02,-2.220048159360885620e-01,-3.571985721588134766e+00,6.786118316650390625e+01
2.315941639244556427e-02,-2.219837605953216553e-01,-3.572777509689331055e+00,6.786616015434265137e+01
2.324970066547393799e-02,-2.219004333019256592e-01,-3.573462247848510742e+00,6.787112903594970703e+01
2.320949174463748932e-02,-2.220506221055984497e-01,-3.574600934982299805e+00,6.787617301940917969e+01
2.295170538127422333e-02,-2.220063358545303345e-01,-3.577646493911743164e+00,6.788107705116271973e+01
2.291286177933216095e-02,-2.222282886505126953e-01,-3.578986883163452148e+00,6.788618111610412598e+01
2.261708490550518036e-02,-2.220514863729476929e-01,-3.580669403076171875e+00,6.789113903045654297e+01
2.240055240690708160e-02,-2.220871448516845703e-01,-3.582334518432617188e+00,6.789685010910034180e+01
2.212938293814659119e-02,-2.221044003963470459e-01,-3.584118843078613281e+00,6.790127301216125488e+01
2.224580943584442139e-02,-2.221896201372146606e-01,-3.585998773574829102e+00,6.790620517730712891e+01
2.224601805210113525e-02,-2.222283333539962769e-01,-3.587991952896118164e+00,6.791140604019165039e+01
2.390901185572147369e-02,-2.208023667335510254e-01,-3.588304042816162109e+00,6.791670799255371094e+01
2.402316778898239136e-02,-2.206015586853027344e-01,-3.590007543563842773e+00,6.792132115364074707e+01
2.428803406655788422e-02,-2.204396426677703857e-01,-3.591924428939819336e+00,6.792667603492736816e+01
2.457790821790695190e-02,-2.202413976192474365e-01,-3.593910455703735352e+00,6.793132901191711426e+01
2.468509599566459656e-02,-2.201613932847976685e-01,-3.595583677291870117e+00,6.793729519844055176e+01
2.484909817576408386e-02,-2.200497090816497803e-01,-3.597327470779418945e+00,6.794132208824157715e+01
2.339837886393070221e-02,-2.220550626516342163e-01,-3.598165512084960938e+00,6.794699001312255859e+01
2.339753694832324982e-02,-2.220442742109298706e-01,-3.599568605422973633e+00,6.795132398605346680e+01
2.323481813073158264e-02,-2.219171673059463501e-01,-3.600825309753417969e+00,6.795698118209838867e+01
2.306687459349632263e-02,-2.218862920999526978e-01,-3.602096080780029297e+00,6.796136021614074707e+01
2.286091260612010956e-02,-2.218680679798126221e-01,-3.603291034698486328e+00,6.796638798713684082e+01
2.287285029888153076e-02,-2.218396067619323730e-01,-3.604340314865112305e+00,6.797122502326965332e+01
2.279466390609741211e-02,-2.217878252267837524e-01,-3.605316162109375000e+00,6.797643113136291504e+01
2.360282279551029205e-02,-2.232284843921661377e-01,-3.607612848281860352e+00,6.798125505447387695e+01
2.385917492210865021e-02,-2.234840095043182373e-01,-3.609050512313842773e+00,6.798624515533447266e+01
2.409139089286327362e-02,-2.235828936100006104e-01,-3.610167741775512695e+00,6.799131917953491211e+01
2.438093163073062897e-02,-2.236920148134231567e-01,-3.611276149749755859e+00,6.799658203125000000e+01
2.439763955771923065e-02,-2.237444669008255005e-01,-3.612742900848388672e+00,6.800128602981567383e+01
2.451664023101329803e-02,-2.238233834505081177e-01,-3.614175558090209961e+00,6.800683617591857910e+01
2.331206947565078735e-02,-2.234536707401275635e-01,-3.616526365280151367e+00,6.801134204864501953e+01
2.320844680070877075e-02,-2.235270291566848755e-01,-3.618256092071533203e+00,6.801649117469787598e+01
2.306298539042472839e-02,-2.235900014638900757e-01,-3.620142459869384766e+00,6.802136015892028809e+01
2.288178354501724243e-02,-2.236492633819580078e-01,-3.622114419937133789e+00,6.802722620964050293e+01
2.266412973403930664e-02,-2.237157076597213745e-01,-3.624176502227783203e+00,6.803159308433532715e+01
2.268356829881668091e-02,-2.237660735845565796e-01,-3.626041889190673828e+00,6.803669309616088867e+01
2.257796749472618103e-02,-2.238626033067703247e-01,-3.628110885620117188e+00,6.804142117500305176e+01
2.409033663570880890e-02,-2.232803404331207275e-01,-3.626990556716918945e+00,6.804688620567321777e+01
2.402306161820888519e-02,-2.234622687101364136e-01,-3.628414630889892578e+00,6.805161619186401367e+01
2.403934113681316376e-02,-2.235652357339859009e-01,-3.630029678344726562e+00,6.805670619010925293e+01
2.405006624758243561e-02,-2.236764729022979736e-01,-3.631611824035644531e+00,6.806167101860046387e+01
2.417978830635547638e-02,-2.237225621938705444e-01,-3.633026599884033203e+00,6.806676411628723145e+01
2.428450249135494232e-02,-2.238085120916366577e-01,-3.634412288665771484e+00,6.807565307617187500e+01
2.441842481493949890e-02,-2.239016443490982056e-01,-3.635709285736083984e+00,6.807737112045288086e+01
2.365016005933284760e-02,-2.245737910270690918e-01,-3.637725830078125000e+00,6.808153414726257324e+01
2.364813350141048431e-02,-2.247713208198547363e-01,-3.638949394226074219e+00,6.808696007728576660e+01
2.363124117255210876e-02,-2.249789088964462280e-01,-3.640129804611206055e+00,6.809165215492248535e+01
2.376452088356018066e-02,-2.251026183366775513e-01,-3.641568183898925781e+00,6.809699106216430664e+01
2.385707758367061615e-02,-2.252507507801055908e-01,-3.642899274826049805e+00,6.810171699523925781e+01
2.398292534053325653e-02,-2.253688573837280273e-01,-3.644264221191406250e+00,6.810710716247558594e+01
2.414284646511077881e-02,-2.254775613546371460e-01,-3.645641565322875977e+00,6.811154699325561523e+01
2.310524694621562958e-02,-2.251384407281875610e-01,-3.648994207382202148e+00,6.811709403991699219e+01
2.258185483515262604e-02,-2.255673557519912720e-01,-3.650891542434692383e+00,6.812174916267395020e+01
2.193276584148406982e-02,-2.260966897010803223e-01,-3.652868747711181641e+00,6.812691020965576172e+01
2.223202958703041077e-02,-2.257587313652038574e-01,-3.654259920120239258e+00,6.813177609443664551e+01
2.196999266743659973e-02,-2.258424609899520874e-01,-3.656023740768432617e+00,6.813692307472229004e+01
2.175169438123703003e-02,-2.258637845516204834e-01,-3.657764673233032227e+00,6.814173722267150879e+01
2.376031503081321716e-02,-2.240833640098571777e-01,-3.656904458999633789e+00,6.814699316024780273e+01
2.384856343269348145e-02,-2.241681069135665894e-01,-3.658326387405395508e+00,6.815177607536315918e+01
2.396776527166366577e-02,-2.243057787418365479e-01,-3.659710645675659180e+00,6.815683817863464355e+01
2.401114813983440399e-02,-2.238855659961700439e-01,-3.661014795303344727e+00,6.816197705268859863e+01
2.412502467632293701e-02,-2.237401008605957031e-01,-3.662316799163818359e+00,6.816684508323669434e+01
2.425109781324863434e-02,-2.235390841960906982e-01,-3.663576841354370117e+00,6.817167711257934570e+01
2.416043728590011597e-02,-2.237556576728820801e-01,-3.665090084075927734e+00,6.817680716514587402e+01
2.196797169744968414e-02,-2.255905568599700928e-01,-3.669120073318481445e+00,6.818175005912780762e+01
2.166695892810821533e-02,-2.259506136178970337e-01,-3.670736074447631836e+00,6.818696999549865723e+01
2.190233580768108368e-02,-2.257714122533798218e-01,-3.672167778015136719e+00,6.819215512275695801e+01
2.189250476658344269e-02,-2.258826047182083130e-01,-3.673712015151977539e+00,6.819690299034118652e+01
2.194848470389842987e-02,-2.259172350168228149e-01,-3.675247430801391602e+00,6.820177817344665527e+01
2.206425555050373077e-02,-2.259188592433929443e-01,-3.676757574081420898e+00,6.820685601234436035e+01
2.333433553576469421e-02,-2.251329272985458374e-01,-3.677396535873413086e+00,6.821186017990112305e+01
2.317669801414012909e-02,-2.252000868320465088e-01,-3.678868293762207031e+00,6.821691799163818359e+01
2.295661158859729767e-02,-2.252937108278274536e-01,-3.680343627929687500e+00,6.822186017036437988e+01
2.326051518321037292e-02,-2.251424938440322876e-01,-3.681764364242553711e+00,6.822699904441833496e+01
2.327580377459526062e-02,-2.251087576150894165e-01,-3.683194160461425781e+00,6.823185420036315918e+01
2.332487888634204865e-02,-2.250618636608123779e-01,-3.684613466262817383e+00,6.823692703247070312e+01
2.319641783833503723e-02,-2.250841557979583740e-01,-3.686085462570190430e+00,6.824185299873352051e+01
2.177330479025840759e-02,-2.257184684276580811e-01,-3.688899993896484375e+00,6.824692010879516602e+01
2.157757245004177094e-02,-2.257251590490341187e-01,-3.690489768981933594e+00,6.825185203552246094e+01
2.145855501294136047e-02,-2.257111519575119019e-01,-3.692100286483764648e+00,6.825690698623657227e+01
2.128283306956291199e-02,-2.257210165262222290e-01,-3.693707466125488281e+00,6.826209712028503418e+01
2.110026963055133820e-02,-2.257442027330398560e-01,-3.695314168930053711e+00,6.826703310012817383e+01
2.101051807403564453e-02,-2.258243858814239502e-01,-3.696846246719360352e+00,6.827183699607849121e+01
2.089821733534336090e-02,-2.258899509906768799e-01,-3.698398351669311523e+00,6.827703499794006348e+01
2.161157317459583282e-02,-2.259818166494369507e-01,-3.699479818344116211e+00,6.828193521499633789e+01
2.161595970392227173e-02,-2.259606570005416870e-01,-3.701031208038330078e+00,6.828702116012573242e+01
2.163664624094963074e-02,-2.258534580469131470e-01,-3.702483892440795898e+00,6.829212403297424316e+01
2.168270386755466461e-02,-2.257858514785766602e-01,-3.703954696655273438e+00,6.829713416099548340e+01
2.174696698784828186e-02,-2.257273942232131958e-01,-3.705397605895996094e+00,6.830200004577636719e+01
2.176876179873943329e-02,-2.258871495723724365e-01,-3.706831932067871094e+00,6.830696606636047363e+01
2.123915217816829681e-02,-2.267553508281707764e-01,-3.708561897277832031e+00,6.831196904182434082e+01
2.122904919087886810e-02,-2.268723249435424805e-01,-3.710037231445312500e+00,6.831720709800720215e+01
2.126738429069519043e-02,-2.265959978103637695e-01,-3.711119413375854492e+00,6.832227206230163574e+01
2.129168994724750519e-02,-2.265115678310394287e-01,-3.712354660034179688e+00,6.832727003097534180e+01
2.132689580321311951e-02,-2.263843417167663574e-01,-3.713524580001831055e+00,6.833214402198791504e+01
2.131563797593116760e-02,-2.265155762434005737e-01,-3.714868307113647461e+00,6.833714604377746582e+01
2.132401987910270691e-02,-2.265512049198150635e-01,-3.716104507446289062e+00,6.834227705001831055e+01
2.146692574024200439e-02,-2.269943058490753174e-01,-3.717329025268554688e+00,6.834711909294128418e+01
2.162267826497554779e-02,-2.268930077552795410e-01,-3.718804836273193359e+00,6.835214018821716309e+01
2.172256633639335632e-02,-2.269092947244644165e-01,-3.720195770263671875e+00,6.835716104507446289e+01
2.185003645718097687e-02,-2.269056737422943115e-01,-3.721618652343750000e+00,6.836232399940490723e+01
2.200559899210929871e-02,-2.268793731927871704e-01,-3.723079919815063477e+00,6.836699604988098145e+01
2.215674147009849548e-02,-2.269257307052612305e-01,-3.724691152572631836e+00,6.837187314033508301e+01
2.234142273664474487e-02,-2.269375622272491455e-01,-3.726276397705078125e+00,6.837714600563049316e+01
2.250553481280803680e-02,-2.269099801778793335e-01,-3.727323770523071289e+00,6.838211107254028320e+01
2.252484112977981567e-02,-2.271089404821395874e-01,-3.729031085968017578e+00,6.838711810111999512e+01
2.265261486172676086e-02,-2.272307574748992920e-01,-3.730795621871948242e+00,6.839235520362854004e+01
2.276768535375595093e-02,-2.273763418197631836e-01,-3.732614040374755859e+00,6.839713907241821289e+01
2.269751206040382385e-02,-2.273731976747512817e-01,-3.734328985214233398e+00,6.840222907066345215e+01
2.264469861984252930e-02,-2.274173498153686523e-01,-3.736135482788085938e+00,6.840724706649780273e+01
2.155127376317977905e-02,-2.272222489118576050e-01,-3.736837148666381836e+00,6.841226220130920410e+01
2.157958410680294037e-02,-2.272669374942779541e-01,-3.737961530685424805e+00,6.841718506813049316e+01
2.142983861267566681e-02,-2.272551953792572021e-01,-3.739358663558959961e+00,6.842221713066101074e+01
2.127975225448608398e-02,-2.272356897592544556e-01,-3.740693092346191406e+00,6.842735219001770020e+01
2.109172940254211426e-02,-2.271786928176879883e-01,-3.741952180862426758e+00,6.843216705322265625e+01
2.090705186128616333e-02,-2.271361649036407471e-01,-3.743107318878173828e+00,6.843717408180236816e+01
2.071083709597587585e-02,-2.270921021699905396e-01,-3.744178533554077148e+00,6.844222021102905273e+01
2.108237706124782562e-02,-2.282226383686065674e-01,-3.747113943099975586e+00,6.844737315177917480e+01
2.113300934433937073e-02,-2.283037155866622925e-01,-3.748263359069824219e+00,6.845224809646606445e+01
2.124617062509059906e-02,-2.283806502819061279e-01,-3.749387264251708984e+00,6.845715212821960449e+01
2.143113501369953156e-02,-2.284908145666122437e-01,-3.750476598739624023e+00,6.846273207664489746e+01
2.128677070140838623e-02,-2.285051941871643066e-01,-3.752118110656738281e+00,6.846736502647399902e+01
2.133230119943618774e-02,-2.285557091236114502e-01,-3.753539562225341797e+00,6.847573399543762207e+01
2.136713825166225433e-02,-2.286094725131988525e-01,-3.755047559738159180e+00,6.847741198539733887e+01
2.124021761119365692e-02,-2.282643765211105347e-01,-3.757018327713012695e+00,6.848227715492248535e+01
2.117543481290340424e-02,-2.283043116331100464e-01,-3.758827447891235352e+00,6.848726010322570801e+01
2.109586447477340698e-02,-2.283354103565216064e-01,-3.760735273361206055e+00,6.849254512786865234e+01
2.120997756719589233e-02,-2.280188649892807007e-01,-3.761836528778076172e+00,6.849780607223510742e+01
2.118478529155254364e-02,-2.278680354356765747e-01,-3.763580322265625000e+00,6.850230813026428223e+01
2.116331830620765686e-02,-2.277259677648544312e-01,-3.765323877334594727e+00,6.850730013847351074e+01
2.107792533934116364e-02,-2.278459221124649048e-01,-3.766957759857177734e+00,6.851230406761169434e+01
2.231552638113498688e-02,-2.284296900033950806e-01,-3.767228841781616211e+00,6.851729512214660645e+01
2.231427840888500214e-02,-2.286198735237121582e-01,-3.768807172775268555e+00,6.852231407165527344e+01
2.238564379513263702e-02,-2.284528464078903198e-01,-3.769945621490478516e+00,6.852744913101196289e+01
2.240954153239727020e-02,-2.284641712903976440e-01,-3.771229982376098633e+00,6.853245615959167480e+01
2.243359759449958801e-02,-2.284335047006607056e-01,-3.772430181503295898e+00,6.853746700286865234e+01
2.245941199362277985e-02,-2.283710092306137085e-01,-3.773532629013061523e+00,6.854244399070739746e+01
2.206373587250709534e-02,-2.292095571756362915e-01,-3.775979042053222656e+00,6.854743218421936035e+01
2.190031297504901886e-02,-2.293057441711425781e-01,-3.777266025543212891e+00,6.855247306823730469e+01
2.169724740087985992e-02,-2.294143140316009521e-01,-3.778537988662719727e+00,6.855753111839294434e+01
2.153092250227928162e-02,-2.294218689203262329e-01,-3.780285596847534180e+00,6.856265521049499512e+01
2.129830606281757355e-02,-2.294854670763015747e-01,-3.781832218170166016e+00,6.856746602058410645e+01
2.103764750063419342e-02,-2.295545637607574463e-01,-3.783433437347412109e+00,6.857250618934631348e+01
2.100535295903682709e-02,-2.295392006635665894e-01,-3.785225391387939453e+00,6.857754111289978027e+01
2.241868898272514343e-02,-2.287368178367614746e-01,-3.786979913711547852e+00,6.858241510391235352e+01
2.256303280591964722e-02,-2.285496145486831665e-01,-3.789028167724609375e+00,6.858737421035766602e+01
2.229121699929237366e-02,-2.287449240684509277e-01,-3.791091203689575195e+00,6.859267807006835938e+01
2.222670242190361023e-02,-2.287617921829223633e-01,-3.793301105499267578e+00,6.859778499603271484e+01
2.212483249604701996e-02,-2.288280874490737915e-01,-3.795611619949340820e+00,6.860242199897766113e+01
2.214842103421688080e-02,-2.287597507238388062e-01,-3.797283411026000977e+00,6.860751819610595703e+01
2.210914343595504761e-02,-2.287520766258239746e-01,-3.799163818359375000e+00,6.861256814002990723e+01
2.170289121568202972e-02,-2.291752696037292480e-01,-3.797880887985229492e+00,6.861757421493530273e+01
2.164967358112335205e-02,-2.291126251220703125e-01,-3.799187898635864258e+00,6.862256717681884766e+01
2.176675200462341309e-02,-2.294409573078155518e-01,-3.800315618515014648e+00,6.862771105766296387e+01
2.181963436305522919e-02,-2.295572459697723389e-01,-3.801298856735229492e+00,6.863257312774658203e+01
2.190562523901462555e-02,-2.297077029943466187e-01,-3.802138566970825195e+00,6.863762521743774414e+01
2.201222069561481476e-02,-2.298357337713241577e-01,-3.803213596343994141e+00,6.864257812500000000e+01
2.187983505427837372e-02,-2.313258647918701172e-01,-3.808268785476684570e+00,6.864776015281677246e+01
2.203793823719024658e-02,-2.316339462995529175e-01,-3.809585332870483398e+00,6.865258622169494629e+01
2.174495160579681396e-02,-2.315542995929718018e-01,-3.811216831207275391e+00,6.865765118598937988e+01
2.165828645229339600e-02,-2.316547632217407227e-01,-3.812712430953979492e+00,6.866268801689147949e+01
2.152024023234844208e-02,-2.317017912864685059e-01,-3.814249515533447266e+00,6.866762018203735352e+01
2.168529666960239410e-02,-2.318523824214935303e-01,-3.815829277038574219e+00,6.867257618904113770e+01
2.174962870776653290e-02,-2.319439053535461426e-01,-3.817442893981933594e+00,6.867760705947875977e+01
2.275069616734981537e-02,-2.303196936845779419e-01,-3.816729307174682617e+00,6.868269920349121094e+01
2.249142155051231384e-02,-2.302085012197494507e-01,-3.818488121032714844e+00,6.868774414062500000e+01
2.246035262942314148e-02,-2.301412820816040039e-01,-3.820204973220825195e+00,6.869280219078063965e+01
2.237899973988533020e-02,-2.300575226545333862e-01,-3.821991205215454102e+00,6.869802212715148926e+01
2.249652519822120667e-02,-2.301250547170639038e-01,-3.823636531829833984e+00,6.870279908180236816e+01
2.252459339797496796e-02,-2.301334887742996216e-01,-3.825404405593872070e+00,6.870775198936462402e+01
2.212090790271759033e-02,-2.306050062179565430e-01,-3.826838493347167969e+00,6.871267199516296387e+01
2.215825021266937256e-02,-2.307725399732589722e-01,-3.828607082366943359e+00,6.871774315834045410e+01
2.155712433159351349e-02,-2.306744605302810669e-01,-3.830144643783569336e+00,6.872270107269287109e+01
2.124959975481033325e-02,-2.307499498128890991e-01,-3.831810951232910156e+00,6.872804999351501465e+01
2.086804620921611786e-02,-2.308218777179718018e-01,-3.833461523056030273e+00,6.873271417617797852e+01
2.061776071786880493e-02,-2.310628741979598999e-01,-3.834960937500000000e+00,6.873778319358825684e+01
2.026391774415969849e-02,-2.312563210725784302e-01,-3.836458206176757812e+00,6.874271106719970703e+01
2.088600769639015198e-02,-2.312284857034683228e-01,-3.837994813919067383e+00,6.874814915657043457e+01
2.088698744773864746e-02,-2.310678362846374512e-01,-3.839600086212158203e+00,6.875289106369018555e+01
2.076117880642414093e-02,-2.310667484998703003e-01,-3.841038465499877930e+00,6.875787401199340820e+01
2.067275159060955048e-02,-2.310198694467544556e-01,-3.842467069625854492e+00,6.876285719871520996e+01
2.049815282225608826e-02,-2.311874777078628540e-01,-3.844203948974609375e+00,6.876786899566650391e+01
2.037422172725200653e-02,-2.312882095575332642e-01,-3.845889329910278320e+00,6.877279400825500488e+01
2.053925022482872009e-02,-2.315064817667007446e-01,-3.848266839981079102e+00,6.877783918380737305e+01
2.061163447797298431e-02,-2.313105314970016479e-01,-3.849818229675292969e+00,6.878285908699035645e+01
2.061645686626434326e-02,-2.313392311334609985e-01,-3.851570844650268555e+00,6.878789114952087402e+01
2.065820246934890747e-02,-2.313418686389923096e-01,-3.853314638137817383e+00,6.879310798645019531e+01
2.074095793068408966e-02,-2.313013970851898193e-01,-3.855061531066894531e+00,6.879821801185607910e+01
2.071379311382770538e-02,-2.315731942653656006e-01,-3.856543779373168945e+00,6.880288314819335938e+01
2.077161706984043121e-02,-2.317148149013519287e-01,-3.858115196228027344e+00,6.880784606933593750e+01
2.080155164003372192e-02,-2.316288948059082031e-01,-3.858528614044189453e+00,6.881292104721069336e+01
2.069359831511974335e-02,-2.315921783447265625e-01,-3.859844446182250977e+00,6.881790804862976074e+01
2.065855450928211212e-02,-2.316630631685256958e-01,-3.861126899719238281e+00,6.882290601730346680e+01
2.060682885348796844e-02,-2.317236512899398804e-01,-3.862343311309814453e+00,6.882825016975402832e+01
2.060395851731300354e-02,-2.317829728126525879e-01,-3.863528251647949219e+00,6.883287811279296875e+01
2.057556249201297760e-02,-2.318432033061981201e-01,-3.864657878875732422e+00,6.883799099922180176e+01
2.054882422089576721e-02,-2.319066077470779419e-01,-3.865734815597534180e+00,6.884288716316223145e+01
2.044172771275043488e-02,-2.319645881652832031e-01,-3.868396043777465820e+00,6.884791016578674316e+01
2.038446441292762756e-02,-2.320200800895690918e-01,-3.869801282882690430e+00,6.885290908813476562e+01
2.032202854752540588e-02,-2.320847958326339722e-01,-3.871232032775878906e+00,6.885799598693847656e+01
2.035209536552429199e-02,-2.321751117706298828e-01,-3.872773170471191406e+00,6.886306810379028320e+01
2.035746537148952484e-02,-2.322524040937423706e-01,-3.874344110488891602e+00,6.886804604530334473e+01
2.038350515067577362e-02,-2.323399037122726440e-01,-3.875972747802734375e+00,6.887545299530029297e+01
2.102149464190006256e-02,-2.314150035381317139e-01,-3.876722335815429688e+00,6.887813711166381836e+01
2.122070454061031342e-02,-2.312709242105484009e-01,-3.878391981124877930e+00,6.888305711746215820e+01
2.141113206744194031e-02,-2.311485558748245239e-01,-3.880156517028808594e+00,6.888816809654235840e+01
2.163429185748100281e-02,-2.310026884078979492e-01,-3.881989240646362305e+00,6.889370918273925781e+01
2.169798314571380615e-02,-2.309668809175491333e-01,-3.883817911148071289e+00,6.889821815490722656e+01
2.181978151202201843e-02,-2.308989018201828003e-01,-3.885712146759033203e+00,6.890307211875915527e+01
2.191666699945926666e-02,-2.308554202318191528e-01,-3.887647390365600586e+00,6.890812611579895020e+01
2.058647572994232178e-02,-2.322734594345092773e-01,-3.888177156448364258e+00,6.891307711601257324e+01
2.048053964972496033e-02,-2.322942465543746948e-01,-3.889713764190673828e+00,6.891807913780212402e+01
2.034894190728664398e-02,-2.323066145181655884e-01,-3.891208887100219727e+00,6.892305803298950195e+01
1.996653340756893158e-02,-2.326892465353012085e-01,-3.892418861389160156e+00,6.892830014228820801e+01
1.964215748012065887e-02,-2.328882962465286255e-01,-3.893690109252929688e+00,6.893305015563964844e+01
1.925454847514629364e-02,-2.331331670284271240e-01,-3.894871711730957031e+00,6.893808698654174805e+01
1.915010623633861542e-02,-2.330983430147171021e-01,-3.895819902420043945e+00,6.894307208061218262e+01
1.929679885506629944e-02,-2.333266884088516235e-01,-3.899344921112060547e+00,6.894827604293823242e+01
1.919844746589660645e-02,-2.333547770977020264e-01,-3.900262117385864258e+00,6.895316910743713379e+01
1.941827498376369476e-02,-2.335934787988662720e-01,-3.901722431182861328e+00,6.895819401741027832e+01
1.958432979881763458e-02,-2.337438017129898071e-01,-3.902823925018310547e+00,6.896317219734191895e+01
1.983500458300113678e-02,-2.339008003473281860e-01,-3.903941154479980469e+00,6.896826410293579102e+01
2.017253823578357697e-02,-2.340629398822784424e-01,-3.905055522918701172e+00,6.897318005561828613e+01
2.003971301019191742e-02,-2.340800166130065918e-01,-3.906602859497070312e+00,6.897821617126464844e+01
1.970290951430797577e-02,-2.325893938541412354e-01,-3.909006595611572266e+00,6.898320698738098145e+01
1.968468539416790009e-02,-2.324483841657638550e-01,-3.910677671432495117e+00,6.898823714256286621e+01
1.987510360777378082e-02,-2.325764894485473633e-01,-3.912485361099243164e+00,6.899332213401794434e+01
1.995735056698322296e-02,-2.325395494699478149e-01,-3.914340496063232422e+00,6.899833416938781738e+01
2.005304209887981415e-02,-2.325145453214645386e-01,-3.916277170181274414e+00,6.900329208374023438e+01
2.009697817265987396e-02,-2.323756664991378784e-01,-3.918090820312500000e+00,6.900825405120849609e+01
2.018427476286888123e-02,-2.330288141965866089e-01,-3.917948961257934570e+00,6.901319217681884766e+01
2.024149894714355469e-02,-2.330030202865600586e-01,-3.919770956039428711e+00,6.901836109161376953e+01
2.034897916018962860e-02,-2.330601513385772705e-01,-3.921192884445190430e+00,6.902319622039794922e+01
2.043579332530498505e-02,-2.330779582262039185e-01,-3.922791004180908203e+00,6.902851510047912598e+01
2.052981778979301453e-02,-2.330966144800186157e-01,-3.924359321594238281e+00,6.903333306312561035e+01
2.071489393711090088e-02,-2.330618947744369507e-01,-3.925845861434936523e+00,6.903829908370971680e+01
2.089352160692214966e-02,-2.330465316772460938e-01,-3.927282333374023438e+00,6.904329800605773926e+01
2.059089392423629761e-02,-2.339323163032531738e-01,-3.928946256637573242e+00,6.904848217964172363e+01
2.080328017473220825e-02,-2.339619994163513184e-01,-3.930202722549438477e+00,6.905334520339965820e+01
2.065975591540336609e-02,-2.342239767313003540e-01,-3.931866168975830078e+00,6.905835008621215820e+01
2.071223594248294830e-02,-2.343717217445373535e-01,-3.933260202407836914e+00,6.906342411041259766e+01
2.073748223483562469e-02,-2.345390766859054565e-01,-3.934651613235473633e+00,6.906835913658142090e+01
2.070147916674613953e-02,-2.346183806657791138e-01,-3.936107635498046875e+00,6.907333612442016602e+01
2.084684930741786957e-02,-2.345761805772781372e-01,-3.937686204910278320e+00,6.907824420928955078e+01
2.072457224130630493e-02,-2.347149550914764404e-01,-3.939248800277709961e+00,6.908342814445495605e+01
2.086956053972244263e-02,-2.349480986595153809e-01,-3.940591335296630859e+00,6.908851504325866699e+01
2.086999639868736267e-02,-2.351270765066146851e-01,-3.942049503326416016e+00,6.909358406066894531e+01
2.088294923305511475e-02,-2.353119403123855591e-01,-3.943492174148559570e+00,6.909860205650329590e+01
2.104171738028526306e-02,-2.354151755571365356e-01,-3.944901466369628906e+00,6.910345411300659180e+01
2.119558118283748627e-02,-2.355566769838333130e-01,-3.946305513381958008e+00,6.910852599143981934e+01
2.249857597053050995e-02,-2.339284420013427734e-01,-3.947161912918090820e+00,6.911346220970153809e+01
2.239916473627090454e-02,-2.339332848787307739e-01,-3.948944568634033203e+00,6.911846113204956055e+01
2.251362986862659454e-02,-2.339155375957489014e-01,-3.950545310974121094e+00,6.912346601486206055e+01
2.258835360407829285e-02,-2.339247316122055054e-01,-3.952212572097778320e+00,6.912896704673767090e+01
2.261800505220890045e-02,-2.339186370372772217e-01,-3.953791141510009766e+00,6.913381910324096680e+01
2.260649390518665314e-02,-2.339215576648712158e-01,-3.955471515655517578e+00,6.913846206665039062e+01
2.148946188390254974e-02,-2.345894873142242432e-01,-3.956707000732421875e+00,6.914349412918090820e+01
2.131655998528003693e-02,-2.345502078533172607e-01,-3.958408594131469727e+00,6.914852619171142578e+01
2.184331044554710388e-02,-2.343154400587081909e-01,-3.959661483764648438e+00,6.915359902381896973e+01
2.203171327710151672e-02,-2.341524660587310791e-01,-3.961148977279663086e+00,6.915872716903686523e+01
2.229416184127330780e-02,-2.339381426572799683e-01,-3.962613344192504883e+00,6.916360116004943848e+01
2.269326336681842804e-02,-2.339889854192733765e-01,-3.964058399200439453e+00,6.916862320899963379e+01
2.315059490501880646e-02,-2.339499443769454956e-01,-3.965455532073974609e+00,6.917352318763732910e+01
2.342054992914199829e-02,-2.362520396709442139e-01,-3.967897653579711914e+00,6.917856407165527344e+01
2.334688976407051086e-02,-2.360856533050537109e-01,-3.968983411788940430e+00,6.918355798721313477e+01
2.362962067127227783e-02,-2.362005710601806641e-01,-3.970121145248413086e+00,6.918849921226501465e+01
2.387236617505550385e-02,-2.362810969352722168e-01,-3.971173048019409180e+00,6.919384908676147461e+01
2.408679015934467316e-02,-2.365384846925735474e-01,-3.972317695617675781e+00,6.919863700866699219e+01
2.425969578325748444e-02,-2.367328703403472900e-01,-3.973354816436767578e+00,6.920361113548278809e+01
2.439387515187263489e-02,-2.369543313980102539e-01,-3.974360942840576172e+00,6.920863199234008789e+01
2.366146631538867950e-02,-2.359911054372787476e-01,-3.977062463760375977e+00,6.921366310119628906e+01
2.368442714214324951e-02,-2.360678315162658691e-01,-3.978425502777099609e+00,6.921873021125793457e+01
2.368720434606075287e-02,-2.361527532339096069e-01,-3.979830503463745117e+00,6.922372698783874512e+01
2.367527410387992859e-02,-2.362331300973892212e-01,-3.981310606002807617e+00,6.922909998893737793e+01
2.354376204311847687e-02,-2.362975776195526123e-01,-3.983083724975585938e+00,6.923372602462768555e+01
2.342861331999301910e-02,-2.363534420728683472e-01,-3.984808444976806641e+00,6.923869109153747559e+01
2.317152731120586395e-02,-2.358322590589523315e-01,-3.986121416091918945e+00,6.924373102188110352e+01
2.355520240962505341e-02,-2.359551489353179932e-01,-3.987699985504150391e+00,6.924869203567504883e+01
2.366841584444046021e-02,-2.360306978225708008e-01,-3.989586830139160156e+00,6.925373005867004395e+01
2.384394407272338867e-02,-2.361090630292892456e-01,-3.991506576538085938e+00,6.925880503654479980e+01
2.382200025022029877e-02,-2.360957711935043335e-01,-3.993067502975463867e+00,6.926382517814636230e+01
2.390258759260177612e-02,-2.361071407794952393e-01,-3.994739532470703125e+00,6.926875209808349609e+01
2.396819926798343658e-02,-2.360937297344207764e-01,-3.996346473693847656e+00,6.927682900428771973e+01
2.402480132877826691e-02,-2.362701147794723511e-01,-3.997914791107177734e+00,6.927888703346252441e+01
2.383370883762836456e-02,-2.363214045763015747e-01,-3.996969938278198242e+00,6.928390002250671387e+01
2.379720099270343781e-02,-2.365164905786514282e-01,-3.998190402984619141e+00,6.928887510299682617e+01
2.376285195350646973e-02,-2.364940792322158813e-01,-3.999714851379394531e+00,6.929414200782775879e+01
2.370828017592430115e-02,-2.366312593221664429e-01,-4.001032829284667969e+00,6.929886603355407715e+01
2.364862710237503052e-02,-2.367531359195709229e-01,-4.002372741699218750e+00,6.930386304855346680e+01
2.358420193195343018e-02,-2.368375957012176514e-01,-4.003733634948730469e+00,6.930895614624023438e+01
2.481102012097835541e-02,-2.363559752702713013e-01,-4.007322788238525391e+00,6.931382322311401367e+01
2.501982823014259338e-02,-2.362554371356964111e-01,-4.008760452270507812e+00,6.931885719299316406e+01
2.527680434286594391e-02,-2.361168712377548218e-01,-4.010173797607421875e+00,6.932382917404174805e+01
2.517228759825229645e-02,-2.361001670360565186e-01,-4.011680603027343750e+00,6.932914519309997559e+01
2.527215890586376190e-02,-2.359972596168518066e-01,-4.013160228729248047e+00,6.933383917808532715e+01
2.535148523747920990e-02,-2.358758896589279175e-01,-4.014656066894531250e+00,6.933885502815246582e+01
2.443355135619640350e-02,-2.370149493217468262e-01,-4.014416217803955078e+00,6.934406113624572754e+01
2.442796342074871063e-02,-2.371244728565216064e-01,-4.015852451324462891e+00,6.934904003143310547e+01
2.442388795316219330e-02,-2.372454255819320679e-01,-4.017305850982666016e+00,6.935397815704345703e+01
2.446420863270759583e-02,-2.373328953981399536e-01,-4.018822193145751953e+00,6.935915207862854004e+01
2.448344416916370392e-02,-2.374405115842819214e-01,-4.020324707031250000e+00,6.936389398574829102e+01
2.450865134596824646e-02,-2.375489324331283569e-01,-4.021844863891601562e+00,6.936901617050170898e+01
2.452299930155277252e-02,-2.376651167869567871e-01,-4.023359775543212891e+00,6.937398910522460938e+01
2.540758065879344940e-02,-2.367970049381256104e-01,-4.024847030639648438e+00,6.937900710105895996e+01
2.548369392752647400e-02,-2.368021905422210693e-01,-4.026448726654052734e+00,6.938404512405395508e+01
2.560428902506828308e-02,-2.367316186428070068e-01,-4.027922153472900391e+00,6.938943815231323242e+01
2.570895850658416748e-02,-2.367172986268997192e-01,-4.029466629028320312e+00,6.939422512054443359e+01
2.581633627414703369e-02,-2.366930097341537476e-01,-4.031024456024169922e+00,6.939917302131652832e+01
2.593206614255905151e-02,-2.366732507944107056e-01,-4.032587051391601562e+00,6.940411019325256348e+01
2.587155066430568695e-02,-2.366482019424438477e-01,-4.033876895904541016e+00,6.940918898582458496e+01
2.584457024931907654e-02,-2.372138798236846924e-01,-4.034718036651611328e+00,6.941413521766662598e+01
2.578915096819400787e-02,-2.372414618730545044e-01,-4.035926342010498047e+00,6.941918206214904785e+01
2.578708715736865997e-02,-2.372133284807205200e-01,-4.037418365478515625e+00,6.942416810989379883e+01
2.572510018944740295e-02,-2.372240573167800903e-01,-4.038706302642822266e+00,6.942931199073791504e+01
2.564784698188304901e-02,-2.372444272041320801e-01,-4.039990425109863281e+00,6.943412518501281738e+01
2.558659948408603668e-02,-2.373364567756652832e-01,-4.041420936584472656e+00,6.943917703628540039e+01
2.527811750769615173e-02,-2.377644777297973633e-01,-4.044362068176269531e+00,6.944413900375366211e+01
2.519764937460422516e-02,-2.378266602754592896e-01,-4.045992851257324219e+00,6.944918298721313477e+01
2.526241354644298553e-02,-2.377906143665313721e-01,-4.047645092010498047e+00,6.945411109924316406e+01
2.527140267193317413e-02,-2.377945780754089355e-01,-4.049341201782226562e+00,6.945925903320312500e+01
2.530249021947383881e-02,-2.377892732620239258e-01,-4.051059722900390625e+00,6.946429109573364258e+01
2.542570978403091431e-02,-2.379437685012817383e-01,-4.052785396575927734e+00,6.946917510032653809e+01
2.555934153497219086e-02,-2.380447536706924438e-01,-4.054562568664550781e+00,6.947406315803527832e+01
2.547942288219928741e-02,-2.379881441593170166e-01,-4.054724216461181641e+00,6.947915410995483398e+01
2.570870518684387207e-02,-2.381054759025573730e-01,-4.056460380554199219e+00,6.948416709899902344e+01
2.578034065663814545e-02,-2.377284616231918335e-01,-4.057762622833251953e+00,6.948926305770874023e+01
2.597462572157382965e-02,-2.376329749822616577e-01,-4.059312343597412109e+00,6.949432420730590820e+01
2.617380954325199127e-02,-2.374940663576126099e-01,-4.060846805572509766e+00,6.949931216239929199e+01
2.635996788740158081e-02,-2.376137822866439819e-01,-4.062332153320312500e+00,6.950427603721618652e+01
2.656234614551067352e-02,-2.376382946968078613e-01,-4.063782691955566406e+00,6.950940799713134766e+01
2.687920629978179932e-02,-2.395597547292709351e-01,-4.065558433532714844e+00,6.951422214508056641e+01
2.691910043358802795e-02,-2.395738810300827026e-01,-4.066820144653320312e+00,6.951930022239685059e+01
2.702446095645427704e-02,-2.397589236497879028e-01,-4.068098068237304688e+00,6.952429008483886719e+01
2.710886485874652863e-02,-2.399104684591293335e-01,-4.069306373596191406e+00,6.952939105033874512e+01
2.713743411004543304e-02,-2.401984333992004395e-01,-4.070669174194335938e+00,6.953423404693603516e+01
2.714839763939380646e-02,-2.404438853263854980e-01,-4.071940898895263672e+00,6.953930616378784180e+01
2.593506872653961182e-02,-2.391493171453475952e-01,-4.073711872100830078e+00,6.954426717758178711e+01
2.560329437255859375e-02,-2.391198575496673584e-01,-4.075420856475830078e+00,6.954930710792541504e+01
2.529728040099143982e-02,-2.391831278800964355e-01,-4.077017307281494141e+00,6.955432319641113281e+01
2.492648363113403320e-02,-2.392152696847915649e-01,-4.078681468963623047e+00,6.955948901176452637e+01
2.449047751724720001e-02,-2.392178624868392944e-01,-4.080423355102539062e+00,6.956437516212463379e+01
2.430480346083641052e-02,-2.393540292978286743e-01,-4.082257747650146484e+00,6.956940102577209473e+01
2.395256981253623962e-02,-2.393962144851684570e-01,-4.084160327911376953e+00,6.957426404953002930e+01
2.500477060675621033e-02,-2.383944690227508545e-01,-4.084679603576660156e+00,6.957930421829223633e+01
2.509325183928012848e-02,-2.383025884628295898e-01,-4.086340427398681641e+00,6.958427906036376953e+01
2.505756169557571411e-02,-2.382376343011856079e-01,-4.088201522827148438e+00,6.958940911293029785e+01
2.506316453218460083e-02,-2.381504476070404053e-01,-4.090104579925537109e+00,6.959450006484985352e+01
2.493244782090187073e-02,-2.381054908037185669e-01,-4.091748714447021484e+00,6.959940814971923828e+01
2.486829459667205811e-02,-2.380394041538238525e-01,-4.093457698822021484e+00,6.960424113273620605e+01
2.479453198611736298e-02,-2.379764914512634277e-01,-4.095113754272460938e+00,6.960938310623168945e+01
2.496584504842758179e-02,-2.390621155500411987e-01,-4.094494342803955078e+00,6.961425614356994629e+01
2.503982931375503540e-02,-2.392324358224868774e-01,-4.095765590667724609e+00,6.961948204040527344e+01
2.516494505107402802e-02,-2.394412010908126831e-01,-4.096987724304199219e+00,6.962440109252929688e+01
2.518193982541561127e-02,-2.395675182342529297e-01,-4.098205566406250000e+00,6.962941122055053711e+01
2.527223899960517883e-02,-2.397503852844238281e-01,-4.099363327026367188e+00,6.963447213172912598e+01
2.536933310329914093e-02,-2.399320453405380249e-01,-4.100479602813720703e+00,6.963948822021484375e+01
2.522530779242515564e-02,-2.401342391967773438e-01,-4.103695869445800781e+00,6.964463210105895996e+01
2.529603615403175354e-02,-2.402255088090896606e-01,-4.104982852935791016e+00,6.964949321746826172e+01
2.537401393055915833e-02,-2.402917891740798950e-01,-4.106237411499023438e+00,6.965443301200866699e+01
2.546150051057338715e-02,-2.403546571731567383e-01,-4.107446193695068359e+00,6.965952205657958984e+01
2.528096921741962433e-02,-2.405397593975067139e-01,-4.109022140502929688e+00,6.966451406478881836e+01
2.519212104380130768e-02,-2.406429946422576904e-01,-4.110442161560058594e+00,6.967468309402465820e+01
2.505453862249851227e-02,-2.407280355691909790e-01,-4.111927032470703125e+00,6.967587709426879883e+01
2.462828531861305237e-02,-2.390870153903961182e-01,-4.113604068756103516e+00,6.967952299118041992e+01
2.453231997787952423e-02,-2.390068471431732178e-01,-4.115284442901611328e+00,6.968454599380493164e+01
2.443796955049037933e-02,-2.389046251773834229e-01,-4.117027759552001953e+00,6.968955421447753906e+01
2.426044829189777374e-02,-2.391577959060668945e-01,-4.118768692016601562e+00,6.969472217559814453e+01
2.411583252251148224e-02,-2.392431348562240601e-01,-4.120590686798095703e+00,6.969957518577575684e+01
2.395784296095371246e-02,-2.393764257431030273e-01,-4.122448921203613281e+00,6.970459914207458496e+01
2.380730770528316498e-02,-2.393538802862167358e-01,-4.124136447906494141e+00,6.970962905883789062e+01
2.422140911221504211e-02,-2.396577298641204834e-01,-4.124955177307128906e+00,6.971459603309631348e+01
2.408285811543464661e-02,-2.396715432405471802e-01,-4.126652717590332031e+00,6.971963620185852051e+01
2.415055595338344574e-02,-2.397954314947128296e-01,-4.127854824066162109e+00,6.972456622123718262e+01
2.414104901254177094e-02,-2.398889064788818359e-01,-4.129200935363769531e+00,6.972974419593811035e+01
2.416042611002922058e-02,-2.399651110172271729e-01,-4.130457878112792969e+00,6.973456501960754395e+01
2.421235293149948120e-02,-2.400359958410263062e-01,-4.131607532501220703e+00,6.973962521553039551e+01
2.474538050591945648e-02,-2.398473620414733887e-01,-4.133366584777832031e+00,6.974459505081176758e+01
2.491373568773269653e-02,-2.398290485143661499e-01,-4.134544849395751953e+00,6.974979710578918457e+01
2.511724270880222321e-02,-2.397855371236801147e-01,-4.135673522949218750e+00,6.975467610359191895e+01
2.537029609084129333e-02,-2.398727834224700928e-01,-4.137256145477294922e+00,6.975977516174316406e+01
2.565737254917621613e-02,-2.398839294910430908e-01,-4.138572692871093750e+00,6.976469516754150391e+01
2.598264254629611969e-02,-2.398958951234817505e-01,-4.139915943145751953e+00,6.976978611946105957e+01
2.617853134870529175e-02,-2.397554069757461548e-01,-4.141320705413818359e+00,6.977473521232604980e+01
2.518922649323940277e-02,-2.400169521570205688e-01,-4.143537521362304688e+00,6.977977418899536133e+01
2.529766969382762909e-02,-2.399285733699798584e-01,-4.145081520080566406e+00,6.978475499153137207e+01
2.539614215493202209e-02,-2.402410507202148438e-01,-4.146913528442382812e+00,6.978978800773620605e+01
2.548895403742790222e-02,-2.403759509325027466e-01,-4.148684978485107422e+00,6.979487013816833496e+01
2.557142823934555054e-02,-2.405624240636825562e-01,-4.150527477264404297e+00,6.979977321624755859e+01
2.552793733775615692e-02,-2.405404001474380493e-01,-4.152344703674316406e+00,6.980475521087646484e+01
2.548988349735736847e-02,-2.406032681465148926e-01,-4.154266357421875000e+00,6.980978703498840332e+01
2.560579590499401093e-02,-2.400473803281784058e-01,-4.155337810516357422e+00,6.981475210189819336e+01
2.546960860490798950e-02,-2.399158626794815063e-01,-4.157335281372070312e+00,6.981990718841552734e+01
2.607151307165622711e-02,-2.401053905487060547e-01,-4.158832073211669922e+00,6.982485008239746094e+01
2.628456987440586090e-02,-2.401030510663986206e-01,-4.160655021667480469e+00,6.983002805709838867e+01
2.656285651028156281e-02,-2.401150465011596680e-01,-4.162481307983398438e+00,6.983482098579406738e+01
2.657909505069255829e-02,-2.400777190923690796e-01,-4.163856983184814453e+00,6.983999514579772949e+01
2.617139741778373718e-02,-2.409195899963378906e-01,-4.164170742034912109e+00,6.984483814239501953e+01
2.616277523338794708e-02,-2.409742027521133423e-01,-4.165040493011474609e+00,6.984989809989929199e+01
2.602268382906913757e-02,-2.411602139472961426e-01,-4.166319370269775391e+00,6.985473918914794922e+01
2.589390613138675690e-02,-2.412762790918350220e-01,-4.167261123657226562e+00,6.986018013954162598e+01
2.572209574282169342e-02,-2.413927167654037476e-01,-4.168145656585693359e+00,6.986486101150512695e+01
2.555614337325096130e-02,-2.414822280406951904e-01,-4.169331550598144531e+00,6.986989712715148926e+01
2.534026280045509338e-02,-2.415899038314819336e-01,-4.170404434204101562e+00,6.987476921081542969e+01
2.578178048133850098e-02,-2.419174760580062866e-01,-4.174966335296630859e+00,6.987999010086059570e+01
2.583830803632736206e-02,-2.418269366025924683e-01,-4.176466941833496094e+00,6.988488721847534180e+01
2.575909718871116638e-02,-2.418803274631500244e-01,-4.177999019622802734e+00,6.989002203941345215e+01
2.569584175944328308e-02,-2.419062256813049316e-01,-4.179570198059082031e+00,6.989513707160949707e+01
2.565137669444084167e-02,-2.421218156814575195e-01,-4.181313991546630859e+00,6.990031409263610840e+01
2.562726102769374847e-02,-2.422649562358856201e-01,-4.183081626892089844e+00,6.990488409996032715e+01
2.566029131412506104e-02,-2.403612434864044189e-01,-4.184923171997070312e+00,6.991000699996948242e+01
2.568514272570610046e-02,-2.402775138616561890e-01,-4.186950206756591797e+00,6.991494798660278320e+01
2.561135031282901764e-02,-2.399612665176391602e-01,-4.188676357269287109e+00,6.992002010345458984e+01
2.559856511652469635e-02,-2.397682070732116699e-01,-4.190672397613525391e+00,6.992496919631958008e+01
2.558182179927825928e-02,-2.395269721746444702e-01,-4.192713737487792969e+00,6.993032121658325195e+01
2.553771995007991791e-02,-2.393957525491714478e-01,-4.194639205932617188e+00,6.993493318557739258e+01
2.549962513148784637e-02,-2.392370104789733887e-01,-4.196610927581787109e+00,6.994004511833190918e+01
2.569515630602836609e-02,-2.430371195077896118e-01,-4.196453094482421875e+00,6.994489216804504395e+01
2.575101517140865326e-02,-2.432262301445007324e-01,-4.197787761688232422e+00,6.995009112358093262e+01
2.575760520994663239e-02,-2.435664385557174683e-01,-4.199211120605468750e+00,6.995504999160766602e+01
2.577638439834117889e-02,-2.439045161008834839e-01,-4.200536727905273438e+00,6.996029019355773926e+01
2.582719735801219940e-02,-2.441858202219009399e-01,-4.201688289642333984e+00,6.996506905555725098e+01
2.588557451963424683e-02,-2.444825917482376099e-01,-4.202781200408935547e+00,6.997010207176208496e+01
2.596078254282474518e-02,-2.447708845138549805e-01,-4.203779220581054688e+00,6.997507810592651367e+01
2.601069584488868713e-02,-2.421986758708953857e-01,-4.206709384918212891e+00,6.998014020919799805e+01
2.612456120550632477e-02,-2.422788739204406738e-01,-4.208020210266113281e+00,6.998502206802368164e+01
2.625029906630516052e-02,-2.423456609249114990e-01,-4.209384918212890625e+00,6.999005913734436035e+01
2.639525011181831360e-02,-2.424050867557525635e-01,-4.210774421691894531e+00,6.999528408050537109e+01
2.609431557357311249e-02,-2.424630969762802124e-01,-4.212524414062500000e+00,7.000014400482177734e+01
2.596722543239593506e-02,-2.425393164157867432e-01,-4.214170455932617188e+00,7.000502014160156250e+01
2.500551007688045502e-02,-2.417467236518859863e-01,-4.215509414672851562e+00,7.001008915901184082e+01
2.464398555457592010e-02,-2.417752295732498169e-01,-4.217390060424804688e+00,7.001505112648010254e+01
2.419106103479862213e-02,-2.417500019073486328e-01,-4.219374656677246094e+00,7.002029109001159668e+01
2.367419190704822540e-02,-2.417301535606384277e-01,-4.221443176269531250e+00,7.002521610260009766e+01
2.363675646483898163e-02,-2.416924685239791870e-01,-4.223285675048828125e+00,7.003017020225524902e+01
2.346132136881351471e-02,-2.416524738073348999e-01,-4.225269317626953125e+00,7.003516912460327148e+01
2.337955683469772339e-02,-2.415999919176101685e-01,-4.227256298065185547e+00,7.004023003578186035e+01
2.654036134481430054e-02,-2.421328127384185791e-01,-4.226095676422119141e+00,7.004518413543701172e+01
2.671814709901809692e-02,-2.422159910202026367e-01,-4.227353572845458984e+00,7.005015015602111816e+01
2.689565718173980713e-02,-2.423266917467117310e-01,-4.228468894958496094e+00,7.005516219139099121e+01
2.717023529112339020e-02,-2.424851059913635254e-01,-4.229560852050781250e+00,7.006042098999023438e+01
2.743223868310451508e-02,-2.426359504461288452e-01,-4.230576515197753906e+00,7.006531214714050293e+01
2.771985717117786407e-02,-2.427863329648971558e-01,-4.231559753417968750e+00,7.007513618469238281e+01
2.803387679159641266e-02,-2.429434657096862793e-01,-4.232488632202148438e+00,7.007666802406311035e+01
2.600766159594058990e-02,-2.432945668697357178e-01,-4.237821578979492188e+00,7.008008408546447754e+01
2.610054239630699158e-02,-2.434751540422439575e-01,-4.239322662353515625e+00,7.008511400222778320e+01
2.621357142925262451e-02,-2.436729818582534790e-01,-4.240823268890380859e+00,7.009022307395935059e+01
2.582202851772308350e-02,-2.434950917959213257e-01,-4.242320537567138672e+00,7.009540104866027832e+01
2.565184049308300018e-02,-2.435108572244644165e-01,-4.243855476379394531e+00,7.010036301612854004e+01
2.540960535407066345e-02,-2.434931844472885132e-01,-4.245417594909667969e+00,7.010524702072143555e+01
2.537627518177032471e-02,-2.436355203390121460e-01,-4.247086048126220703e+00,7.011022710800170898e+01
2.615698799490928650e-02,-2.425327897071838379e-01,-4.248076438903808594e+00,7.011526513099670410e+01
2.613433077931404114e-02,-2.425248771905899048e-01,-4.249740123748779297e+00,7.012037014961242676e+01
2.601684071123600006e-02,-2.425038963556289673e-01,-4.251283168792724609e+00,7.012540912628173828e+01
2.594718337059020996e-02,-2.424979209899902344e-01,-4.252896308898925781e+00,7.013043999671936035e+01
2.586823329329490662e-02,-2.424983978271484375e-01,-4.254508018493652344e+00,7.013525605201721191e+01
2.580693736672401428e-02,-2.425068467855453491e-01,-4.256114959716796875e+00,7.014032006263732910e+01
2.560977824032306671e-02,-2.431111186742782593e-01,-4.257317066192626953e+00,7.014524507522583008e+01
2.550967223942279816e-02,-2.431627959012985229e-01,-4.258918285369873047e+00,7.015032005310058594e+01
2.539345063269138336e-02,-2.432883977890014648e-01,-4.260432243347167969e+00,7.015552520751953125e+01
2.528101578354835510e-02,-2.434156090021133423e-01,-4.261956214904785156e+00,7.016056418418884277e+01
2.516276389360427856e-02,-2.435695528984069824e-01,-4.263461589813232422e+00,7.016541504859924316e+01
2.503849938511848450e-02,-2.437470555305480957e-01,-4.264961242675781250e+00,7.017033720016479492e+01
2.460714429616928101e-02,-2.436148077249526978e-01,-4.266500473022460938e+00,7.017543601989746094e+01
2.460809238255023956e-02,-2.435162514448165894e-01,-4.268650054931640625e+00,7.018044519424438477e+01
2.416110038757324219e-02,-2.434464246034622192e-01,-4.270210742950439453e+00,7.018540716171264648e+01
2.469086088240146637e-02,-2.439285963773727417e-01,-4.271834373474121094e+00,7.019044208526611328e+01
2.476080879569053650e-02,-2.441150844097137451e-01,-4.273427963256835938e+00,7.019562101364135742e+01
2.493702806532382965e-02,-2.443444430828094482e-01,-4.275021076202392578e+00,7.020034003257751465e+01
2.505702711641788483e-02,-2.442103326320648193e-01,-4.276487350463867188e+00,7.020529508590698242e+01
2.575208060443401337e-02,-2.434372305870056152e-01,-4.277688026428222656e+00,7.021043109893798828e+01
2.609948255121707916e-02,-2.432536631822586060e-01,-4.279155731201171875e+00,7.021537303924560547e+01
2.622934244573116302e-02,-2.435501664876937866e-01,-4.280669212341308594e+00,7.022057008743286133e+01
2.651735953986644745e-02,-2.436309158802032471e-01,-4.282093524932861328e+00,7.022561621665954590e+01
2.681588754057884216e-02,-2.437984943389892578e-01,-4.283489227294921875e+00,7.023056912422180176e+01
2.703363262116909027e-02,-2.438303083181381226e-01,-4.284876823425292969e+00,7.023542618751525879e+01
2.727163955569267273e-02,-2.439308017492294312e-01,-4.286261558532714844e+00,7.024058413505554199e+01
2.587403915822505951e-02,-2.444615066051483154e-01,-4.287848472595214844e+00,7.024553203582763672e+01
2.590997330844402313e-02,-2.444494515657424927e-01,-4.289375782012939453e+00,7.025058412551879883e+01
2.579492703080177307e-02,-2.444306164979934692e-01,-4.290992736816406250e+00,7.025553202629089355e+01
2.573568187654018402e-02,-2.443839609622955322e-01,-4.292564868927001953e+00,7.026084804534912109e+01
2.564636431634426117e-02,-2.443082332611083984e-01,-4.294152259826660156e+00,7.026552200317382812e+01
2.565966360270977020e-02,-2.442269921302795410e-01,-4.295788288116455078e+00,7.027087712287902832e+01
2.561512589454650879e-02,-2.441246360540390015e-01,-4.297439575195312500e+00,7.027555799484252930e+01
2.650997601449489594e-02,-2.440886199474334717e-01,-4.298955440521240234e+00,7.028046703338623047e+01
2.659356035292148590e-02,-2.441736310720443726e-01,-4.300641059875488281e+00,7.028545117378234863e+01
2.666892670094966888e-02,-2.441858202219009399e-01,-4.302349090576171875e+00,7.029071402549743652e+01
2.675175853073596954e-02,-2.442137897014617920e-01,-4.304087162017822266e+00,7.029597306251525879e+01
2.668009884655475616e-02,-2.443198114633560181e-01,-4.305716037750244141e+00,7.030069112777709961e+01
2.664200216531753540e-02,-2.444273829460144043e-01,-4.307402610778808594e+00,7.030565309524536133e+01
2.633681520819664001e-02,-2.452557533979415894e-01,-4.308578014373779297e+00,7.031067204475402832e+01
2.649085223674774170e-02,-2.453123480081558228e-01,-4.309805870056152344e+00,7.031562709808349609e+01
2.650360763072967529e-02,-2.454354763031005859e-01,-4.311168193817138672e+00,7.032068419456481934e+01
2.654086798429489136e-02,-2.455445975065231323e-01,-4.312459468841552734e+00,7.032576107978820801e+01
2.660042047500610352e-02,-2.456516474485397339e-01,-4.313681125640869141e+00,7.033083200454711914e+01
2.655031345784664154e-02,-2.457914650440216064e-01,-4.315042495727539062e+00,7.033566117286682129e+01
2.656990289688110352e-02,-2.458749115467071533e-01,-4.316247940063476562e+00,7.034066319465637207e+01
2.721414528787136078e-02,-2.454370558261871338e-01,-4.318462848663330078e+00,7.034561300277709961e+01
2.759969793260097504e-02,-2.453136444091796875e-01,-4.319949626922607422e+00,7.035070204734802246e+01
2.784659899771213531e-02,-2.452919036149978638e-01,-4.321325778961181641e+00,7.035582113265991211e+01
2.813342958688735962e-02,-2.452429831027984619e-01,-4.322724819183349609e+00,7.036092805862426758e+01
2.816573344171047211e-02,-2.452581524848937988e-01,-4.324316501617431641e+00,7.036576318740844727e+01
2.829195931553840637e-02,-2.452398836612701416e-01,-4.325881481170654297e+00,7.037083101272583008e+01
2.838429808616638184e-02,-2.452210187911987305e-01,-4.327504158020019531e+00,7.037581110000610352e+01
2.747418917715549469e-02,-2.450709342956542969e-01,-4.329265117645263672e+00,7.038069200515747070e+01
2.740443497896194458e-02,-2.449971437454223633e-01,-4.331027030944824219e+00,7.038560199737548828e+01
2.731572277843952179e-02,-2.448889166116714478e-01,-4.332835197448730469e+00,7.039085316658020020e+01
2.713856287300586700e-02,-2.449774295091629028e-01,-4.334602355957031250e+00,7.039606308937072754e+01
2.695630490779876709e-02,-2.450103312730789185e-01,-4.336432933807373047e+00,7.040085005760192871e+01
2.673402242362499237e-02,-2.450647652149200439e-01,-4.338298797607421875e+00,7.040577101707458496e+01
2.669491805136203766e-02,-2.450346350669860840e-01,-4.339738845825195312e+00,7.041092705726623535e+01
2.691015973687171936e-02,-2.469879835844039917e-01,-4.341142654418945312e+00,7.041578316688537598e+01
2.660084515810012817e-02,-2.474330365657806396e-01,-4.343010425567626953e+00,7.042093300819396973e+01
2.624764852225780487e-02,-2.479187250137329102e-01,-4.344912052154541016e+00,7.042603111267089844e+01
2.706511691212654114e-02,-2.475242167711257935e-01,-4.344928264617919922e+00,7.043099904060363770e+01
2.707045339047908783e-02,-2.477322965860366821e-01,-4.346198081970214844e+00,7.043590521812438965e+01
2.711688913404941559e-02,-2.479261159896850586e-01,-4.347358226776123047e+00,7.044100308418273926e+01
2.732036449015140533e-02,-2.465092539787292480e-01,-4.349888801574707031e+00,7.044591999053955078e+01
2.714923955500125885e-02,-2.466437518596649170e-01,-4.351412773132324219e+00,7.045092320442199707e+01
2.692737057805061340e-02,-2.467998415231704712e-01,-4.352982997894287109e+00,7.045590209960937500e+01
2.689588442444801331e-02,-2.467762827873229980e-01,-4.354803085327148438e+00,7.046122217178344727e+01
2.673017792403697968e-02,-2.468323856592178345e-01,-4.356584548950195312e+00,7.046591901779174805e+01
2.655787393450737000e-02,-2.468696981668472290e-01,-4.358448028564453125e+00,7.047463011741638184e+01
2.677849866449832916e-02,-2.469422966241836548e-01,-4.360439777374267578e+00,7.047621011734008789e+01
2.849675528705120087e-02,-2.458527088165283203e-01,-4.359206199645996094e+00,7.048101210594177246e+01
2.896557189524173737e-02,-2.458118796348571777e-01,-4.361166000366210938e+00,7.048604822158813477e+01
2.927917987108230591e-02,-2.457462549209594727e-01,-4.362741947174072266e+00,7.049111914634704590e+01
2.979020215570926666e-02,-2.457141727209091187e-01,-4.364539146423339844e+00,7.049636411666870117e+01
3.035454638302326202e-02,-2.456814944744110107e-01,-4.366357803344726562e+00,7.050106310844421387e+01
3.097228705883026123e-02,-2.456413954496383667e-01,-4.368224620819091797e+00,7.050603508949279785e+01
3.100307658314704895e-02,-2.454408258199691772e-01,-4.369393825531005859e+00,7.051106405258178711e+01
2.918757498264312744e-02,-2.460796236991882324e-01,-4.370375156402587891e+00,7.051608610153198242e+01
2.916828356683254242e-02,-2.458626478910446167e-01,-4.371619224548339844e+00,7.052099108695983887e+01
2.890068478882312775e-02,-2.458605766296386719e-01,-4.373243331909179688e+00,7.052625012397766113e+01
2.862984500825405121e-02,-2.457652837038040161e-01,-4.374572753906250000e+00,7.053121519088745117e+01
2.825895510613918304e-02,-2.456689029932022095e-01,-4.375903606414794922e+00,7.053608417510986328e+01
2.795883640646934509e-02,-2.454801052808761597e-01,-4.377246856689453125e+00,7.054105520248413086e+01
2.909004874527454376e-02,-2.476016581058502197e-01,-4.378323078155517578e+00,7.054603910446166992e+01
2.875607460737228394e-02,-2.476853132247924805e-01,-4.379475593566894531e+00,7.055119419097900391e+01
2.905209362506866455e-02,-2.479164749383926392e-01,-4.381013870239257812e+00,7.055658507347106934e+01
2.906338311731815338e-02,-2.481036335229873657e-01,-4.382366180419921875e+00,7.056131219863891602e+01
2.915277332067489624e-02,-2.483024001121520996e-01,-4.383772850036621094e+00,7.056625103950500488e+01
2.890702337026596069e-02,-2.483595013618469238e-01,-4.385405063629150391e+00,7.057122015953063965e+01
2.879226207733154297e-02,-2.484752386808395386e-01,-4.387047290802001953e+00,7.057639408111572266e+01
2.847730927169322968e-02,-2.472210377454757690e-01,-4.388726234436035156e+00,7.058119010925292969e+01
2.823533490300178528e-02,-2.471607476472854614e-01,-4.390563488006591797e+00,7.058624410629272461e+01
2.822444960474967957e-02,-2.471454739570617676e-01,-4.392160415649414062e+00,7.059121203422546387e+01
2.804480306804180145e-02,-2.470878660678863525e-01,-4.393986701965332031e+00,7.059655213356018066e+01
2.786040678620338440e-02,-2.470221072435379028e-01,-4.395839214324951172e+00,7.060118818283081055e+01
2.801820635795593262e-02,-2.469880580902099609e-01,-4.397507190704345703e+00,7.060625004768371582e+01
2.974780090153217316e-02,-2.474973052740097046e-01,-4.397093296051025391e+00,7.061121821403503418e+01
3.018196672201156616e-02,-2.475118935108184814e-01,-4.398593902587890625e+00,7.061661219596862793e+01
3.035568632185459137e-02,-2.474443912506103516e-01,-4.399682521820068359e+00,7.062123107910156250e+01
3.076217137277126312e-02,-2.474231570959091187e-01,-4.400887012481689453e+00,7.062684416770935059e+01
3.120305761694908142e-02,-2.474078536033630371e-01,-4.401990890502929688e+00,7.063135910034179688e+01
3.157433494925498962e-02,-2.476288080215454102e-01,-4.403234004974365234e+00,7.063683319091796875e+01
3.199496492743492126e-02,-2.477868050336837769e-01,-4.404366970062255859e+00,7.064136314392089844e+01
3.039677999913692474e-02,-2.483832538127899170e-01,-4.409008502960205078e+00,7.064665412902832031e+01
3.020168840885162354e-02,-2.483481466770172119e-01,-4.410490989685058594e+00,7.065131402015686035e+01
3.015726618468761444e-02,-2.483999729156494141e-01,-4.411984443664550781e+00,7.065684914588928223e+01
3.004235215485095978e-02,-2.484472095966339111e-01,-4.413454055786132812e+00,7.066161298751831055e+01
2.994341403245925903e-02,-2.485450804233551025e-01,-4.415137290954589844e+00,7.066665506362915039e+01
2.975760586559772491e-02,-2.486129850149154663e-01,-4.416782855987548828e+00,7.067136621475219727e+01
2.918497845530509949e-02,-2.484554499387741089e-01,-4.416934967041015625e+00,7.067676901817321777e+01
2.886778861284255981e-02,-2.484988123178482056e-01,-4.418704986572265625e+00,7.068132305145263672e+01
2.900781296193599701e-02,-2.484680861234664917e-01,-4.420559406280517578e+00,7.068686413764953613e+01
2.888688258826732635e-02,-2.485103607177734375e-01,-4.422433376312255859e+00,7.069131422042846680e+01
2.880020253360271454e-02,-2.485542297363281250e-01,-4.424368858337402344e+00,7.069691610336303711e+01
2.874301560223102570e-02,-2.485601305961608887e-01,-4.426178455352783203e+00,7.070136809349060059e+01
2.871591039001941681e-02,-2.485714107751846313e-01,-4.428057193756103516e+00,7.070663905143737793e+01
2.956812642514705658e-02,-2.485452592372894287e-01,-4.427118301391601562e+00,7.071148204803466797e+01
2.953500859439373016e-02,-2.487780898809432983e-01,-4.428418159484863281e+00,7.071668410301208496e+01
2.957174926996231079e-02,-2.489172369241714478e-01,-4.429772853851318359e+00,7.072149014472961426e+01
2.961143292486667633e-02,-2.490871846675872803e-01,-4.431062221527099609e+00,7.072687411308288574e+01
2.963083982467651367e-02,-2.491263896226882935e-01,-4.432375907897949219e+00,7.073150205612182617e+01
2.966022118926048279e-02,-2.492199987173080444e-01,-4.433629035949707031e+00,7.073723101615905762e+01
2.968557924032211304e-02,-2.493145018815994263e-01,-4.434844970703125000e+00,7.074150300025939941e+01
2.980150096118450165e-02,-2.492177337408065796e-01,-4.438478946685791016e+00,7.074705505371093750e+01
2.983096428215503693e-02,-2.493802756071090698e-01,-4.439961910247802734e+00,7.075133514404296875e+01
2.987824007868766785e-02,-2.495619654655456543e-01,-4.441436767578125000e+00,7.075692701339721680e+01
2.992705628275871277e-02,-2.497985512018203735e-01,-4.442863941192626953e+00,7.076173615455627441e+01
2.998244203627109528e-02,-2.497257441282272339e-01,-4.444300174713134766e+00,7.076688599586486816e+01
3.005062602460384369e-02,-2.497954815626144409e-01,-4.445734500885009766e+00,7.077161502838134766e+01
2.946151420474052429e-02,-2.491491138935089111e-01,-4.446449279785156250e+00,7.077688407897949219e+01
2.936174534261226654e-02,-2.493351250886917114e-01,-4.448091506958007812e+00,7.078157114982604980e+01
2.931353077292442322e-02,-2.494058161973953247e-01,-4.449498653411865234e+00,7.078695917129516602e+01
2.926404401659965515e-02,-2.495112866163253784e-01,-4.450919151306152344e+00,7.079155206680297852e+01
2.925601974129676819e-02,-2.495849430561065674e-01,-4.452368736267089844e+00,7.079704809188842773e+01
2.922716736793518066e-02,-2.496822774410247803e-01,-4.453841686248779297e+00,7.080158901214599609e+01
2.920517139136791229e-02,-2.497881650924682617e-01,-4.455328941345214844e+00,7.080692815780639648e+01
3.012030944228172302e-02,-2.492123097181320190e-01,-4.457015037536621094e+00,7.081157016754150391e+01
3.016118705272674561e-02,-2.491428852081298828e-01,-4.458590984344482422e+00,7.081687307357788086e+01
3.019713796675205231e-02,-2.490635961294174194e-01,-4.460181713104248047e+00,7.082161521911621094e+01
3.032559901475906372e-02,-2.490590214729309082e-01,-4.461585044860839844e+00,7.082684016227722168e+01
3.041953593492507935e-02,-2.490027546882629395e-01,-4.463075637817382812e+00,7.083175420761108398e+01
3.052824735641479492e-02,-2.489447891712188721e-01,-4.464554786682128906e+00,7.083685517311096191e+01
3.065173886716365814e-02,-2.488829195499420166e-01,-4.466016769409179688e+00,7.084170222282409668e+01
3.060153499245643616e-02,-2.501141726970672607e-01,-4.467391967773437500e+00,7.084701609611511230e+01
3.081840462982654572e-02,-2.501769065856933594e-01,-4.468788623809814453e+00,7.085168409347534180e+01
3.106332384049892426e-02,-2.502336800098419189e-01,-4.470177650451660156e+00,7.085670614242553711e+01
3.085103631019592285e-02,-2.503656148910522461e-01,-4.471814155578613281e+00,7.086193799972534180e+01
3.086510114371776581e-02,-2.504529058933258057e-01,-4.473340034484863281e+00,7.086683702468872070e+01
3.083929233253002167e-02,-2.505551874637603760e-01,-4.474880695343017578e+00,7.087548208236694336e+01
3.117507137358188629e-02,-2.505653500556945801e-01,-4.476250648498535156e+00,7.087723016738891602e+01
3.105126507580280304e-02,-2.501789331436157227e-01,-4.478330612182617188e+00,7.088174700736999512e+01
3.142905607819557190e-02,-2.501091957092285156e-01,-4.479775905609130859e+00,7.088702106475830078e+01
3.137241676449775696e-02,-2.502732574939727783e-01,-4.481292247772216797e+00,7.089222121238708496e+01
3.156673163175582886e-02,-2.502987682819366455e-01,-4.482754707336425781e+00,7.089724707603454590e+01
3.174389898777008057e-02,-2.503311634063720703e-01,-4.484209060668945312e+00,7.090181803703308105e+01
3.204455599188804626e-02,-2.502903640270233154e-01,-4.485656738281250000e+00,7.090693616867065430e+01
3.141128644347190857e-02,-2.506034672260284424e-01,-4.486988067626953125e+00,7.091186118125915527e+01
3.162472695112228394e-02,-2.506583034992218018e-01,-4.488453388214111328e+00,7.091686916351318359e+01
3.165474534034729004e-02,-2.506932616233825684e-01,-4.489938259124755859e+00,7.092200803756713867e+01
3.177978843450546265e-02,-2.507309615612030029e-01,-4.491415500640869141e+00,7.092694807052612305e+01
3.188720718026161194e-02,-2.507624924182891846e-01,-4.492902278900146484e+00,7.093204522132873535e+01
3.197703137993812561e-02,-2.507881522178649902e-01,-4.494404792785644531e+00,7.093702220916748047e+01
3.218382596969604492e-02,-2.508266866207122803e-01,-4.495921134948730469e+00,7.094174218177795410e+01
3.267612680792808533e-02,-2.511088848114013672e-01,-4.497450351715087891e+00,7.094725418090820312e+01
3.285448253154754639e-02,-2.511687874794006348e-01,-4.498966217041015625e+00,7.095171117782592773e+01
3.298493102192878723e-02,-2.513333857059478760e-01,-4.500429630279541016e+00,7.095703315734863281e+01
3.314157575368881226e-02,-2.514501214027404785e-01,-4.501930236816406250e+00,7.096209812164306641e+01
3.329864516854286194e-02,-2.515777647495269775e-01,-4.503432750701904297e+00,7.096697211265563965e+01
3.330095484852790833e-02,-2.516372799873352051e-01,-4.504907131195068359e+00,7.097186207771301270e+01
3.332302346825599670e-02,-2.517305314540863037e-01,-4.506392002105712891e+00,7.097701120376586914e+01
3.230366855859756470e-02,-2.513061165809631348e-01,-4.507985591888427734e+00,7.098183202743530273e+01
3.232524916529655457e-02,-2.513312399387359619e-01,-4.509512901306152344e+00,7.098718118667602539e+01
3.222885727882385254e-02,-2.513629794120788574e-01,-4.511017799377441406e+00,7.099200415611267090e+01
3.212222084403038025e-02,-2.514090538024902344e-01,-4.512515068054199219e+00,7.099714303016662598e+01
3.204533457756042480e-02,-2.514934837818145752e-01,-4.514115333557128906e+00,7.100205206871032715e+01
3.196020051836967468e-02,-2.515606880187988281e-01,-4.515697956085205078e+00,7.100700521469116211e+01
3.211105987429618835e-02,-2.515994012355804443e-01,-4.518023490905761719e+00,7.101207613945007324e+01
3.202593326568603516e-02,-2.516189217567443848e-01,-4.519824504852294922e+00,7.101720619201660156e+01
3.168186545372009277e-02,-2.516541182994842529e-01,-4.521817684173583984e+00,7.102201509475708008e+01
3.143106400966644287e-02,-2.516512870788574219e-01,-4.523803234100341797e+00,7.102722907066345215e+01
3.117930889129638672e-02,-2.516272366046905518e-01,-4.525804996490478516e+00,7.103218317031860352e+01
3.154647350311279297e-02,-2.516840100288391113e-01,-4.527557373046875000e+00,7.103722405433654785e+01
3.177967667579650879e-02,-2.517176568508148193e-01,-4.529427051544189453e+00,7.104207420349121094e+01
3.632660210132598877e-02,-2.522712647914886475e-01,-4.528965950012207031e+00,7.104728007316589355e+01
3.663098439574241638e-02,-2.522433400154113770e-01,-4.529646396636962891e+00,7.105220007896423340e+01
3.740086033940315247e-02,-2.522836029529571533e-01,-4.530699729919433594e+00,7.105713415145874023e+01
3.818158805370330811e-02,-2.523205578327178955e-01,-4.531589984893798828e+00,7.106236720085144043e+01
3.888066112995147705e-02,-2.525833547115325928e-01,-4.532651424407958984e+00,7.106727504730224609e+01
3.960627689957618713e-02,-2.527824044227600098e-01,-4.533497810363769531e+00,7.107218003273010254e+01
3.490048646926879883e-02,-2.532411217689514160e-01,-4.535636425018310547e+00,7.107724213600158691e+01
3.501220047473907471e-02,-2.532846629619598389e-01,-4.537108898162841797e+00,7.108216118812561035e+01
3.515001758933067322e-02,-2.534938156604766846e-01,-4.538291931152343750e+00,7.108715200424194336e+01
3.525153920054435730e-02,-2.537025809288024902e-01,-4.539537906646728516e+00,7.109229111671447754e+01
3.531610220670700073e-02,-2.539073228836059570e-01,-4.540851593017578125e+00,7.109715700149536133e+01
3.510153666138648987e-02,-2.541376650333404541e-01,-4.542560577392578125e+00,7.110217809677124023e+01
3.493188321590423584e-02,-2.543773055076599121e-01,-4.544178962707519531e+00,7.110735702514648438e+01
3.403608128428459167e-02,-2.526410520076751709e-01,-4.546233654022216797e+00,7.111232209205627441e+01
3.362893313169479370e-02,-2.526367604732513428e-01,-4.547831058502197266e+00,7.111719703674316406e+01
3.312716633081436157e-02,-2.526979446411132812e-01,-4.549736022949218750e+00,7.112220001220703125e+01
3.255477175116539001e-02,-2.527540326118469238e-01,-4.551713466644287109e+00,7.112734699249267578e+01
3.231083601713180542e-02,-2.527122497558593750e-01,-4.553235530853271484e+00,7.113228201866149902e+01
3.192627057433128357e-02,-2.526754140853881836e-01,-4.554915428161621094e+00,7.113725113868713379e+01
3.158247470855712891e-02,-2.526003718376159668e-01,-4.556536674499511719e+00,7.114228606224060059e+01
3.375837579369544983e-02,-2.521987855434417725e-01,-4.555516719818115234e+00,7.114730000495910645e+01
3.394214436411857605e-02,-2.522368729114532471e-01,-4.556731224060058594e+00,7.115231609344482422e+01
3.422172740101814270e-02,-2.522813379764556885e-01,-4.557911396026611328e+00,7.115732502937316895e+01
3.433607146143913269e-02,-2.521701455116271973e-01,-4.559153079986572266e+00,7.116238403320312500e+01
3.457467630505561829e-02,-2.521418035030364990e-01,-4.560354709625244141e+00,7.116729903221130371e+01
3.482694178819656372e-02,-2.521228194236755371e-01,-4.561560630798339844e+00,7.117239308357238770e+01
3.347356244921684265e-02,-2.534667849540710449e-01,-4.566368103027343750e+00,7.117743706703186035e+01
3.352640196681022644e-02,-2.535060942173004150e-01,-4.567921161651611328e+00,7.118237113952636719e+01
3.357570618391036987e-02,-2.535412907600402832e-01,-4.569485664367675781e+00,7.118750405311584473e+01
3.362628817558288574e-02,-2.536022067070007324e-01,-4.571049213409423828e+00,7.119251298904418945e+01
3.362943977117538452e-02,-2.535336315631866455e-01,-4.572548866271972656e+00,7.119753503799438477e+01
3.363937884569168091e-02,-2.535035312175750732e-01,-4.574140071868896484e+00,7.120237207412719727e+01
3.363585099577903748e-02,-2.534455955028533936e-01,-4.575737476348876953e+00,7.120746111869812012e+01
3.479526564478874207e-02,-2.533369362354278564e-01,-4.575610160827636719e+00,7.121242809295654297e+01
3.508936613798141479e-02,-2.533349096775054932e-01,-4.577189922332763672e+00,7.121751713752746582e+01
3.543328121304512024e-02,-2.533198893070220947e-01,-4.578821659088134766e+00,7.122237920761108398e+01
3.508054092526435852e-02,-2.533022165298461914e-01,-4.580828666687011719e+00,7.122760605812072754e+01
3.505896404385566711e-02,-2.533009946346282959e-01,-4.582728385925292969e+00,7.123243618011474609e+01
3.496432676911354065e-02,-2.532826662063598633e-01,-4.584737300872802734e+00,7.123736810684204102e+01
3.501500561833381653e-02,-2.531825006008148193e-01,-4.586464405059814453e+00,7.124216198921203613e+01
3.304129093885421753e-02,-2.538946270942687988e-01,-4.587481498718261719e+00,7.124743413925170898e+01
3.282142803072929382e-02,-2.538985013961791992e-01,-4.589111804962158203e+00,7.125247001647949219e+01
3.222472220659255981e-02,-2.540355622768402100e-01,-4.590522289276123047e+00,7.125743508338928223e+01
3.173144161701202393e-02,-2.541065514087677002e-01,-4.592017173767089844e+00,7.126254320144653320e+01
3.115163184702396393e-02,-2.542151212692260742e-01,-4.593462467193603516e+00,7.126753020286560059e+01
3.049082867801189423e-02,-2.543243765830993652e-01,-4.594860076904296875e+00,7.127442717552185059e+01
3.328122943639755249e-02,-2.544610798358917236e-01,-4.597202301025390625e+00,7.127751207351684570e+01
3.323584049940109253e-02,-2.546109557151794434e-01,-4.598759174346923828e+00,7.128246903419494629e+01
3.324823826551437378e-02,-2.547841370105743408e-01,-4.600310802459716797e+00,7.128769207000732422e+01
3.333529457449913025e-02,-2.547315359115600586e-01,-4.601727008819580078e+00,7.129266214370727539e+01
3.347371518611907959e-02,-2.547962367534637451e-01,-4.603162765502929688e+00,7.129753112792968750e+01
3.367249667644500732e-02,-2.548389136791229248e-01,-4.604556560516357422e+00,7.130250716209411621e+01
3.368557989597320557e-02,-2.549270093441009521e-01,-4.606043338775634766e+00,7.130751514434814453e+01
3.370535373687744141e-02,-2.548492550849914551e-01,-4.607903480529785156e+00,7.131246399879455566e+01
3.370856493711471558e-02,-2.549285292625427246e-01,-4.609454631805419922e+00,7.131755900382995605e+01
3.361177444458007812e-02,-2.549152076244354248e-01,-4.611123085021972656e+00,7.132253718376159668e+01
3.353672474622726440e-02,-2.549563944339752197e-01,-4.612761974334716797e+00,7.132767009735107422e+01
3.343498334288597107e-02,-2.550049126148223877e-01,-4.614428520202636719e+00,7.133254909515380859e+01
3.327909484505653381e-02,-2.551243901252746582e-01,-4.616095066070556641e+00,7.133760619163513184e+01
3.309985995292663574e-02,-2.552183866500854492e-01,-4.617797851562500000e+00,7.134254121780395508e+01
3.293306380510330200e-02,-2.547186017036437988e-01,-4.618572711944580078e+00,7.134756302833557129e+01
3.267795220017433167e-02,-2.546751499176025391e-01,-4.620307922363281250e+00,7.135254812240600586e+01
3.285101801156997681e-02,-2.546085715293884277e-01,-4.621782302856445312e+00,7.135758709907531738e+01
3.278643637895584106e-02,-2.545465528964996338e-01,-4.623419284820556641e+00,7.136266613006591797e+01
3.275063633918762207e-02,-2.544872164726257324e-01,-4.625047683715820312e+00,7.136770319938659668e+01
3.266327083110809326e-02,-2.545680403709411621e-01,-4.626656532287597656e+00,7.137255120277404785e+01
3.230034187436103821e-02,-2.557092308998107910e-01,-4.628587722778320312e+00,7.137750911712646484e+01
3.222751244902610779e-02,-2.558447122573852539e-01,-4.630158424377441406e+00,7.138269114494323730e+01
3.219769895076751709e-02,-2.559136152267456055e-01,-4.631712913513183594e+00,7.138770008087158203e+01
3.216668590903282166e-02,-2.560269534587860107e-01,-4.633264541625976562e+00,7.139284920692443848e+01
3.215082734823226929e-02,-2.561725080013275146e-01,-4.634797096252441406e+00,7.139770817756652832e+01
3.210938349366188049e-02,-2.563738226890563965e-01,-4.636238574981689453e+00,7.140267419815063477e+01
3.208521381020545959e-02,-2.565613090991973877e-01,-4.637676239013671875e+00,7.140770101547241211e+01
3.213249519467353821e-02,-2.557730674743652344e-01,-4.639376163482666016e+00,7.141267609596252441e+01
3.210264071822166443e-02,-2.556779980659484863e-01,-4.640843391418457031e+00,7.141768217086791992e+01
3.208015859127044678e-02,-2.555789649486541748e-01,-4.642302989959716797e+00,7.142266106605529785e+01
3.206467255949974060e-02,-2.554568350315093994e-01,-4.643740653991699219e+00,7.142806816101074219e+01
3.215678781270980835e-02,-2.554384171962738037e-01,-4.645325660705566406e+00,7.143281722068786621e+01
3.223813325166702271e-02,-2.553747892379760742e-01,-4.646860122680664062e+00,7.143768501281738281e+01
3.224152699112892151e-02,-2.563537061214447021e-01,-4.647839546203613281e+00,7.144267416000366211e+01
3.238140419125556946e-02,-2.564656138420104980e-01,-4.649373531341552734e+00,7.144766712188720703e+01
3.221550956368446350e-02,-2.564444541931152344e-01,-4.650987625122070312e+00,7.145282101631164551e+01
3.223148733377456665e-02,-2.564938664436340332e-01,-4.652593612670898438e+00,7.145790314674377441e+01
3.223441913723945618e-02,-2.565417289733886719e-01,-4.654221534729003906e+00,7.146294307708740234e+01
3.230808675289154053e-02,-2.566518485546112061e-01,-4.655847549438476562e+00,7.146789503097534180e+01
3.235377743840217590e-02,-2.567408382892608643e-01,-4.657505512237548828e+00,7.147283601760864258e+01
3.199676051735877991e-02,-2.564925551414489746e-01,-4.658980846405029297e+00,7.147788310050964355e+01
3.167282417416572571e-02,-2.565050423145294189e-01,-4.660418510437011719e+00,7.148287105560302734e+01
3.149439394474029541e-02,-2.565138936042785645e-01,-4.661984920501708984e+00,7.148796701431274414e+01
3.126111626625061035e-02,-2.565070092678070068e-01,-4.663529396057128906e+00,7.149311304092407227e+01
3.138750419020652771e-02,-2.564768791198730469e-01,-4.664895534515380859e+00,7.149793410301208496e+01
3.139878809452056885e-02,-2.564517557621002197e-01,-4.666264533996582031e+00,7.150283718109130859e+01
3.147228807210922241e-02,-2.564267814159393311e-01,-4.667574882507324219e+00,7.150817298889160156e+01
3.144571185111999512e-02,-2.573540806770324707e-01,-4.669672012329101562e+00,7.151285910606384277e+01
3.145183250308036804e-02,-2.575167119503021240e-01,-4.671016216278076172e+00,7.151800298690795898e+01
3.143822029232978821e-02,-2.576828896999359131e-01,-4.672353744506835938e+00,7.152294301986694336e+01
3.141618147492408752e-02,-2.578991949558258057e-01,-4.673646926879882812e+00,7.152823305130004883e+01
3.129065781831741333e-02,-2.579189538955688477e-01,-4.675185203552246094e+00,7.153295421600341797e+01
3.117490001022815704e-02,-2.580415308475494385e-01,-4.676651954650878906e+00,7.153791904449462891e+01
3.049235232174396515e-02,-2.575204372406005859e-01,-4.677678108215332031e+00,7.154294610023498535e+01
3.049616143107414246e-02,-2.576130628585815430e-01,-4.679304122924804688e+00,7.154790115356445312e+01
3.035937063395977020e-02,-2.576949894428253174e-01,-4.680849552154541016e+00,7.155282115936279297e+01
3.023081831634044647e-02,-2.577826678752899170e-01,-4.682430744171142578e+00,7.155796313285827637e+01
3.009975515305995941e-02,-2.577830553054809570e-01,-4.684046745300292969e+00,7.156309914588928223e+01
2.998021803796291351e-02,-2.577945291996002197e-01,-4.685704708099365234e+00,7.156799912452697754e+01
2.986817061901092529e-02,-2.577827274799346924e-01,-4.687398910522460938e+00,7.157295012474060059e+01
3.110239654779434204e-02,-2.571747303009033203e-01,-4.688896656036376953e+00,7.157796311378479004e+01
3.117950074374675751e-02,-2.571789920330047607e-01,-4.690673828125000000e+00,7.158311700820922852e+01
3.128399327397346497e-02,-2.571918964385986328e-01,-4.692492961883544922e+00,7.158811521530151367e+01
3.120118752121925354e-02,-2.571500539779663086e-01,-4.694254398345947266e+00,7.159318208694458008e+01
3.118500299751758575e-02,-2.571432888507843018e-01,-4.696053981781005859e+00,7.159806299209594727e+01
3.113706968724727631e-02,-2.571257054805755615e-01,-4.697865009307861328e+00,7.160305118560791016e+01
3.131595999002456665e-02,-2.571471035480499268e-01,-4.699479103088378906e+00,7.160847306251525879e+01
3.112177364528179169e-02,-2.583011090755462646e-01,-4.700798034667968750e+00,7.161305713653564453e+01
3.125900402665138245e-02,-2.584163546562194824e-01,-4.702347278594970703e+00,7.161807107925415039e+01
3.145247697830200195e-02,-2.585523724555969238e-01,-4.703837871551513672e+00,7.162304210662841797e+01
3.143772482872009277e-02,-2.586880326271057129e-01,-4.705121040344238281e+00,7.162839102745056152e+01
3.156840056180953979e-02,-2.588305473327636719e-01,-4.706439018249511719e+00,7.163298916816711426e+01
3.170469403266906738e-02,-2.589711546897888184e-01,-4.707698345184326172e+00,7.163805603981018066e+01
3.173065930604934692e-02,-2.590504288673400879e-01,-4.709076404571533203e+00,7.164318418502807617e+01
3.181082010269165039e-02,-2.587861418724060059e-01,-4.710958480834960938e+00,7.164826917648315430e+01
3.177312016487121582e-02,-2.588587403297424316e-01,-4.712286949157714844e+00,7.165327405929565430e+01
3.178837895393371582e-02,-2.589498162269592285e-01,-4.713998794555664062e+00,7.165825510025024414e+01
3.174807876348495483e-02,-2.590281665325164795e-01,-4.715530872344970703e+00,7.166333818435668945e+01
3.169553354382514954e-02,-2.590940892696380615e-01,-4.717108249664306641e+00,7.167352414131164551e+01
3.175111114978790283e-02,-2.591245174407958984e-01,-4.718734264373779297e+00,7.167466902732849121e+01
3.165317326784133911e-02,-2.591755092144012451e-01,-4.720242023468017578e+00,7.167831611633300781e+01
3.173519670963287354e-02,-2.592818737030029297e-01,-4.721973419189453125e+00,7.168325114250183105e+01
3.174686431884765625e-02,-2.593687772750854492e-01,-4.723639965057373047e+00,7.168853116035461426e+01
3.180726617574691772e-02,-2.594944238662719727e-01,-4.725399017333984375e+00,7.169339108467102051e+01
3.186936303973197937e-02,-2.596372365951538086e-01,-4.727200508117675781e+00,7.169830012321472168e+01
3.193348646163940430e-02,-2.597972154617309570e-01,-4.729040145874023438e+00,7.170329308509826660e+01
3.196043521165847778e-02,-2.597370743751525879e-01,-4.730428218841552734e+00,7.170824217796325684e+01
3.196565434336662292e-02,-2.594045698642730713e-01,-4.731217861175537109e+00,7.171327209472656250e+01
3.191682696342468262e-02,-2.593888938426971436e-01,-4.732608795166015625e+00,7.171832513809204102e+01
3.171624243259429932e-02,-2.598195374011993408e-01,-4.734162330627441406e+00,7.172330713272094727e+01
3.156954422593116760e-02,-2.600127458572387695e-01,-4.735595703125000000e+00,7.172856521606445312e+01
3.139436990022659302e-02,-2.602397799491882324e-01,-4.737020015716552734e+00,7.173337006568908691e+01
3.134251758456230164e-02,-2.602035403251647949e-01,-4.738512992858886719e+00,7.173833012580871582e+01
3.124377876520156860e-02,-2.602663338184356689e-01,-4.739967823028564453e+00,7.174339199066162109e+01
3.278924897313117981e-02,-2.600386738777160645e-01,-4.742121219635009766e+00,7.174832916259765625e+01
3.289663046598434448e-02,-2.602521777153015137e-01,-4.743733882904052734e+00,7.175336503982543945e+01
3.299173712730407715e-02,-2.603939473628997803e-01,-4.745272636413574219e+00,7.175864410400390625e+01
3.311278298497200012e-02,-2.605595290660858154e-01,-4.746836185455322266e+00,7.176349020004272461e+01
3.312131017446517944e-02,-2.606343924999237061e-01,-4.748334407806396484e+00,7.176832699775695801e+01
3.317685052752494812e-02,-2.607474029064178467e-01,-4.749860286712646484e+00,7.177334499359130859e+01
3.342663124203681946e-02,-2.600892186164855957e-01,-4.750698566436767578e+00,7.177835416793823242e+01
3.342780843377113342e-02,-2.600219547748565674e-01,-4.752186775207519531e+00,7.178355503082275391e+01
3.334950655698776245e-02,-2.599260807037353516e-01,-4.753788948059082031e+00,7.178847312927246094e+01
3.328642994165420532e-02,-2.598336935043334961e-01,-4.755325317382812500e+00,7.179357719421386719e+01
3.320300951600074768e-02,-2.597296833992004395e-01,-4.756868839263916016e+00,7.179842901229858398e+01
3.315745294094085693e-02,-2.596296370029449463e-01,-4.758521080017089844e+00,7.180342817306518555e+01
3.308085352182388306e-02,-2.595058381557464600e-01,-4.760165691375732422e+00,7.180846714973449707e+01
3.339998424053192139e-02,-2.598548531532287598e-01,-4.762399196624755859e+00,7.181342101097106934e+01
3.340035676956176758e-02,-2.599168717861175537e-01,-4.764117240905761719e+00,7.181842398643493652e+01
3.337123617529869080e-02,-2.598765790462493896e-01,-4.765925884246826172e+00,7.182342720031738281e+01
3.334538638591766357e-02,-2.598702609539031982e-01,-4.767760753631591797e+00,7.182873010635375977e+01
3.330254927277565002e-02,-2.598672509193420410e-01,-4.769415855407714844e+00,7.183343720436096191e+01
3.326991572976112366e-02,-2.598707675933837891e-01,-4.771127700805664062e+00,7.183842611312866211e+01
3.339310735464096069e-02,-2.607429027557373047e-01,-4.772383689880371094e+00,7.184347701072692871e+01
3.313414752483367920e-02,-2.608681321144104004e-01,-4.773799419403076172e+00,7.184846401214599609e+01
3.294920176267623901e-02,-2.609004378318786621e-01,-4.775272369384765625e+00,7.185358405113220215e+01
3.272341936826705933e-02,-2.609398961067199707e-01,-4.776693820953369141e+00,7.185872817039489746e+01
3.270187973976135254e-02,-2.609067857265472412e-01,-4.778183460235595703e+00,7.186400699615478516e+01
3.260277956724166870e-02,-2.609176039695739746e-01,-4.779585838317871094e+00,7.186859202384948730e+01
3.253231570124626160e-02,-2.609217464923858643e-01,-4.780973911285400391e+00,7.187357401847839355e+01
3.343243896961212158e-02,-2.621890008449554443e-01,-4.782162189483642578e+00,7.187861800193786621e+01
3.330192714929580688e-02,-2.624941766262054443e-01,-4.783718109130859375e+00,7.188360905647277832e+01
3.328330442309379578e-02,-2.627309262752532959e-01,-4.785113811492919922e+00,7.188860106468200684e+01
3.326407074928283691e-02,-2.629902362823486328e-01,-4.786525726318359375e+00,7.189379811286926270e+01
3.336711227893829346e-02,-2.630955874919891357e-01,-4.788057804107666016e+00,7.189847421646118164e+01
3.345584869384765625e-02,-2.632454037666320801e-01,-4.789588451385498047e+00,7.190357804298400879e+01
3.358183428645133972e-02,-2.633691132068634033e-01,-4.791162967681884766e+00,7.190857720375061035e+01
3.437427431344985962e-02,-2.614706456661224365e-01,-4.792692184448242188e+00,7.191357707977294922e+01
3.460238128900527954e-02,-2.614906132221221924e-01,-4.794274806976318359e+00,7.191873908042907715e+01
3.485568985342979431e-02,-2.615137398242950439e-01,-4.795866489410400391e+00,7.192383718490600586e+01
3.487950563430786133e-02,-2.614686191082000732e-01,-4.797339916229248047e+00,7.192894816398620605e+01
3.496882691979408264e-02,-2.614504396915435791e-01,-4.798848628997802734e+00,7.193370103836059570e+01
3.501245006918907166e-02,-2.614264488220214844e-01,-4.800331115722656250e+00,7.193876814842224121e+01
3.423261642456054688e-02,-2.619494497776031494e-01,-4.802137374877929688e+00,7.194375514984130859e+01
3.425419703125953674e-02,-2.619808912277221680e-01,-4.803494453430175781e+00,7.194877314567565918e+01
3.429390117526054382e-02,-2.620229423046112061e-01,-4.804805278778076172e+00,7.195374798774719238e+01
3.435212001204490662e-02,-2.620799243450164795e-01,-4.806062221527099609e+00,7.195898199081420898e+01
3.413480147719383240e-02,-2.622332870960235596e-01,-4.807492733001708984e+00,7.196386408805847168e+01
3.402746468782424927e-02,-2.623396515846252441e-01,-4.808809757232666016e+00,7.196878814697265625e+01
3.388021513819694519e-02,-2.624460756778717041e-01,-4.810157775878906250e+00,7.197375607490539551e+01
3.373434767127037048e-02,-2.627443075180053711e-01,-4.812423229217529297e+00,7.197874712944030762e+01
3.357530385255813599e-02,-2.628080546855926514e-01,-4.813827991485595703e+00,7.198391318321228027e+01
3.341411799192428589e-02,-2.628534436225891113e-01,-4.815221309661865234e+00,7.198888611793518066e+01
3.320266678929328918e-02,-2.630022466182708740e-01,-4.816817760467529297e+00,7.199397420883178711e+01
3.299855068325996399e-02,-2.630764245986938477e-01,-4.818329811096191406e+00,7.199890112876892090e+01
3.278059884905815125e-02,-2.631330490112304688e-01,-4.819875240325927734e+00,7.200384807586669922e+01
3.269283846020698547e-02,-2.631136476993560791e-01,-4.821461200714111328e+00,7.200891304016113281e+01
3.419325500726699829e-02,-2.628333270549774170e-01,-4.822630882263183594e+00,7.201383614540100098e+01
3.422059863805770874e-02,-2.629197239875793457e-01,-4.824238777160644531e+00,7.201904702186584473e+01
3.424594178795814514e-02,-2.630104422569274902e-01,-4.825921058654785156e+00,7.202396512031555176e+01
3.430793806910514832e-02,-2.631238102912902832e-01,-4.827603340148925781e+00,7.202918004989624023e+01
3.438367694616317749e-02,-2.632228732109069824e-01,-4.829333305358886719e+00,7.203384709358215332e+01
3.447736054658889771e-02,-2.633087635040283203e-01,-4.831101894378662109e+00,7.203880810737609863e+01
3.451636061072349548e-02,-2.634006440639495850e-01,-4.832502365112304688e+00,7.204380011558532715e+01
3.496510535478591919e-02,-2.628676593303680420e-01,-4.833136081695556641e+00,7.204881620407104492e+01
3.506695851683616638e-02,-2.628308236598968506e-01,-4.834500789642333984e+00,7.205395007133483887e+01
3.531141206622123718e-02,-2.629191875457763672e-01,-4.835505485534667969e+00,7.205919909477233887e+01
3.550481796264648438e-02,-2.629321217536926270e-01,-4.836612224578857422e+00,7.206406307220458984e+01
3.572627529501914978e-02,-2.629415392875671387e-01,-4.837635517120361328e+00,7.206904006004333496e+01
3.580692410469055176e-02,-2.630123794078826904e-01,-4.838939666748046875e+00,7.207604217529296875e+01
3.505618125200271606e-02,-2.641025483608245850e-01,-4.841951370239257812e+00,7.207887506484985352e+01
3.504606708884239197e-02,-2.643812000751495361e-01,-4.843317031860351562e+00,7.208405709266662598e+01
3.491924330592155457e-02,-2.643829286098480225e-01,-4.844954013824462891e+00,7.208901810646057129e+01
3.480195626616477966e-02,-2.645406424999237061e-01,-4.846496105194091797e+00,7.209463119506835938e+01
3.464488685131072998e-02,-2.646941244602203369e-01,-4.848084926605224609e+00,7.209902906417846680e+01
3.471117094159126282e-02,-2.648874819278717041e-01,-4.849649906158447266e+00,7.210406804084777832e+01
3.470329567790031433e-02,-2.650471031665802002e-01,-4.851277828216552734e+00,7.210901713371276855e+01
3.516421467065811157e-02,-2.633550763130187988e-01,-4.852449893951416016e+00,7.211400604248046875e+01
3.520090132951736450e-02,-2.633700668811798096e-01,-4.853916168212890625e+00,7.211937808990478516e+01
3.530900180339813232e-02,-2.633109092712402344e-01,-4.855501651763916016e+00,7.212417006492614746e+01
3.543960303068161011e-02,-2.632636725902557373e-01,-4.857050418853759766e+00,7.212918710708618164e+01
3.558987006545066833e-02,-2.632285058498382568e-01,-4.858575820922851562e+00,7.213405609130859375e+01
3.566063940525054932e-02,-2.631753385066986084e-01,-4.860034465789794922e+00,7.213908410072326660e+01
3.529236838221549988e-02,-2.640746235847473145e-01,-4.861326694488525391e+00,7.214413499832153320e+01
3.533545881509780884e-02,-2.641403973102569580e-01,-4.862720012664794922e+00,7.214915919303894043e+01
3.529979288578033447e-02,-2.643214762210845947e-01,-4.864426136016845703e+00,7.215410399436950684e+01
3.529500588774681091e-02,-2.644496560096740723e-01,-4.865963935852050781e+00,7.215924310684204102e+01
3.527791798114776611e-02,-2.645956277847290039e-01,-4.867519378662109375e+00,7.216426515579223633e+01
3.540554642677307129e-02,-2.647122144699096680e-01,-4.868999004364013672e+00,7.216916108131408691e+01
3.549831360578536987e-02,-2.648592889308929443e-01,-4.870513916015625000e+00,7.217413520812988281e+01
3.625775128602981567e-02,-2.649998068809509277e-01,-4.872196674346923828e+00,7.217916607856750488e+01
3.622601181268692017e-02,-2.649087607860565186e-01,-4.873692989349365234e+00,7.218448710441589355e+01
3.630808740854263306e-02,-2.649335861206054688e-01,-4.875199794769287109e+00,7.218921518325805664e+01
3.637090325355529785e-02,-2.649255394935607910e-01,-4.876699447631835938e+00,7.219433403015136719e+01
3.657886385917663574e-02,-2.650649249553680420e-01,-4.878157138824462891e+00,7.219925212860107422e+01
3.674471750855445862e-02,-2.651312053203582764e-01,-4.879618644714355469e+00,7.220429110527038574e+01
3.693832084536552429e-02,-2.652004659175872803e-01,-4.881072044372558594e+00,7.220923805236816406e+01
3.688658401370048523e-02,-2.651834487915039062e-01,-4.882054328918457031e+00,7.221425509452819824e+01
3.632713109254837036e-02,-2.651195824146270752e-01,-4.883919715881347656e+00,7.221924519538879395e+01
3.612646833062171936e-02,-2.651921510696411133e-01,-4.885554313659667969e+00,7.222429203987121582e+01
3.583193942904472351e-02,-2.652850151062011719e-01,-4.887235641479492188e+00,7.222949218750000000e+01
3.604546189308166504e-02,-2.656406760215759277e-01,-4.888934135437011719e+00,7.223420810699462891e+01
3.609994798898696899e-02,-2.659355998039245605e-01,-4.890672683715820312e+00,7.223923420906066895e+01
3.819913789629936218e-02,-2.655585408210754395e-01,-4.891985893249511719e+00,7.224425601959228516e+01
3.829665109515190125e-02,-2.653644084930419922e-01,-4.893218040466308594e+00,7.224926209449768066e+01
3.863526880741119385e-02,-2.653323709964752197e-01,-4.894727706909179688e+00,7.225425505638122559e+01
3.898349776864051819e-02,-2.652758657932281494e-01,-4.896198272705078125e+00,7.225957417488098145e+01
3.934225812554359436e-02,-2.654331326484680176e-01,-4.897497653961181641e+00,7.226442003250122070e+01
3.971542790532112122e-02,-2.654867470264434814e-01,-4.898766040802001953e+00,7.226939415931701660e+01
4.010269418358802795e-02,-2.655280828475952148e-01,-4.899953842163085938e+00,7.227432203292846680e+01
3.852483630180358887e-02,-2.659707963466644287e-01,-4.902571678161621094e+00,7.227940702438354492e+01
3.854076936841011047e-02,-2.660179138183593750e-01,-4.904012203216552734e+00,7.228434801101684570e+01
3.850214555859565735e-02,-2.660519480705261230e-01,-4.905452251434326172e+00,7.228938508033752441e+01
3.840190172195434570e-02,-2.660963833332061768e-01,-4.906916141510009766e+00,7.229459500312805176e+01
3.840400651097297668e-02,-2.661441266536712646e-01,-4.908541679382324219e+00,7.229940605163574219e+01
3.830419853329658508e-02,-2.661958038806915283e-01,-4.910164356231689453e+00,7.230440902709960938e+01
3.781355544924736023e-02,-2.664307653903961182e-01,-4.910576343536376953e+00,7.230919218063354492e+01
3.795291483402252197e-02,-2.665025591850280762e-01,-4.912230014801025391e+00,7.231432700157165527e+01
3.793377801775932312e-02,-2.666139602661132812e-01,-4.913946151733398438e+00,7.231961703300476074e+01
3.794343024492263794e-02,-2.667079865932464600e-01,-4.915711879730224609e+00,7.232449817657470703e+01
3.796860203146934509e-02,-2.667633295059204102e-01,-4.917345523834228516e+00,7.232947516441345215e+01
3.801906108856201172e-02,-2.668232619762420654e-01,-4.919061183929443359e+00,7.233433008193969727e+01
3.809214383363723755e-02,-2.668780386447906494e-01,-4.920792102813720703e+00,7.233949804306030273e+01
3.866445273160934448e-02,-2.660752832889556885e-01,-4.920996189117431641e+00,7.234449720382690430e+01
3.873566165566444397e-02,-2.660830020904541016e-01,-4.922308444976806641e+00,7.234953618049621582e+01
3.880343586206436157e-02,-2.660999000072479248e-01,-4.923555374145507812e+00,7.235447502136230469e+01
3.852884843945503235e-02,-2.661898434162139893e-01,-4.925172805786132812e+00,7.235960602760314941e+01
3.837187588214874268e-02,-2.662188112735748291e-01,-4.926593780517578125e+00,7.236464715003967285e+01
3.814548999071121216e-02,-2.662761509418487549e-01,-4.928013324737548828e+00,7.236950922012329102e+01
3.847191110253334045e-02,-2.662699818611145020e-01,-4.929324626922607422e+00,7.237473821640014648e+01
3.925410285592079163e-02,-2.675369381904602051e-01,-4.932087421417236328e+00,7.237954306602478027e+01
3.968022763729095459e-02,-2.677115499973297119e-01,-4.933571338653564453e+00,7.238453006744384766e+01
4.020719602704048157e-02,-2.678943872451782227e-01,-4.935046672821044922e+00,7.238963603973388672e+01
4.013494774699211121e-02,-2.681233286857604980e-01,-4.936531543731689453e+00,7.239464402198791504e+01
4.047937691211700439e-02,-2.683215141296386719e-01,-4.937980651855468750e+00,7.239961314201354980e+01
4.082255810499191284e-02,-2.684944272041320801e-01,-4.939435005187988281e+00,7.240460014343261719e+01
4.098398238420486450e-02,-2.686775624752044678e-01,-4.941011905670166016e+00,7.240965509414672852e+01
3.923401609063148499e-02,-2.674758732318878174e-01,-4.942208766937255859e+00,7.241459417343139648e+01
3.912634775042533875e-02,-2.677088975906372070e-01,-4.943766117095947266e+00,7.241963505744934082e+01
3.940023481845855713e-02,-2.675925493240356445e-01,-4.945310592651367188e+00,7.242464113235473633e+01
3.946948423981666565e-02,-2.676618695259094238e-01,-4.946880817413330078e+00,7.242971110343933105e+01
3.956591710448265076e-02,-2.677083313465118408e-01,-4.948451042175292969e+00,7.243453502655029297e+01
3.960306569933891296e-02,-2.678662240505218506e-01,-4.949983119964599609e+00,7.243965005874633789e+01
3.967909514904022217e-02,-2.679672539234161377e-01,-4.951542377471923828e+00,7.244464612007141113e+01
4.076583683490753174e-02,-2.676807343959808350e-01,-4.951886653900146484e+00,7.244972014427185059e+01
4.060896486043930054e-02,-2.676826417446136475e-01,-4.953338623046875000e+00,7.245463299751281738e+01
4.055181145668029785e-02,-2.677289247512817383e-01,-4.954794406890869141e+00,7.245989799499511719e+01
4.043943434953689575e-02,-2.677637338638305664e-01,-4.956270217895507812e+00,7.246478104591369629e+01
4.026991501450538635e-02,-2.677565217018127441e-01,-4.957756519317626953e+00,7.247476720809936523e+01
4.043741151690483093e-02,-2.679841518402099609e-01,-4.959241390228271484e+00,7.247566699981689453e+01
4.141842201352119446e-02,-2.679434418678283691e-01,-4.961567878723144531e+00,7.247978115081787109e+01
4.155081883072853088e-02,-2.679956555366516113e-01,-4.963119029998779297e+00,7.248476219177246094e+01
4.172320663928985596e-02,-2.679159641265869141e-01,-4.964403629302978516e+00,7.249012017250061035e+01
4.191402345895767212e-02,-2.679038643836975098e-01,-4.965816974639892578e+00,7.249509811401367188e+01
4.213275760412216187e-02,-2.678679227828979492e-01,-4.967189788818359375e+00,7.249977707862854004e+01
4.215476289391517639e-02,-2.678781449794769287e-01,-4.968606472015380859e+00,7.250476503372192383e+01
4.223261028528213501e-02,-2.678619921207427979e-01,-4.969981670379638672e+00,7.250977921485900879e+01
4.098488390445709229e-02,-2.685086429119110107e-01,-4.970931529998779297e+00,7.251473522186279297e+01
4.124256595969200134e-02,-2.686170041561126709e-01,-4.972290039062500000e+00,7.251996612548828125e+01
4.132287949323654175e-02,-2.687655687332153320e-01,-4.973630428314208984e+00,7.252486419677734375e+01
4.144144803285598755e-02,-2.689468562602996826e-01,-4.974965095520019531e+00,7.252995705604553223e+01
4.128866642713546753e-02,-2.690228819847106934e-01,-4.976255416870117188e+00,7.253482818603515625e+01
4.121997207403182983e-02,-2.691283822059631348e-01,-4.977542877197265625e+00,7.253997802734375000e+01
4.136449471116065979e-02,-2.682034969329833984e-01,-4.979241371154785156e+00,7.254479503631591797e+01
4.117335751652717590e-02,-2.680242359638214111e-01,-4.980556964874267578e+00,7.254996418952941895e+01
4.140314459800720215e-02,-2.682032585144042969e-01,-4.982100963592529297e+00,7.255479311943054199e+01
4.138234630227088928e-02,-2.681715190410614014e-01,-4.983530998229980469e+00,7.256006217002868652e+01
4.137154668569564819e-02,-2.681484520435333252e-01,-4.984995841979980469e+00,7.256498122215270996e+01
4.135430976748466492e-02,-2.680760920047760010e-01,-4.986661911010742188e+00,7.256993913650512695e+01
4.136298224329948425e-02,-2.680282890796661377e-01,-4.988311767578125000e+00,7.257484507560729980e+01
4.103168100118637085e-02,-2.690366208553314209e-01,-4.989912509918212891e+00,7.257982611656188965e+01
4.110927507281303406e-02,-2.690230607986450195e-01,-4.991485595703125000e+00,7.258498907089233398e+01
4.114199057221412659e-02,-2.690597474575042725e-01,-4.993196487426757812e+00,7.258998513221740723e+01
4.121319204568862915e-02,-2.691077888011932373e-01,-4.994943618774414062e+00,7.259524011611938477e+01
4.131374508142471313e-02,-2.691683173179626465e-01,-4.996643066406250000e+00,7.259990000724792480e+01
4.144695401191711426e-02,-2.692263722419738770e-01,-4.998372554779052734e+00,7.260498309135437012e+01
4.358165711164474487e-02,-2.689622938632965088e-01,-4.999356269836425781e+00,7.260999608039855957e+01
4.321549460291862488e-02,-2.689438164234161377e-01,-5.000938892364501953e+00,7.261494708061218262e+01
4.310424253344535828e-02,-2.687918245792388916e-01,-5.002621173858642578e+00,7.262004709243774414e+01
4.289813339710235596e-02,-2.685900926589965820e-01,-5.004272460937500000e+00,7.262506699562072754e+01
4.296966269612312317e-02,-2.683659791946411133e-01,-5.005692005157470703e+00,7.263037800788879395e+01
4.288513958454132080e-02,-2.681418657302856445e-01,-5.007126808166503906e+00,7.263489413261413574e+01
4.280306398868560791e-02,-2.679137587547302246e-01,-5.008487224578857422e+00,7.264006114006042480e+01
4.267297312617301941e-02,-2.700480222702026367e-01,-5.009345054626464844e+00,7.264497208595275879e+01
4.249227419495582581e-02,-2.701322138309478760e-01,-5.010802268981933594e+00,7.265009903907775879e+01
4.237731918692588806e-02,-2.702111005783081055e-01,-5.012044429779052734e+00,7.265510320663452148e+01
4.224525019526481628e-02,-2.702964544296264648e-01,-5.013287544250488281e+00,7.266044712066650391e+01
4.202672094106674194e-02,-2.703998088836669922e-01,-5.014700412750244141e+00,7.266512298583984375e+01
4.179738089442253113e-02,-2.704913914203643799e-01,-5.016075611114501953e+00,7.267009019851684570e+01
4.153671115636825562e-02,-2.705747485160827637e-01,-5.017484664916992188e+00,7.267510509490966797e+01
4.125371202826499939e-02,-2.702924013137817383e-01,-5.019521236419677734e+00,7.268019819259643555e+01
4.108043387532234192e-02,-2.702581584453582764e-01,-5.021030426025390625e+00,7.268507409095764160e+01
4.093014076352119446e-02,-2.701911032199859619e-01,-5.022568225860595703e+00,7.268999814987182617e+01
4.079337790608406067e-02,-2.702417671680450439e-01,-5.024174213409423828e+00,7.269521498680114746e+01
4.068057984113693237e-02,-2.702452242374420166e-01,-5.025805950164794922e+00,7.270019912719726562e+01
4.058542102575302124e-02,-2.702697217464447021e-01,-5.027485370635986328e+00,7.270510315895080566e+01
4.214571043848991394e-02,-2.704013586044311523e-01,-5.028733253479003906e+00,7.271015620231628418e+01
4.229060187935829163e-02,-2.704173922538757324e-01,-5.030282020568847656e+00,7.271510910987854004e+01
4.248599708080291748e-02,-2.704227268695831299e-01,-5.031796932220458984e+00,7.272016620635986328e+01
4.272006824612617493e-02,-2.704458236694335938e-01,-5.033281326293945312e+00,7.272525310516357422e+01
4.263591021299362183e-02,-2.705910801887512207e-01,-5.034761905670166016e+00,7.273030805587768555e+01
4.272644966840744019e-02,-2.706611752510070801e-01,-5.036219596862792969e+00,7.273504114151000977e+01
4.279301315546035767e-02,-2.707462608814239502e-01,-5.037653923034667969e+00,7.274032211303710938e+01
4.149378091096878052e-02,-2.717124521732330322e-01,-5.039762496948242188e+00,7.274517512321472168e+01
4.152541980147361755e-02,-2.718329131603240967e-01,-5.041185855865478516e+00,7.275025320053100586e+01
4.157628864049911499e-02,-2.719478309154510498e-01,-5.042587757110595703e+00,7.275517416000366211e+01
4.146210104227066040e-02,-2.721745669841766357e-01,-5.044113159179687500e+00,7.276040410995483398e+01
4.143193364143371582e-02,-2.723385095596313477e-01,-5.045571327209472656e+00,7.276516914367675781e+01
4.138695076107978821e-02,-2.725212275981903076e-01,-5.047028064727783203e+00,7.277025413513183594e+01
4.141540825366973877e-02,-2.726862728595733643e-01,-5.048525333404541016e+00,7.277517509460449219e+01
4.171977192163467407e-02,-2.713317573070526123e-01,-5.050015926361083984e+00,7.278029704093933105e+01
4.174286872148513794e-02,-2.713519930839538574e-01,-5.051597118377685547e+00,7.278518509864807129e+01
4.141265898942947388e-02,-2.713904380798339844e-01,-5.053291797637939453e+00,7.279025506973266602e+01
4.121936485171318054e-02,-2.713991403579711914e-01,-5.054975986480712891e+00,7.279545521736145020e+01
4.096545279026031494e-02,-2.714120745658874512e-01,-5.056699275970458984e+00,7.280017399787902832e+01
4.065101593732833862e-02,-2.714348137378692627e-01,-5.058448314666748047e+00,7.280525898933410645e+01
4.145343601703643799e-02,-2.718956470489501953e-01,-5.058552265167236328e+00,7.281037211418151855e+01
4.134724289178848267e-02,-2.720163166522979736e-01,-5.060006141662597656e+00,7.281524920463562012e+01
4.124806821346282959e-02,-2.721460759639739990e-01,-5.061424732208251953e+00,7.282033801078796387e+01
4.110380634665489197e-02,-2.722719609737396240e-01,-5.062757015228271484e+00,7.282548999786376953e+01
4.098766297101974487e-02,-2.724033594131469727e-01,-5.064089298248291016e+00,7.283045601844787598e+01
4.086954891681671143e-02,-2.725369036197662354e-01,-5.065383434295654297e+00,7.283522105216979980e+01
4.086615517735481262e-02,-2.726707756519317627e-01,-5.066762924194335938e+00,7.284037399291992188e+01
4.080720245838165283e-02,-2.723036408424377441e-01,-5.069738864898681641e+00,7.284529399871826172e+01
4.084330052137374878e-02,-2.724242806434631348e-01,-5.071266174316406250e+00,7.285020017623901367e+01
4.082999750971794128e-02,-2.724103629589080811e-01,-5.072889804840087891e+00,7.285526704788208008e+01
4.087677597999572754e-02,-2.724542319774627686e-01,-5.074485301971435547e+00,7.286065912246704102e+01
4.093921557068824768e-02,-2.724770605564117432e-01,-5.076103210449218750e+00,7.286539316177368164e+01
4.103940352797508240e-02,-2.725797295570373535e-01,-5.077691555023193359e+00,7.287502002716064453e+01
4.115306213498115540e-02,-2.726534008979797363e-01,-5.079304695129394531e+00,7.287584209442138672e+01
4.108156263828277588e-02,-2.722695767879486084e-01,-5.079907417297363281e+00,7.288052511215209961e+01
4.081429168581962585e-02,-2.722864747047424316e-01,-5.081457614898681641e+00,7.288567614555358887e+01
4.069929197430610657e-02,-2.723436057567596436e-01,-5.083017349243164062e+00,7.289061117172241211e+01
4.052937775850296021e-02,-2.724375128746032715e-01,-5.084572315216064453e+00,7.289559006690979004e+01
4.030142351984977722e-02,-2.725638449192047119e-01,-5.086141109466552734e+00,7.290049505233764648e+01
4.036012664437294006e-02,-2.725861668586730957e-01,-5.087635993957519531e+00,7.290543198585510254e+01
4.034707695245742798e-02,-2.733518481254577637e-01,-5.089128017425537109e+00,7.291039609909057617e+01
4.029269516468048096e-02,-2.735628187656402588e-01,-5.090603828430175781e+00,7.291541099548339844e+01
4.003738984465599060e-02,-2.736291587352752686e-01,-5.092103481292724609e+00,7.292050719261169434e+01
3.987132012844085693e-02,-2.737745642662048340e-01,-5.093595027923583984e+00,7.292569613456726074e+01
3.968176990747451782e-02,-2.739208638668060303e-01,-5.095092296600341797e+00,7.293065500259399414e+01
3.955959156155586243e-02,-2.741229832172393799e-01,-5.096657752990722656e+00,7.293546819686889648e+01
3.939944878220558167e-02,-2.742985188961029053e-01,-5.098212718963623047e+00,7.294064712524414062e+01
3.970086947083473206e-02,-2.728177607059478760e-01,-5.099906444549560547e+00,7.294554615020751953e+01
3.972724452614784241e-02,-2.726816833019256592e-01,-5.101529598236083984e+00,7.295058608055114746e+01
3.971709311008453369e-02,-2.725569009780883789e-01,-5.103147506713867188e+00,7.295562410354614258e+01
3.973467275500297546e-02,-2.723952829837799072e-01,-5.104785919189453125e+00,7.296089911460876465e+01
3.950371965765953064e-02,-2.724006474018096924e-01,-5.106451511383056641e+00,7.296562719345092773e+01
3.933650255203247070e-02,-2.723389565944671631e-01,-5.108152866363525391e+00,7.297064900398254395e+01
3.912883251905441284e-02,-2.722636461257934570e-01,-5.109889030456542969e+00,7.297561216354370117e+01
3.866541013121604919e-02,-2.741115391254425049e-01,-5.111238479614257812e+00,7.298059821128845215e+01
3.918003663420677185e-02,-2.742131352424621582e-01,-5.112802028656005859e+00,7.298557806015014648e+01
3.927607834339141846e-02,-2.744208574295043945e-01,-5.114420890808105469e+00,7.299054408073425293e+01
3.945581614971160889e-02,-2.746370732784271240e-01,-5.116010665893554688e+00,7.299561619758605957e+01
3.945486992597579956e-02,-2.748850882053375244e-01,-5.117296695709228516e+00,7.300063514709472656e+01
3.957176581025123596e-02,-2.751372754573822021e-01,-5.118628978729248047e+00,7.300566911697387695e+01
3.981110826134681702e-02,-2.743003070354461670e-01,-5.120272636413574219e+00,7.301065707206726074e+01
3.987431526184082031e-02,-2.744199335575103760e-01,-5.121489048004150391e+00,7.301575613021850586e+01
3.995196521282196045e-02,-2.745482027530670166e-01,-5.122623920440673828e+00,7.302071714401245117e+01
4.003132879734039307e-02,-2.746697068214416504e-01,-5.123688220977783203e+00,7.302589511871337891e+01
3.998511284589767456e-02,-2.747588455677032471e-01,-5.125011444091796875e+00,7.303070616722106934e+01
3.995567932724952698e-02,-2.748695015907287598e-01,-5.126216888427734375e+00,7.303576421737670898e+01
3.988822177052497864e-02,-2.749771773815155029e-01,-5.127450942993164062e+00,7.304070711135864258e+01
3.937699645757675171e-02,-2.743476927280426025e-01,-5.130416393280029297e+00,7.304577207565307617e+01
3.911128640174865723e-02,-2.743637859821319580e-01,-5.131966114044189453e+00,7.305070614814758301e+01
3.878407552838325500e-02,-2.743619382381439209e-01,-5.133592605590820312e+00,7.305590200424194336e+01
3.839641064405441284e-02,-2.743401825428009033e-01,-5.135302543640136719e+00,7.306092810630798340e+01
3.826368972659111023e-02,-2.743902802467346191e-01,-5.137037277221679688e+00,7.306589007377624512e+01
3.797355666756629944e-02,-2.744025290012359619e-01,-5.138844966888427734e+00,7.307086300849914551e+01
3.919679671525955200e-02,-2.743905186653137207e-01,-5.139542102813720703e+00,7.307589602470397949e+01
3.918794542551040649e-02,-2.744279503822326660e-01,-5.141220092773437500e+00,7.308087015151977539e+01
3.913505375385284424e-02,-2.744661569595336914e-01,-5.143056392669677734e+00,7.308590221405029297e+01
3.910120204091072083e-02,-2.745110988616943359e-01,-5.144927978515625000e+00,7.309088611602783203e+01
3.911526501178741455e-02,-2.745789587497711182e-01,-5.146598815917968750e+00,7.309606599807739258e+01
3.914777189493179321e-02,-2.746364772319793701e-01,-5.148342132568359375e+00,7.310088515281677246e+01
3.921091556549072266e-02,-2.746987640857696533e-01,-5.150053501129150391e+00,7.310579705238342285e+01
3.893057256937026978e-02,-2.750857472419738770e-01,-5.150485515594482422e+00,7.311087107658386230e+01
3.888102620840072632e-02,-2.751964330673217773e-01,-5.151945114135742188e+00,7.311588716506958008e+01
3.882135078310966492e-02,-2.753180563449859619e-01,-5.153343677520751953e+00,7.312090015411376953e+01
3.880311921238899231e-02,-2.752904593944549561e-01,-5.154588699340820312e+00,7.312616801261901855e+01
3.876625001430511475e-02,-2.753228247165679932e-01,-5.155805110931396484e+00,7.313087320327758789e+01
3.872807323932647705e-02,-2.753287255764007568e-01,-5.156954288482666016e+00,7.313564801216125488e+01
3.889087215065956116e-02,-2.755259573459625244e-01,-5.158262729644775391e+00,7.314126706123352051e+01
3.892744705080986023e-02,-2.757809460163116455e-01,-5.161008834838867188e+00,7.314595198631286621e+01
3.915227577090263367e-02,-2.759764194488525391e-01,-5.162366390228271484e+00,7.315099811553955078e+01
3.942332416772842407e-02,-2.761988639831542969e-01,-5.163739204406738281e+00,7.315606021881103516e+01
3.870856016874313354e-02,-2.761274576187133789e-01,-5.165599346160888672e+00,7.316115212440490723e+01
3.850286081433296204e-02,-2.761899530887603760e-01,-5.167261123657226562e+00,7.316598916053771973e+01
3.819144144654273987e-02,-2.762263417243957520e-01,-5.169021129608154297e+00,7.317100405693054199e+01
3.827943280339241028e-02,-2.762811183929443359e-01,-5.170705795288085938e+00,7.317603802680969238e+01
3.752982616424560547e-02,-2.756965756416320801e-01,-5.171254158020019531e+00,7.318104910850524902e+01
3.752928972244262695e-02,-2.757382690906524658e-01,-5.172831058502197266e+00,7.318592500686645508e+01
3.718052431941032410e-02,-2.757311761379241943e-01,-5.174480438232421875e+00,7.319116401672363281e+01
3.701875358819961548e-02,-2.757281363010406494e-01,-5.176135540008544922e+00,7.319618916511535645e+01
3.683295100927352905e-02,-2.757079601287841797e-01,-5.177811145782470703e+00,7.320114207267761230e+01
3.679797053337097168e-02,-2.757107615470886230e-01,-5.179378032684326172e+00,7.320613121986389160e+01
3.725638240575790405e-02,-2.753420770168304443e-01,-5.181189060211181641e+00,7.321114420890808105e+01
3.720717132091522217e-02,-2.753305435180664062e-01,-5.182821273803710938e+00,7.321610999107360840e+01
3.715394064784049988e-02,-2.753144204616546631e-01,-5.184417724609375000e+00,7.322126817703247070e+01
3.713318333029747009e-02,-2.753054499626159668e-01,-5.186022758483886719e+00,7.322678208351135254e+01
3.713260591030120850e-02,-2.753039896488189697e-01,-5.187611103057861328e+00,7.323110914230346680e+01
3.715328872203826904e-02,-2.753297984600067139e-01,-5.189171314239501953e+00,7.323612809181213379e+01
3.686622530221939087e-02,-2.753562629222869873e-01,-5.190780162811279297e+00,7.324113917350769043e+01
3.715300559997558594e-02,-2.769055962562561035e-01,-5.192258834838867188e+00,7.324605011940002441e+01
3.692192584276199341e-02,-2.771052718162536621e-01,-5.193737030029296875e+00,7.325112104415893555e+01
3.702995181083679199e-02,-2.770778238773345947e-01,-5.194967746734619141e+00,7.325612115859985352e+01
3.693608194589614868e-02,-2.771835625171661377e-01,-5.196288585662841797e+00,7.326140117645263672e+01
3.686019778251647949e-02,-2.772764861583709717e-01,-5.197568893432617188e+00,7.326599001884460449e+01
3.681545704603195190e-02,-2.775009274482727051e-01,-5.199002265930175781e+00,7.327282214164733887e+01
3.809316828846931458e-02,-2.770325541496276855e-01,-5.200772762298583984e+00,7.327616500854492188e+01
3.819825872778892517e-02,-2.771893739700317383e-01,-5.202152729034423828e+00,7.328130102157592773e+01
3.819119185209274292e-02,-2.769798040390014648e-01,-5.203797817230224609e+00,7.328671121597290039e+01
3.825041651725769043e-02,-2.769383192062377930e-01,-5.205343723297119141e+00,7.329123520851135254e+01
3.830683976411819458e-02,-2.768480181694030762e-01,-5.206930160522460938e+00,7.329669618606567383e+01
3.807926923036575317e-02,-2.769089341163635254e-01,-5.208545684814453125e+00,7.330125808715820312e+01
3.788948431611061096e-02,-2.768943011760711670e-01,-5.210209369659423828e+00,7.330614614486694336e+01
3.675968572497367859e-02,-2.769561707973480225e-01,-5.211355209350585938e+00,7.331123518943786621e+01
3.627672791481018066e-02,-2.770203053951263428e-01,-5.213034152984619141e+00,7.331674408912658691e+01
3.633732348680496216e-02,-2.768338620662689209e-01,-5.214511871337890625e+00,7.332126808166503906e+01
3.603645786643028259e-02,-2.767853140830993652e-01,-5.216129779815673828e+00,7.332692503929138184e+01
3.573830425739288330e-02,-2.767130732536315918e-01,-5.217744827270507812e+00,7.333139204978942871e+01
3.548543155193328857e-02,-2.767726480960845947e-01,-5.219365596771240234e+00,7.333690404891967773e+01
3.522948175668716431e-02,-2.767947614192962646e-01,-5.220988750457763672e+00,7.334133410453796387e+01
3.680406510829925537e-02,-2.781093716621398926e-01,-5.223344802856445312e+00,7.334633803367614746e+01
3.682982549071311951e-02,-2.781685292720794678e-01,-5.225066184997558594e+00,7.335125899314880371e+01
3.682427108287811279e-02,-2.783446907997131348e-01,-5.226809501647949219e+00,7.335668420791625977e+01
3.685723617672920227e-02,-2.785280048847198486e-01,-5.228554725646972656e+00,7.336159515380859375e+01
3.678146749734878540e-02,-2.786960005760192871e-01,-5.230090141296386719e+00,7.336689114570617676e+01
3.676003962755203247e-02,-2.788739800453186035e-01,-5.231656074523925781e+00,7.337133622169494629e+01
3.645548596978187561e-02,-2.784511446952819824e-01,-5.231358528137207031e+00,7.337679719924926758e+01
3.619061410427093506e-02,-2.784697115421295166e-01,-5.232847690582275391e+00,7.338140106201171875e+01
3.597517684102058411e-02,-2.785223424434661865e-01,-5.234167098999023438e+00,7.338673520088195801e+01
3.570968657732009888e-02,-2.786214053630828857e-01,-5.235467433929443359e+00,7.339139103889465332e+01
3.580807894468307495e-02,-2.789028882980346680e-01,-5.236953735351562500e+00,7.339694118499755859e+01
3.581345081329345703e-02,-2.791239321231842041e-01,-5.238391399383544922e+00,7.340132904052734375e+01
3.589382395148277283e-02,-2.793881297111511230e-01,-5.239859580993652344e+00,7.340667319297790527e+01
3.773668780922889709e-02,-2.793470323085784912e-01,-5.242715358734130859e+00,7.341152119636535645e+01
3.762125596404075623e-02,-2.790341675281524658e-01,-5.244550228118896484e+00,7.341681599617004395e+01
3.779079020023345947e-02,-2.789837419986724854e-01,-5.246401786804199219e+00,7.342148709297180176e+01
3.796483203768730164e-02,-2.788943648338317871e-01,-5.248295307159423828e+00,7.342699098587036133e+01
3.791431710124015808e-02,-2.790847718715667725e-01,-5.250088214874267578e+00,7.343166708946228027e+01
3.789666667580604553e-02,-2.791816294193267822e-01,-5.251954555511474609e+00,7.343689918518066406e+01
3.781351447105407715e-02,-2.793185710906982422e-01,-5.253835201263427734e+00,7.344136810302734375e+01
3.623382374644279480e-02,-2.799176275730133057e-01,-5.252325057983398438e+00,7.344648098945617676e+01
3.614432737231254578e-02,-2.799631953239440918e-01,-5.253632545471191406e+00,7.345149016380310059e+01
3.607730567455291748e-02,-2.799603044986724854e-01,-5.254863262176513672e+00,7.345678210258483887e+01
3.596004471182823181e-02,-2.801454365253448486e-01,-5.256225585937500000e+00,7.346174716949462891e+01
3.587456792593002319e-02,-2.802591919898986816e-01,-5.257482051849365234e+00,7.346647119522094727e+01
3.579440340399742126e-02,-2.804063260555267334e-01,-5.258717536926269531e+00,7.347146511077880859e+01
3.609843179583549500e-02,-2.803179621696472168e-01,-5.262937068939208984e+00,7.347672820091247559e+01
3.588262945413589478e-02,-2.803582847118377686e-01,-5.264717578887939453e+00,7.348161411285400391e+01
3.562085703015327454e-02,-2.803677022457122803e-01,-5.266569137573242188e+00,7.348674321174621582e+01
3.531726077198982239e-02,-2.803854346275329590e-01,-5.268469333648681641e+00,7.349171519279479980e+01
3.517841175198554993e-02,-2.804512679576873779e-01,-5.270159721374511719e+00,7.349699306488037109e+01
3.492451086640357971e-02,-2.804825901985168457e-01,-5.271987915039062500e+00,7.350168108940124512e+01
3.466527909040451050e-02,-2.805461883544921875e-01,-5.273797512054443359e+00,7.350692605972290039e+01
3.502409160137176514e-02,-2.807239294052124023e-01,-5.272310256958007812e+00,7.351164221763610840e+01
3.499766439199447632e-02,-2.808426916599273682e-01,-5.273798942565917969e+00,7.351685214042663574e+01
3.502102196216583252e-02,-2.809597849845886230e-01,-5.275268077850341797e+00,7.352165007591247559e+01
3.522367030382156372e-02,-2.809999585151672363e-01,-5.276571750640869141e+00,7.352705907821655273e+01
3.545833006501197815e-02,-2.810665965080261230e-01,-5.277867794036865234e+00,7.353175115585327148e+01
3.577995300292968750e-02,-2.811177968978881836e-01,-5.279101371765136719e+00,7.353686618804931641e+01
3.588602319359779358e-02,-2.812244594097137451e-01,-5.280467033386230469e+00,7.354163908958435059e+01
3.606483712792396545e-02,-2.812113165855407715e-01,-5.282530307769775391e+00,7.354704904556274414e+01
3.625429794192314148e-02,-2.812987864017486572e-01,-5.283822059631347656e+00,7.355160307884216309e+01
3.637248650193214417e-02,-2.814221084117889404e-01,-5.285353660583496094e+00,7.355684709548950195e+01
3.650880232453346252e-02,-2.815292179584503174e-01,-5.286789894104003906e+00,7.356175899505615234e+01
3.663196787238121033e-02,-2.816350758075714111e-01,-5.288257122039794922e+00,7.356698703765869141e+01
3.674252331256866455e-02,-2.817422747611999512e-01,-5.289769649505615234e+00,7.357159209251403809e+01
3.558295592665672302e-02,-2.818391919136047363e-01,-5.291051387786865234e+00,7.357676815986633301e+01
3.529145568609237671e-02,-2.818743288516998291e-01,-5.292622089385986328e+00,7.358172011375427246e+01
3.492194786667823792e-02,-2.819125354290008545e-01,-5.294236660003662109e+00,7.358693909645080566e+01
3.512189909815788269e-02,-2.822961211204528809e-01,-5.295984268188476562e+00,7.359187006950378418e+01
3.496747463941574097e-02,-2.825016677379608154e-01,-5.297719955444335938e+00,7.359689712524414062e+01
3.483220189809799194e-02,-2.827437222003936768e-01,-5.299497604370117188e+00,7.360182619094848633e+01
3.477127104997634888e-02,-2.827745378017425537e-01,-5.301021575927734375e+00,7.360686206817626953e+01
3.676023706793785095e-02,-2.815774977207183838e-01,-5.301293849945068359e+00,7.361183905601501465e+01
3.695296123623847961e-02,-2.814351916313171387e-01,-5.302785396575927734e+00,7.361690211296081543e+01
3.691085055470466614e-02,-2.816167175769805908e-01,-5.304010391235351562e+00,7.362193799018859863e+01
3.700117021799087524e-02,-2.816358506679534912e-01,-5.305300235748291016e+00,7.362703919410705566e+01
3.707793727517127991e-02,-2.816881537437438965e-01,-5.306528568267822266e+00,7.363188004493713379e+01
3.739233314990997314e-02,-2.815986573696136475e-01,-5.307857513427734375e+00,7.363709712028503418e+01
3.765780851244926453e-02,-2.815694510936737061e-01,-5.309097766876220703e+00,7.364185714721679688e+01
3.678490966558456421e-02,-2.829542160034179688e-01,-5.312060832977294922e+00,7.364715814590454102e+01
3.659041225910186768e-02,-2.832134068012237549e-01,-5.313692569732666016e+00,7.365207600593566895e+01
3.663812205195426941e-02,-2.833597362041473389e-01,-5.315195083618164062e+00,7.365708899497985840e+01
3.663090988993644714e-02,-2.835628986358642578e-01,-5.316727161407470703e+00,7.366217517852783203e+01
3.658054396510124207e-02,-2.838063538074493408e-01,-5.318294048309326172e+00,7.366703701019287109e+01
3.697190061211585999e-02,-2.836630046367645264e-01,-5.319706916809082031e+00,7.367378616333007812e+01
3.741895034909248352e-02,-2.837718427181243896e-01,-5.320241928100585938e+00,7.367703199386596680e+01
3.773729130625724792e-02,-2.837727665901184082e-01,-5.321634769439697266e+00,7.368203616142272949e+01
3.757033124566078186e-02,-2.838989794254302979e-01,-5.323115825653076172e+00,7.368724703788757324e+01
3.765936568379402161e-02,-2.839602231979370117e-01,-5.324549674987792969e+00,7.369218301773071289e+01
3.770567476749420166e-02,-2.840192317962646484e-01,-5.326001644134521484e+00,7.369708299636840820e+01
3.758593276143074036e-02,-2.841148078441619873e-01,-5.327517986297607422e+00,7.370196104049682617e+01
3.744608908891677856e-02,-2.842016518115997314e-01,-5.329040050506591797e+00,7.370699620246887207e+01
3.642849251627922058e-02,-2.839311659336090088e-01,-5.330508708953857422e+00,7.371201014518737793e+01
3.687006235122680664e-02,-2.838753759860992432e-01,-5.331880569458007812e+00,7.371711516380310059e+01
3.694658726453781128e-02,-2.838946580886840820e-01,-5.333322525024414062e+00,7.372197103500366211e+01
3.710384294390678406e-02,-2.839102745056152344e-01,-5.334751605987548828e+00,7.372713208198547363e+01
3.695958852767944336e-02,-2.840665280818939209e-01,-5.336266040802001953e+00,7.373199820518493652e+01
3.695363551378250122e-02,-2.841729819774627686e-01,-5.337750911712646484e+00,7.373731517791748047e+01
3.692033886909484863e-02,-2.842984497547149658e-01,-5.339243412017822266e+00,7.374219608306884766e+01
3.710303083062171936e-02,-2.847594916820526123e-01,-5.341603279113769531e+00,7.374724721908569336e+01
3.726958855986595154e-02,-2.851124107837677002e-01,-5.342981338500976562e+00,7.375221014022827148e+01
3.729134052991867065e-02,-2.853917777538299561e-01,-5.344473361968994141e+00,7.375724816322326660e+01
3.732753917574882507e-02,-2.856900393962860107e-01,-5.345966339111328125e+00,7.376241612434387207e+01
3.733196109533309937e-02,-2.857642769813537598e-01,-5.347301006317138672e+00,7.376718711853027344e+01
3.734500706195831299e-02,-2.859221994876861572e-01,-5.348655223846435547e+00,7.377220702171325684e+01
3.745502978563308716e-02,-2.848751246929168701e-01,-5.348800182342529297e+00,7.377720713615417480e+01
3.784626349806785583e-02,-2.849838137626647949e-01,-5.350044250488281250e+00,7.378211522102355957e+01
3.809228539466857910e-02,-2.850581407546997070e-01,-5.351162910461425781e+00,7.378722119331359863e+01
3.840415179729461670e-02,-2.851353585720062256e-01,-5.352276325225830078e+00,7.379244899749755859e+01
3.850892558693885803e-02,-2.851626873016357422e-01,-5.353665351867675781e+00,7.379723906517028809e+01
3.871420025825500488e-02,-2.852133810520172119e-01,-5.354974746704101562e+00,7.380217599868774414e+01
3.890297934412956238e-02,-2.852688133716583252e-01,-5.356350421905517578e+00,7.380712318420410156e+01
3.774664178490638733e-02,-2.848369479179382324e-01,-5.359501361846923828e+00,7.381218600273132324e+01
3.769820928573608398e-02,-2.848165333271026611e-01,-5.361100673675537109e+00,7.381728005409240723e+01
3.760271146893501282e-02,-2.847984731197357178e-01,-5.362737178802490234e+00,7.382226204872131348e+01
3.746013343334197998e-02,-2.847937643527984619e-01,-5.364441871643066406e+00,7.382749915122985840e+01
3.764916583895683289e-02,-2.847501337528228760e-01,-5.366096496582031250e+00,7.383228802680969238e+01
3.767405077815055847e-02,-2.847275733947753906e-01,-5.367835998535156250e+00,7.383734917640686035e+01
3.910202905535697937e-02,-2.856324613094329834e-01,-5.368419170379638672e+00,7.384223914146423340e+01
3.900241851806640625e-02,-2.857259809970855713e-01,-5.369926929473876953e+00,7.384728908538818359e+01
3.906981647014617920e-02,-2.857993841171264648e-01,-5.371554374694824219e+00,7.385224008560180664e+01
3.911916166543960571e-02,-2.858685851097106934e-01,-5.373186588287353516e+00,7.385728502273559570e+01
3.903504461050033569e-02,-2.859368026256561279e-01,-5.374703884124755859e+00,7.386247205734252930e+01
3.895016387104988098e-02,-2.860191166400909424e-01,-5.376232624053955078e+00,7.386723208427429199e+01
3.881816565990447998e-02,-2.861170768737792969e-01,-5.377718448638916016e+00,7.387226009368896484e+01
3.825904428958892822e-02,-2.862741053104400635e-01,-5.378753662109375000e+00,7.387722110748291016e+01
3.795999661087989807e-02,-2.863696217536926270e-01,-5.380013942718505859e+00,7.388243603706359863e+01
3.761554136872291565e-02,-2.864684164524078369e-01,-5.381226062774658203e+00,7.388744807243347168e+01
3.812769800424575806e-02,-2.865375280380249023e-01,-5.382810592651367188e+00,7.389254117012023926e+01
3.804510086774826050e-02,-2.866824865341186523e-01,-5.384090423583984375e+00,7.389753103256225586e+01
3.798653557896614075e-02,-2.868251800537109375e-01,-5.385373592376708984e+00,7.390239715576171875e+01
3.797616437077522278e-02,-2.868625819683074951e-01,-5.386913776397705078e+00,7.390765500068664551e+01
3.947902098298072815e-02,-2.865332067012786865e-01,-5.388768196105957031e+00,7.391231322288513184e+01
3.967700898647308350e-02,-2.864876985549926758e-01,-5.390305042266845703e+00,7.391742110252380371e+01
3.990808501839637756e-02,-2.864083051681518555e-01,-5.391897201538085938e+00,7.392239117622375488e+01
4.029578343033790588e-02,-2.865110635757446289e-01,-5.393585205078125000e+00,7.392774200439453125e+01
4.065865650773048401e-02,-2.865322232246398926e-01,-5.395318984985351562e+00,7.393244099617004395e+01
4.105770960450172424e-02,-2.865508496761322021e-01,-5.397140979766845703e+00,7.393740820884704590e+01
4.107639566063880920e-02,-2.864779531955718994e-01,-5.398917198181152344e+00,7.394234514236450195e+01
3.973628953099250793e-02,-2.869291305541992188e-01,-5.398550033569335938e+00,7.394737720489501953e+01
3.955698013305664062e-02,-2.869811058044433594e-01,-5.400102615356445312e+00,7.395253920555114746e+01
3.955249488353729248e-02,-2.870769798755645752e-01,-5.401477336883544922e+00,7.395749807357788086e+01
3.938344493508338928e-02,-2.871415317058563232e-01,-5.402915000915527344e+00,7.396262907981872559e+01
3.918407857418060303e-02,-2.872167825698852539e-01,-5.404320240020751953e+00,7.396754121780395508e+01
3.927485272288322449e-02,-2.873099744319915771e-01,-5.405672073364257812e+00,7.397252321243286133e+01
3.989882022142410278e-02,-2.872889339923858643e-01,-5.407972812652587891e+00,7.397759699821472168e+01
4.009984806180000305e-02,-2.873457372188568115e-01,-5.409332275390625000e+00,7.398253011703491211e+01
4.005216062068939209e-02,-2.874499261379241943e-01,-5.410630226135253906e+00,7.398762607574462891e+01
4.016077145934104919e-02,-2.875242531299591064e-01,-5.411931991577148438e+00,7.399278020858764648e+01
4.027272760868072510e-02,-2.876096963882446289e-01,-5.413192749023437500e+00,7.399765419960021973e+01
4.038796946406364441e-02,-2.877165675163269043e-01,-5.414407253265380859e+00,7.400253009796142578e+01
4.042175039649009705e-02,-2.876435816287994385e-01,-5.415706157684326172e+00,7.400750017166137695e+01
3.944161906838417053e-02,-2.882824838161468506e-01,-5.417158126831054688e+00,7.401253604888916016e+01
3.937509655952453613e-02,-2.883681952953338623e-01,-5.418329238891601562e+00,7.401761913299560547e+01
3.911037743091583252e-02,-2.886799573898315430e-01,-5.419869899749755859e+00,7.402264904975891113e+01
3.890446573495864868e-02,-2.888734638690948486e-01,-5.421237945556640625e+00,7.402782201766967773e+01
3.865156322717666626e-02,-2.890964150428771973e-01,-5.422640323638916016e+00,7.403262519836425781e+01
3.869939595460891724e-02,-2.891432046890258789e-01,-5.424067497253417969e+00,7.403767514228820801e+01
4.093235731124877930e-02,-2.876070737838745117e-01,-5.425625801086425781e+00,7.404255199432373047e+01
4.119462147355079651e-02,-2.874623835086822510e-01,-5.427221775054931641e+00,7.404788303375244141e+01
4.109792411327362061e-02,-2.877267599105834961e-01,-5.428822517395019531e+00,7.405265307426452637e+01
4.119949415326118469e-02,-2.878049314022064209e-01,-5.430483818054199219e+00,7.405769205093383789e+01
4.128728806972503662e-02,-2.879196405410766602e-01,-5.432206630706787109e+00,7.406277608871459961e+01
4.133747518062591553e-02,-2.878343462944030762e-01,-5.433709621429443359e+00,7.406770014762878418e+01
4.136614874005317688e-02,-2.878297865390777588e-01,-5.435289859771728516e+00,7.407414317131042480e+01
3.996104374527931213e-02,-2.880533933639526367e-01,-5.434937000274658203e+00,7.407761311531066895e+01
3.982739150524139404e-02,-2.879872024059295654e-01,-5.436141490936279297e+00,7.408268904685974121e+01
3.953204303979873657e-02,-2.882106602191925049e-01,-5.437606811523437500e+00,7.408791303634643555e+01
3.924540802836418152e-02,-2.882544398307800293e-01,-5.438879966735839844e+00,7.409286403656005859e+01
3.893994167447090149e-02,-2.882923483848571777e-01,-5.440116882324218750e+00,7.409792113304138184e+01
3.885652497410774231e-02,-2.881592214107513428e-01,-5.441293239593505859e+00,7.410277104377746582e+01
3.869817778468132019e-02,-2.880771458148956299e-01,-5.442461967468261719e+00,7.410774803161621094e+01
4.023866727948188782e-02,-2.881653308868408203e-01,-5.447416782379150391e+00,7.411278414726257324e+01
4.020224139094352722e-02,-2.882932126522064209e-01,-5.449166297912597656e+00,7.411781907081604004e+01
4.027034342288970947e-02,-2.882753014564514160e-01,-5.450851917266845703e+00,7.412267398834228516e+01
4.033026471734046936e-02,-2.882806062698364258e-01,-5.452574729919433594e+00,7.412810921669006348e+01
4.049767181277275085e-02,-2.881248295307159424e-01,-5.454190731048583984e+00,7.413275098800659180e+01
4.065192863345146179e-02,-2.880228161811828613e-01,-5.455856323242187500e+00,7.413777112960815430e+01
3.978865221142768860e-02,-2.893981039524078369e-01,-5.454142093658447266e+00,7.414278507232666016e+01
3.963964432477951050e-02,-2.896782457828521729e-01,-5.455581665039062500e+00,7.414810419082641602e+01
3.961555287241935730e-02,-2.898581922054290771e-01,-5.456976413726806641e+00,7.415286898612976074e+01
3.958382457494735718e-02,-2.901265025138854980e-01,-5.458355903625488281e+00,7.415789198875427246e+01
3.970531001687049866e-02,-2.902678847312927246e-01,-5.459821224212646484e+00,7.416312313079833984e+01
3.978019580245018005e-02,-2.904566228389739990e-01,-5.461278915405273438e+00,7.416796112060546875e+01
3.988630324602127075e-02,-2.906331419944763184e-01,-5.462768554687500000e+00,7.417289113998413086e+01
4.118047282099723816e-02,-2.894618213176727295e-01,-5.464176654815673828e+00,7.417790818214416504e+01
4.124609380960464478e-02,-2.895892560482025146e-01,-5.465697765350341797e+00,7.418286705017089844e+01
4.144303128123283386e-02,-2.895813286304473877e-01,-5.467253684997558594e+00,7.418784904479980469e+01
4.164064675569534302e-02,-2.895616888999938965e-01,-5.468834400177001953e+00,7.419296312332153320e+01
4.169280454516410828e-02,-2.894714176654815674e-01,-5.470250129699707031e+00,7.419797706604003906e+01
4.175950214266777039e-02,-2.893969118595123291e-01,-5.471729278564453125e+00,7.420280504226684570e+01
3.942425549030303955e-02,-2.902688980102539062e-01,-5.473694324493408203e+00,7.420809507369995117e+01
3.942356631159782410e-02,-2.902086973190307617e-01,-5.475073337554931641e+00,7.421292614936828613e+01
3.929832950234413147e-02,-2.902014553546905518e-01,-5.476437568664550781e+00,7.421798801422119141e+01
3.917450830340385437e-02,-2.901698350906372070e-01,-5.477779865264892578e+00,7.422303509712219238e+01
3.896012157201766968e-02,-2.902974188327789307e-01,-5.479307174682617188e+00,7.422834014892578125e+01
3.875508904457092285e-02,-2.903727293014526367e-01,-5.480769634246826172e+00,7.423301720619201660e+01
3.852754831314086914e-02,-2.904619872570037842e-01,-5.482256412506103516e+00,7.423797106742858887e+01
3.874929621815681458e-02,-2.910071313381195068e-01,-5.484597682952880859e+00,7.424304819107055664e+01
3.874890506267547607e-02,-2.910632193088531494e-01,-5.486201286315917969e+00,7.424808406829833984e+01
3.881197050213813782e-02,-2.910553812980651855e-01,-5.487854480743408203e+00,7.425306916236877441e+01
3.892907127737998962e-02,-2.909947633743286133e-01,-5.489545345306396484e+00,7.425804615020751953e+01
3.881642594933509827e-02,-2.913580536842346191e-01,-5.491286277770996094e+00,7.426317310333251953e+01
3.883262351155281067e-02,-2.916037142276763916e-01,-5.493036270141601562e+00,7.426808118820190430e+01
3.885414451360702515e-02,-2.918811142444610596e-01,-5.494843482971191406e+00,7.427309513092041016e+01
3.937814757227897644e-02,-2.911102771759033203e-01,-5.495119571685791016e+00,7.427784204483032227e+01
3.933998569846153259e-02,-2.910890579223632812e-01,-5.496644973754882812e+00,7.428309822082519531e+01
3.928434848785400391e-02,-2.910377383232116699e-01,-5.498143672943115234e+00,7.428815698623657227e+01
3.938400372862815857e-02,-2.911846041679382324e-01,-5.499540328979492188e+00,7.429320120811462402e+01
3.940198570489883423e-02,-2.912375628948211670e-01,-5.500941276550292969e+00,7.429805517196655273e+01
3.943242132663726807e-02,-2.913121283054351807e-01,-5.502313137054443359e+00,7.430307412147521973e+01
3.929824009537696838e-02,-2.913978993892669678e-01,-5.503751754760742188e+00,7.430807805061340332e+01
3.918432071805000305e-02,-2.924089729785919189e-01,-5.506439685821533203e+00,7.431307816505432129e+01
3.902363777160644531e-02,-2.925607860088348389e-01,-5.507891178131103516e+00,7.431828403472900391e+01
3.929425030946731567e-02,-2.927235066890716553e-01,-5.509336948394775391e+00,7.432306909561157227e+01
3.936928883194923401e-02,-2.928846180438995361e-01,-5.510769367218017578e+00,7.432824206352233887e+01
3.949499875307083130e-02,-2.930499911308288574e-01,-5.512187004089355469e+00,7.433304905891418457e+01
3.967359662055969238e-02,-2.932014465332031250e-01,-5.513604164123535156e+00,7.433801817893981934e+01
3.935845196247100830e-02,-2.922905981540679932e-01,-5.515393733978271484e+00,7.434308099746704102e+01
3.930709883570671082e-02,-2.923154830932617188e-01,-5.517090797424316406e+00,7.434811019897460938e+01
3.922805935144424438e-02,-2.923278212547302246e-01,-5.518840312957763672e+00,7.435308098793029785e+01
3.931549936532974243e-02,-2.923696041107177734e-01,-5.520487308502197266e+00,7.435821509361267090e+01
3.930215910077095032e-02,-2.923973798751831055e-01,-5.522231578826904297e+00,7.436327409744262695e+01
3.929633647203445435e-02,-2.924524545669555664e-01,-5.523991584777832031e+00,7.436832618713378906e+01
3.931554779410362244e-02,-2.925509214401245117e-01,-5.525742053985595703e+00,7.437327504158020020e+01
3.929710388183593750e-02,-2.923646271228790283e-01,-5.526585102081298828e+00,7.437830114364624023e+01
3.934447094798088074e-02,-2.922703921794891357e-01,-5.528333663940429688e+00,7.438327121734619141e+01
3.960834071040153503e-02,-2.923055291175842285e-01,-5.529915809631347656e+00,7.438833403587341309e+01
3.981125354766845703e-02,-2.922656536102294922e-01,-5.531595230102539062e+00,7.439340710639953613e+01
4.006221517920494080e-02,-2.922253906726837158e-01,-5.533259868621826172e+00,7.439840912818908691e+01
4.003426432609558105e-02,-2.922210097312927246e-01,-5.534877300262451172e+00,7.440327405929565430e+01
3.868386894464492798e-02,-2.936086952686309814e-01,-5.537179946899414062e+00,7.440832400321960449e+01
3.852528706192970276e-02,-2.937525808811187744e-01,-5.538831710815429688e+00,7.441326308250427246e+01
3.809310123324394226e-02,-2.938846051692962646e-01,-5.540331363677978516e+00,7.441869211196899414e+01
3.768962249159812927e-02,-2.940127253532409668e-01,-5.541859149932861328e+00,7.442342019081115723e+01
3.720257431268692017e-02,-2.941560149192810059e-01,-5.543334484100341797e+00,7.442861700057983398e+01
3.662627190351486206e-02,-2.942927777767181396e-01,-5.544766426086425781e+00,7.443338012695312500e+01
3.675503283739089966e-02,-2.943302989006042480e-01,-5.546153068542480469e+00,7.443842816352844238e+01
3.896313160657882690e-02,-2.937058806419372559e-01,-5.547517776489257812e+00,7.444340705871582031e+01
3.911704570055007935e-02,-2.936335504055023193e-01,-5.548852920532226562e+00,7.444845104217529297e+01
3.878451883792877197e-02,-2.939484715461730957e-01,-5.550746917724609375e+00,7.445338106155395508e+01
3.874043002724647522e-02,-2.940759956836700439e-01,-5.552340984344482422e+00,7.445843911170959473e+01
3.867324814200401306e-02,-2.942368984222412109e-01,-5.553972721099853516e+00,7.446337819099426270e+01
3.876949101686477661e-02,-2.941346466541290283e-01,-5.555624961853027344e+00,7.447340703010559082e+01
3.881916031241416931e-02,-2.941130101680755615e-01,-5.557337760925292969e+00,7.447474813461303711e+01
3.826392069458961487e-02,-2.941264808177947998e-01,-5.558738708496093750e+00,7.447843098640441895e+01
3.812848776578903198e-02,-2.945239543914794922e-01,-5.560399055480957031e+00,7.448345017433166504e+01
3.809220343828201294e-02,-2.947052717208862305e-01,-5.562196254730224609e+00,7.448858404159545898e+01
3.805254772305488586e-02,-2.949059307575225830e-01,-5.564040184020996094e+00,7.449363303184509277e+01
3.798934072256088257e-02,-2.947884202003479004e-01,-5.565556526184082031e+00,7.449866700172424316e+01
3.790539875626564026e-02,-2.948105633258819580e-01,-5.567151546478271484e+00,7.450349807739257812e+01
3.780198097229003906e-02,-2.947823703289031982e-01,-5.568706512451171875e+00,7.450857710838317871e+01
3.691003844141960144e-02,-2.942930161952972412e-01,-5.569214820861816406e+00,7.451349711418151855e+01
3.674411028623580933e-02,-2.946461737155914307e-01,-5.570841312408447266e+00,7.451856112480163574e+01
3.655596077442169189e-02,-2.947174012660980225e-01,-5.572153091430664062e+00,7.452353215217590332e+01
3.635820001363754272e-02,-2.947854697704315186e-01,-5.573471069335937500e+00,7.452877807617187500e+01
3.623363375663757324e-02,-2.946243584156036377e-01,-5.574900627136230469e+00,7.453348898887634277e+01
3.607632592320442200e-02,-2.945587337017059326e-01,-5.576308250427246094e+00,7.453859710693359375e+01
3.573881834745407104e-02,-2.957004904747009277e-01,-5.580656051635742188e+00,7.454349708557128906e+01
3.555320948362350464e-02,-2.958648204803466797e-01,-5.582314968109130859e+00,7.454865002632141113e+01
3.539995849132537842e-02,-2.960077822208404541e-01,-5.583960056304931641e+00,7.455360698699951172e+01
3.526186570525169373e-02,-2.961830496788024902e-01,-5.585573196411132812e+00,7.455879306793212891e+01
3.520160913467407227e-02,-2.962810099124908447e-01,-5.586954593658447266e+00,7.456364512443542480e+01
3.513129055500030518e-02,-2.963903248310089111e-01,-5.588371276855468750e+00,7.456870102882385254e+01
3.508961200714111328e-02,-2.964860200881958008e-01,-5.589702606201171875e+00,7.457366108894348145e+01
3.735574707388877869e-02,-2.953067421913146973e-01,-5.589869022369384766e+00,7.457867598533630371e+01
3.752142563462257385e-02,-2.953078150749206543e-01,-5.591319084167480469e+00,7.458370208740234375e+01
3.770092874765396118e-02,-2.953273653984069824e-01,-5.592793464660644531e+00,7.458867216110229492e+01
3.789905458688735962e-02,-2.953745722770690918e-01,-5.594285011291503906e+00,7.459381508827209473e+01
3.811463713645935059e-02,-2.952161431312561035e-01,-5.595968723297119141e+00,7.459866213798522949e+01
3.836108371615409851e-02,-2.952402234077453613e-01,-5.597523212432861328e+00,7.460362720489501953e+01
3.709790483117103577e-02,-2.960711419582366943e-01,-5.599614620208740234e+00,7.460860419273376465e+01
3.655691817402839661e-02,-2.965377569198608398e-01,-5.601120471954345703e+00,7.461360311508178711e+01
3.632712736725807190e-02,-2.967662215232849121e-01,-5.602823734283447266e+00,7.461871504783630371e+01
3.600062057375907898e-02,-2.970266044139862061e-01,-5.604550838470458984e+00,7.462371706962585449e+01
3.604260832071304321e-02,-2.970193624496459961e-01,-5.606060504913330078e+00,7.462906813621520996e+01
3.591576218605041504e-02,-2.971152961254119873e-01,-5.607649803161621094e+00,7.463371300697326660e+01
3.582603484392166138e-02,-2.971640527248382568e-01,-5.609215259552001953e+00,7.463875102996826172e+01
3.534632548689842224e-02,-2.968087196350097656e-01,-5.611142158508300781e+00,7.464372920989990234e+01
3.506485372781753540e-02,-2.968193590641021729e-01,-5.612702369689941406e+00,7.464875602722167969e+01
3.472927585244178772e-02,-2.968096733093261719e-01,-5.614271163940429688e+00,7.465372204780578613e+01
3.451259061694145203e-02,-2.967106997966766357e-01,-5.615972995758056641e+00,7.465904402732849121e+01
3.421099856495857239e-02,-2.966324985027313232e-01,-5.617638587951660156e+00,7.466379499435424805e+01
3.391110152006149292e-02,-2.965309023857116699e-01,-5.619323253631591797e+00,7.466883111000061035e+01
3.403891250491142273e-02,-2.966193854808807373e-01,-5.621059894561767578e+00,7.467387104034423828e+01
3.551670908927917480e-02,-2.972860932350158691e-01,-5.622345924377441406e+00,7.467882609367370605e+01
3.589611873030662537e-02,-2.973727881908416748e-01,-5.624194145202636719e+00,7.468391418457031250e+01
3.638992831110954285e-02,-2.974727153778076172e-01,-5.626106739044189453e+00,7.468881607055664062e+01
3.574568778276443481e-02,-2.974083125591278076e-01,-5.627686977386474609e+00,7.469399404525756836e+01
3.575926646590232849e-02,-2.974496483802795410e-01,-5.629470825195312500e+00,7.469896817207336426e+01
3.571623563766479492e-02,-2.974772751331329346e-01,-5.631241321563720703e+00,7.470384621620178223e+01
3.600253164768218994e-02,-2.975820302963256836e-01,-5.632762432098388672e+00,7.470897006988525391e+01
3.492334485054016113e-02,-2.981035411357879639e-01,-5.633107185363769531e+00,7.471384811401367188e+01
3.508780524134635925e-02,-2.982400059700012207e-01,-5.634391784667968750e+00,7.471894907951354980e+01
3.488582000136375427e-02,-2.984199821949005127e-01,-5.635884761810302734e+00,7.472388315200805664e+01
3.488074988126754761e-02,-2.986054718494415283e-01,-5.637239933013916016e+00,7.472899103164672852e+01
3.484990820288658142e-02,-2.988202869892120361e-01,-5.638587951660156250e+00,7.473387122154235840e+01
3.474729508161544800e-02,-2.989825904369354248e-01,-5.640124797821044922e+00,7.473890519142150879e+01
3.382055833935737610e-02,-2.989074289798736572e-01,-5.643055915832519531e+00,7.474387812614440918e+01
3.356305882334709167e-02,-2.990047931671142578e-01,-5.644718170166015625e+00,7.474888014793395996e+01
3.351942822337150574e-02,-2.991049885749816895e-01,-5.646316051483154297e+00,7.475386905670166016e+01
3.335702419281005859e-02,-2.992073595523834229e-01,-5.647974967956542969e+00,7.475916719436645508e+01
3.320285305380821228e-02,-2.992870807647705078e-01,-5.649659633636474609e+00,7.476406908035278320e+01
3.306027501821517944e-02,-2.993474900722503662e-01,-5.651351928710937500e+00,7.476903820037841797e+01
3.263681009411811829e-02,-2.993715405464172363e-01,-5.653003692626953125e+00,7.477404117584228516e+01
3.343127667903900146e-02,-2.984780073165893555e-01,-5.653276443481445312e+00,7.477903509140014648e+01
3.309467807412147522e-02,-2.983821332454681396e-01,-5.654838085174560547e+00,7.478408813476562500e+01
3.304291516542434692e-02,-2.986787259578704834e-01,-5.656410217285156250e+00,7.478906512260437012e+01
3.282459080219268799e-02,-2.987938523292541504e-01,-5.657966136932373047e+00,7.479429006576538086e+01
3.261495381593704224e-02,-2.989741563796997070e-01,-5.659508705139160156e+00,7.479904413223266602e+01
3.254324942827224731e-02,-2.989441156387329102e-01,-5.660971641540527344e+00,7.480412507057189941e+01
3.355332836508750916e-02,-2.991446256637573242e-01,-5.663158416748046875e+00,7.480902099609375000e+01
3.364671394228935242e-02,-2.989750504493713379e-01,-5.664737224578857422e+00,7.481403613090515137e+01
3.371525555849075317e-02,-2.991915643215179443e-01,-5.666184425354003906e+00,7.481915903091430664e+01
3.385416418313980103e-02,-2.992061972618103027e-01,-5.667675018310546875e+00,7.482408809661865234e+01
3.402642905712127686e-02,-2.992582321166992188e-01,-5.669135570526123047e+00,7.482918000221252441e+01
3.401633352041244507e-02,-2.992177605628967285e-01,-5.670559883117675781e+00,7.483415317535400391e+01
3.407074883580207825e-02,-2.992081642150878906e-01,-5.671958923339843750e+00,7.483915114402770996e+01
3.290559723973274231e-02,-3.002409040927886963e-01,-5.673938751220703125e+00,7.484430909156799316e+01
3.277009725570678711e-02,-3.002246916294097900e-01,-5.675340652465820312e+00,7.484907817840576172e+01
3.283812478184700012e-02,-3.004517853260040283e-01,-5.677146911621093750e+00,7.485415911674499512e+01
3.276879712939262390e-02,-3.005586862564086914e-01,-5.678719997406005859e+00,7.485930800437927246e+01
3.271014615893363953e-02,-3.006851077079772949e-01,-5.680323600769042969e+00,7.486417913436889648e+01
3.271833062171936035e-02,-3.006851971149444580e-01,-5.681928157806396484e+00,7.487342810630798340e+01
3.272259607911109924e-02,-3.007141649723052979e-01,-5.683573246002197266e+00,7.487468719482421875e+01
3.417234495282173157e-02,-2.997562885284423828e-01,-5.684587478637695312e+00,7.487914419174194336e+01
3.388555347919464111e-02,-3.000307679176330566e-01,-5.686328411102294922e+00,7.488432717323303223e+01
3.381257504224777222e-02,-3.000446259975433350e-01,-5.688073158264160156e+00,7.488941001892089844e+01
3.368879109621047974e-02,-3.000780940055847168e-01,-5.689860820770263672e+00,7.489442110061645508e+01
3.366655856370925903e-02,-2.998973727226257324e-01,-5.691452503204345703e+00,7.489934110641479492e+01
3.356675431132316589e-02,-2.997933030128479004e-01,-5.693118572235107422e+00,7.490428018569946289e+01
3.272749111056327820e-02,-3.010870218276977539e-01,-5.693918228149414062e+00,7.490929222106933594e+01
3.263695538043975830e-02,-3.012575209140777588e-01,-5.695391654968261719e+00,7.491427707672119141e+01
3.251716122031211853e-02,-3.013748228549957275e-01,-5.696808815002441406e+00,7.491917109489440918e+01
3.239766880869865417e-02,-3.014992773532867432e-01,-5.698207378387451172e+00,7.492429113388061523e+01
3.239442780613899231e-02,-3.016168773174285889e-01,-5.699674129486083984e+00,7.492942500114440918e+01
3.237575292587280273e-02,-3.017474114894866943e-01,-5.701101779937744141e+00,7.493431806564331055e+01
3.239083290100097656e-02,-3.018934428691864014e-01,-5.702519416809082031e+00,7.493932199478149414e+01
3.281988576054573059e-02,-3.015769124031066895e-01,-5.705334663391113281e+00,7.494433116912841797e+01
3.280288726091384888e-02,-3.014720976352691650e-01,-5.706659793853759766e+00,7.494930315017700195e+01
3.288086503744125366e-02,-3.014585971832275391e-01,-5.708093643188476562e+00,7.495431613922119141e+01
3.297670185565948486e-02,-3.014413118362426758e-01,-5.709490299224853516e+00,7.495942401885986328e+01
3.308116644620895386e-02,-3.014948070049285889e-01,-5.710916519165039062e+00,7.496443009376525879e+01
3.320486471056938171e-02,-3.015141785144805908e-01,-5.712293148040771484e+00,7.496944022178649902e+01
3.334328904747962952e-02,-3.015384674072265625e-01,-5.713649272918701172e+00,7.497440600395202637e+01
3.291770815849304199e-02,-3.020870387554168701e-01,-5.713981628417968750e+00,7.497960305213928223e+01
3.293400257825851440e-02,-3.021303713321685791e-01,-5.715395450592041016e+00,7.498444318771362305e+01
3.293386846780776978e-02,-3.021789789199829102e-01,-5.716852188110351562e+00,7.498941612243652344e+01
3.303346037864685059e-02,-3.022459149360656738e-01,-5.718499183654785156e+00,7.499465417861938477e+01
3.309831395745277405e-02,-3.023035824298858643e-01,-5.720160484313964844e+00,7.499944615364074707e+01
3.318196535110473633e-02,-3.023725450038909912e-01,-5.721896171569824219e+00,7.500445318222045898e+01
3.336246311664581299e-02,-3.021296262741088867e-01,-5.723563194274902344e+00,7.500943422317504883e+01
3.335076570510864258e-02,-3.021049201488494873e-01,-5.725393295288085938e+00,7.501436400413513184e+01
3.331078961491584778e-02,-3.020831346511840820e-01,-5.727261543273925781e+00,7.501943016052246094e+01
3.323813155293464661e-02,-3.020417988300323486e-01,-5.729168891906738281e+00,7.502462005615234375e+01
3.338243812322616577e-02,-3.020232319831848145e-01,-5.730749607086181641e+00,7.502969503402709961e+01
3.341744840145111084e-02,-3.020031750202178955e-01,-5.732464313507080078e+00,7.503453922271728516e+01
3.346916660666465759e-02,-3.019872903823852539e-01,-5.734145641326904297e+00,7.503951406478881836e+01
3.373983874917030334e-02,-3.029601871967315674e-01,-5.734277725219726562e+00,7.504454898834228516e+01
3.382588922977447510e-02,-3.030568361282348633e-01,-5.735669612884521484e+00,7.504951500892639160e+01
3.391058370471000671e-02,-3.031588494777679443e-01,-5.737013339996337891e+00,7.505448508262634277e+01
3.378906846046447754e-02,-3.032230436801910400e-01,-5.738486766815185547e+00,7.505967712402343750e+01
3.370936959981918335e-02,-3.033257722854614258e-01,-5.739867687225341797e+00,7.506458520889282227e+01
3.357102721929550171e-02,-3.034130632877349854e-01,-5.741257190704345703e+00,7.506953120231628418e+01
3.384204953908920288e-02,-3.034380078315734863e-01,-5.742456912994384766e+00,7.507450604438781738e+01
3.337120264768600464e-02,-3.046000599861145020e-01,-5.745181083679199219e+00,7.507951617240905762e+01
3.361227363348007202e-02,-3.047901093959808350e-01,-5.746422767639160156e+00,7.508454298973083496e+01
3.394645825028419495e-02,-3.049560189247131348e-01,-5.747673034667968750e+00,7.508951401710510254e+01
3.435633704066276550e-02,-3.051381409168243408e-01,-5.748843193054199219e+00,7.509476518630981445e+01
3.484251722693443298e-02,-3.053052425384521484e-01,-5.749967575073242188e+00,7.509967613220214844e+01
3.540712967514991760e-02,-3.054667115211486816e-01,-5.751049518585205078e+00,7.510459399223327637e+01
3.461649268865585327e-02,-3.044017851352691650e-01,-5.753027915954589844e+00,7.510967111587524414e+01
3.479028493165969849e-02,-3.045222759246826172e-01,-5.754361629486083984e+00,7.511468601226806641e+01
3.493590280413627625e-02,-3.046688735485076904e-01,-5.755693912506103516e+00,7.511968302726745605e+01
3.461238741874694824e-02,-3.045932948589324951e-01,-5.757204055786132812e+00,7.512469720840454102e+01
3.444349765777587891e-02,-3.046144843101501465e-01,-5.758671760559082031e+00,7.512984919548034668e+01
3.417501971125602722e-02,-3.046239316463470459e-01,-5.760178089141845703e+00,7.513468503952026367e+01
3.401323780417442322e-02,-3.047007918357849121e-01,-5.761818408966064453e+00,7.513968515396118164e+01
3.349688649177551270e-02,-3.045905232429504395e-01,-5.763331413269042969e+00,7.514467811584472656e+01
3.320436552166938782e-02,-3.045788705348968506e-01,-5.765134811401367188e+00,7.514975309371948242e+01
3.375651314854621887e-02,-3.045729994773864746e-01,-5.766646862030029297e+00,7.515478014945983887e+01
3.395680710673332214e-02,-3.045591115951538086e-01,-5.768358707427978516e+00,7.516006708145141602e+01
3.427723422646522522e-02,-3.045411407947540283e-01,-5.770064830780029297e+00,7.516478013992309570e+01
3.421598300337791443e-02,-3.045440018177032471e-01,-5.771428585052490234e+00,7.516978216171264648e+01
3.435310348868370056e-02,-3.045346736907958984e-01,-5.772863864898681641e+00,7.517478609085083008e+01
3.426837176084518433e-02,-3.054372072219848633e-01,-5.773214817047119141e+00,7.517978501319885254e+01
3.475233912467956543e-02,-3.055248856544494629e-01,-5.774535179138183594e+00,7.518477010726928711e+01
3.505069389939308167e-02,-3.056530058383941650e-01,-5.775644779205322266e+00,7.518976116180419922e+01
3.543680533766746521e-02,-3.057577013969421387e-01,-5.776666164398193359e+00,7.519508910179138184e+01
3.589902818202972412e-02,-3.058419823646545410e-01,-5.777602195739746094e+00,7.519982409477233887e+01
3.587831556797027588e-02,-3.059826493263244629e-01,-5.778850555419921875e+00,7.520476913452148438e+01
3.340481221675872803e-02,-3.056297600269317627e-01,-5.781188011169433594e+00,7.521025919914245605e+01
3.312959522008895874e-02,-3.056523203849792480e-01,-5.782395362854003906e+00,7.521485900878906250e+01
3.298692777752876282e-02,-3.056314289569854736e-01,-5.783800125122070312e+00,7.521979498863220215e+01
3.273823484778404236e-02,-3.056086003780364990e-01,-5.785129070281982422e+00,7.522479820251464844e+01
3.247792273759841919e-02,-3.055603206157684326e-01,-5.786486625671386719e+00,7.522993707656860352e+01
3.205240890383720398e-02,-3.055415749549865723e-01,-5.788120746612548828e+00,7.523568511009216309e+01
3.163835778832435608e-02,-3.055004775524139404e-01,-5.789735794067382812e+00,7.524343705177307129e+01
3.116476535797119141e-02,-3.054629862308502197e-01,-5.791447639465332031e+00,7.524479603767395020e+01
3.423151373863220215e-02,-3.065744340419769287e-01,-5.793475151062011719e+00,7.524992513656616211e+01
3.407516703009605408e-02,-3.067947030067443848e-01,-5.795238494873046875e+00,7.525486803054809570e+01
3.395704925060272217e-02,-3.070433139801025391e-01,-5.797031402587890625e+00,7.526014304161071777e+01
3.374480083584785461e-02,-3.072764277458190918e-01,-5.798566818237304688e+00,7.526480317115783691e+01
3.358924761414527893e-02,-3.075238764286041260e-01,-5.800175666809082031e+00,7.526994109153747559e+01
3.343230485916137695e-02,-3.077722489833831787e-01,-5.801731586456298828e+00,7.527482700347900391e+01
3.327563405036926270e-02,-3.080260157585144043e-01,-5.803220272064208984e+00,7.528022003173828125e+01
3.357790410518646240e-02,-3.071292340755462646e-01,-5.801669597625732422e+00,7.528494310379028320e+01
3.303964063525199890e-02,-3.073481917381286621e-01,-5.803115367889404297e+00,7.529006910324096680e+01
3.241478651762008667e-02,-3.075924813747406006e-01,-5.804570198059082031e+00,7.529506611824035645e+01
3.279075771570205688e-02,-3.075390756130218506e-01,-5.805804729461669922e+00,7.530012607574462891e+01
3.262875229120254517e-02,-3.076752126216888428e-01,-5.807134151458740234e+00,7.530495905876159668e+01
3.254283219575881958e-02,-3.078095316886901855e-01,-5.808444976806640625e+00,7.531018614768981934e+01
3.263639658689498901e-02,-3.080336153507232666e-01,-5.809539794921875000e+00,7.531496214866638184e+01
3.279448673129081726e-02,-3.082125782966613770e-01,-5.810631275177001953e+00,7.532005500793457031e+01
3.828668221831321716e-02,-3.077741265296936035e-01,-5.811373233795166016e+00,7.532510709762573242e+01
3.835879266262054443e-02,-3.077454864978790283e-01,-5.812489032745361328e+00,7.532992720603942871e+01
3.879262134432792664e-02,-3.077613711357116699e-01,-5.813379764556884766e+00,7.533502602577209473e+01
3.920048475265502930e-02,-3.077707290649414062e-01,-5.814224720001220703e+00,7.534005999565124512e+01
3.956521302461624146e-02,-3.079001605510711670e-01,-5.815417766571044922e+00,7.534484100341796875e+01
3.991179540753364563e-02,-3.079814612865447998e-01,-5.816531658172607422e+00,7.535005617141723633e+01
3.585419058799743652e-02,-3.079409599304199219e-01,-5.821615695953369141e+00,7.535510921478271484e+01
3.589757159352302551e-02,-3.079685270786285400e-01,-5.823203563690185547e+00,7.536062312126159668e+01
3.589475154876708984e-02,-3.080105185508728027e-01,-5.824943542480468750e+00,7.536508607864379883e+01
3.587963804602622986e-02,-3.080301582813262939e-01,-5.826742649078369141e+00,7.537011313438415527e+01
3.584551811218261719e-02,-3.080559670925140381e-01,-5.828595638275146484e+00,7.537509799003601074e+01
3.587502986192703247e-02,-3.080990314483642578e-01,-5.830395698547363281e+00,7.538009619712829590e+01
3.586351871490478516e-02,-3.081462681293487549e-01,-5.832305431365966797e+00,7.538516116142272949e+01
3.618756681680679321e-02,-3.079572021961212158e-01,-5.831305503845214844e+00,7.539040207862854004e+01
3.656829148530960083e-02,-3.079880177974700928e-01,-5.832804203033447266e+00,7.539520215988159180e+01
3.680954128503799438e-02,-3.079942166805267334e-01,-5.834408760070800781e+00,7.540026021003723145e+01
3.710880503058433533e-02,-3.079988658428192139e-01,-5.836000442504882812e+00,7.540507006645202637e+01
3.734184056520462036e-02,-3.079678118228912354e-01,-5.837492465972900391e+00,7.541020512580871582e+01
3.765360265970230103e-02,-3.079474866390228271e-01,-5.838985919952392578e+00,7.541511607170104980e+01
3.713245317339897156e-02,-3.092384934425354004e-01,-5.839486122131347656e+00,7.542028999328613281e+01
3.667741268873214722e-02,-3.093694746494293213e-01,-5.840749740600585938e+00,7.542520618438720703e+01
3.649828210473060608e-02,-3.094807565212249756e-01,-5.842041015625000000e+00,7.543035316467285156e+01
3.620732948184013367e-02,-3.095752298831939697e-01,-5.843286037445068359e+00,7.543518304824829102e+01
3.621133044362068176e-02,-3.096208274364471436e-01,-5.844397068023681641e+00,7.544034910202026367e+01
3.604142740368843079e-02,-3.096790313720703125e-01,-5.845473289489746094e+00,7.544519805908203125e+01
3.648096323013305664e-02,-3.096480965614318848e-01,-5.847101688385009766e+00,7.545034313201904297e+01
3.637277334928512573e-02,-3.096822500228881836e-01,-5.848011970520019531e+00,7.545521521568298340e+01
3.658004477620124817e-02,-3.097783625125885010e-01,-5.849369525909423828e+00,7.546051001548767090e+01
3.665366396307945251e-02,-3.098577857017517090e-01,-5.850419521331787109e+00,7.546519517898559570e+01
3.677478805184364319e-02,-3.099479675292968750e-01,-5.851471424102783203e+00,7.547035312652587891e+01
3.692880272865295410e-02,-3.100663125514984131e-01,-5.852707386016845703e+00,7.547526502609252930e+01
3.741688653826713562e-02,-3.098792731761932373e-01,-5.855518817901611328e+00,7.548037219047546387e+01
3.768911957740783691e-02,-3.099529445171356201e-01,-5.856974124908447266e+00,7.548532319068908691e+01
3.769106045365333557e-02,-3.099479675292968750e-01,-5.858472824096679688e+00,7.549028301239013672e+01
3.785249590873718262e-02,-3.099904358386993408e-01,-5.860017299652099609e+00,7.549551200866699219e+01
3.800089657306671143e-02,-3.100273609161376953e-01,-5.861611843109130859e+00,7.550045800209045410e+01
3.816446661949157715e-02,-3.100293278694152832e-01,-5.863283634185791016e+00,7.550531721115112305e+01
3.831308335065841675e-02,-3.100267946720123291e-01,-5.864993572235107422e+00,7.551051402091979980e+01
3.858593106269836426e-02,-3.093740344047546387e-01,-5.865521907806396484e+00,7.551538610458374023e+01
3.842949122190475464e-02,-3.093467354774475098e-01,-5.867365837097167969e+00,7.552047014236450195e+01
3.836976364254951477e-02,-3.092814087867736816e-01,-5.869228363037109375e+00,7.552547812461853027e+01
3.825056180357933044e-02,-3.092693984508514404e-01,-5.871161937713623047e+00,7.553054904937744141e+01
3.806848824024200439e-02,-3.092625141143798828e-01,-5.873182773590087891e+00,7.553529620170593262e+01
3.813047334551811218e-02,-3.092075884342193604e-01,-5.874438285827636719e+00,7.554043221473693848e+01
3.803016245365142822e-02,-3.091855645179748535e-01,-5.876017570495605469e+00,7.554539418220520020e+01
3.739751130342483521e-02,-3.105288147926330566e-01,-5.876742839813232422e+00,7.555030512809753418e+01
3.766429424285888672e-02,-3.104333877563476562e-01,-5.877179622650146484e+00,7.555529999732971191e+01
3.778411075472831726e-02,-3.103901743888854980e-01,-5.877862930297851562e+00,7.556088209152221680e+01
3.795835375785827637e-02,-3.103016912937164307e-01,-5.878329753875732422e+00,7.556546711921691895e+01
3.804633766412734985e-02,-3.104271888732910156e-01,-5.879530906677246094e+00,7.557054901123046875e+01
3.819835931062698364e-02,-3.105061352252960205e-01,-5.880387306213378906e+00,7.557552313804626465e+01
3.761772811412811279e-02,-3.121577203273773193e-01,-5.885672569274902344e+00,7.558056211471557617e+01
3.736413270235061646e-02,-3.121285438537597656e-01,-5.887475967407226562e+00,7.558553910255432129e+01
3.723889216780662537e-02,-3.123107254505157471e-01,-5.889268398284912109e+00,7.559057998657226562e+01
3.705438226461410522e-02,-3.124947845935821533e-01,-5.891169548034667969e+00,7.559555220603942871e+01
3.696714714169502258e-02,-3.127223253250122070e-01,-5.892786979675292969e+00,7.560057115554809570e+01
3.680627793073654175e-02,-3.129175901412963867e-01,-5.894581317901611328e+00,7.560545110702514648e+01
3.663352504372596741e-02,-3.131219148635864258e-01,-5.896378517150878906e+00,7.561058020591735840e+01
3.756700828671455383e-02,-3.109754323959350586e-01,-5.894072055816650391e+00,7.561571121215820312e+01
3.756136074662208557e-02,-3.108044862747192383e-01,-5.895239830017089844e+00,7.562061810493469238e+01
3.757175430655479431e-02,-3.105843663215637207e-01,-5.896308898925781250e+00,7.562570309638977051e+01
3.759931772947311401e-02,-3.103156387805938721e-01,-5.897312641143798828e+00,7.563071799278259277e+01
3.784479200839996338e-02,-3.105364143848419189e-01,-5.898440837860107422e+00,7.563557600975036621e+01
3.804062306880950928e-02,-3.105229437351226807e-01,-5.899393081665039062e+00,7.564066100120544434e+01
3.764173015952110291e-02,-3.124792873859405518e-01,-5.903695106506347656e+00,7.564556598663330078e+01
3.768021985888481140e-02,-3.124339282512664795e-01,-5.905177116394042969e+00,7.565066814422607422e+01
3.786911070346832275e-02,-3.125654160976409912e-01,-5.906556129455566406e+00,7.565564417839050293e+01
3.807168081402778625e-02,-3.126887381076812744e-01,-5.907967090606689453e+00,7.566114020347595215e+01
3.817348182201385498e-02,-3.128244876861572266e-01,-5.909451007843017578e+00,7.566566419601440430e+01
3.830914571881294250e-02,-3.129452764987945557e-01,-5.910935401916503906e+00,7.567070817947387695e+01
3.842538595199584961e-02,-3.130458295345306396e-01,-5.912448406219482422e+00,7.567566013336181641e+01
3.794344887137413025e-02,-3.125413060188293457e-01,-5.911918640136718750e+00,7.568087816238403320e+01
3.789772838354110718e-02,-3.125841617584228516e-01,-5.913399696350097656e+00,7.568558216094970703e+01
3.782226890325546265e-02,-3.126398622989654541e-01,-5.914928913116455078e+00,7.569096899032592773e+01
3.800386935472488403e-02,-3.126792311668395996e-01,-5.916370868682861328e+00,7.569676613807678223e+01
3.810874745249748230e-02,-3.126862347126007080e-01,-5.917894363403320312e+00,7.570084404945373535e+01
3.826456516981124878e-02,-3.126670420169830322e-01,-5.919431686401367188e+00,7.570574998855590820e+01
3.847039490938186646e-02,-3.126166462898254395e-01,-5.920989990234375000e+00,7.571085000038146973e+01
3.953642398118972778e-02,-3.121013343334197998e-01,-5.921743392944335938e+00,7.571574711799621582e+01
3.970286250114440918e-02,-3.120761811733245850e-01,-5.923168182373046875e+00,7.572082614898681641e+01
3.986905515193939209e-02,-3.120610415935516357e-01,-5.924585819244384766e+00,7.572584199905395508e+01
3.950523957610130310e-02,-3.124107420444488525e-01,-5.926163196563720703e+00,7.573090910911560059e+01
3.935117274522781372e-02,-3.126491010189056396e-01,-5.927631855010986328e+00,7.573573303222656250e+01
3.910664841532707214e-02,-3.129652440547943115e-01,-5.929092884063720703e+00,7.574083399772644043e+01
3.904061764478683472e-02,-3.130090534687042236e-01,-5.930290699005126953e+00,7.574578619003295898e+01
3.719201311469078064e-02,-3.134565353393554688e-01,-5.931795120239257812e+00,7.575080513954162598e+01
3.693030029535293579e-02,-3.134010434150695801e-01,-5.933037281036376953e+00,7.575586009025573730e+01
3.689892962574958801e-02,-3.137147724628448486e-01,-5.934409141540527344e+00,7.576092314720153809e+01
3.676822781562805176e-02,-3.138305544853210449e-01,-5.935698032379150391e+00,7.576583099365234375e+01
3.667014464735984802e-02,-3.139770627021789551e-01,-5.936990737915039062e+00,7.577092504501342773e+01
3.646519035100936890e-02,-3.139333724975585938e-01,-5.938422203063964844e+00,7.577585220336914062e+01
3.801371902227401733e-02,-3.138824403285980225e-01,-5.940029621124267578e+00,7.578090810775756836e+01
3.790127113461494446e-02,-3.139106929302215576e-01,-5.941497325897216797e+00,7.578582906723022461e+01
3.779024630784988403e-02,-3.139099776744842529e-01,-5.942979335784912109e+00,7.579093217849731445e+01
3.759539499878883362e-02,-3.140750825405120850e-01,-5.944292068481445312e+00,7.579588198661804199e+01
3.742716833949089050e-02,-3.141400218009948730e-01,-5.945709228515625000e+00,7.580090904235839844e+01
3.723944351077079773e-02,-3.142109513282775879e-01,-5.947122097015380859e+00,7.580583715438842773e+01
3.712797537446022034e-02,-3.142828643321990967e-01,-5.948641777038574219e+00,7.581094503402709961e+01
3.797794878482818604e-02,-3.132135570049285889e-01,-5.949724674224853516e+00,7.581588101387023926e+01
3.794503211975097656e-02,-3.131503760814666748e-01,-5.951280593872070312e+00,7.582093310356140137e+01
3.799602389335632324e-02,-3.131231665611267090e-01,-5.953006744384765625e+00,7.582617712020874023e+01
3.802422434091567993e-02,-3.130905032157897949e-01,-5.954710483551025391e+00,7.583101511001586914e+01
3.807161375880241394e-02,-3.130792975425720215e-01,-5.956462383270263672e+00,7.583586621284484863e+01
3.816086426377296448e-02,-3.130974769592285156e-01,-5.958141803741455078e+00,7.584098100662231445e+01
3.826997429132461548e-02,-3.130998313426971436e-01,-5.959893226623535156e+00,7.584600901603698730e+01
3.705217689275741577e-02,-3.139739036560058594e-01,-5.961804389953613281e+00,7.585090517997741699e+01
3.708184510469436646e-02,-3.140095770359039307e-01,-5.963198661804199219e+00,7.585600709915161133e+01
3.715799748897552490e-02,-3.140153586864471436e-01,-5.964778900146484375e+00,7.586121702194213867e+01
3.725102916359901428e-02,-3.140133917331695557e-01,-5.966303348541259766e+00,7.586666917800903320e+01
3.726733475923538208e-02,-3.139892220497131348e-01,-5.967799186706542969e+00,7.587128019332885742e+01
3.731305897235870361e-02,-3.139718770980834961e-01,-5.969234466552734375e+00,7.587666106224060059e+01
3.715644031763076782e-02,-3.144389092922210693e-01,-5.970308303833007812e+00,7.588101911544799805e+01
3.715034201741218567e-02,-3.144073784351348877e-01,-5.971591472625732422e+00,7.588656806945800781e+01
3.723680227994918823e-02,-3.145722746849060059e-01,-5.973124504089355469e+00,7.589102721214294434e+01
3.726381808519363403e-02,-3.146504759788513184e-01,-5.974495410919189453e+00,7.589623498916625977e+01
3.729440271854400635e-02,-3.147467970848083496e-01,-5.975867271423339844e+00,7.590103912353515625e+01
3.738189488649368286e-02,-3.148182630538940430e-01,-5.977286815643310547e+00,7.590616703033447266e+01
3.746939077973365784e-02,-3.149197101593017578e-01,-5.978693962097167969e+00,7.591129612922668457e+01
3.701871633529663086e-02,-3.160355985164642334e-01,-5.981608867645263672e+00,7.591625618934631348e+01
3.665042296051979065e-02,-3.160888850688934326e-01,-5.983297348022460938e+00,7.592119622230529785e+01
3.647087141871452332e-02,-3.162181377410888672e-01,-5.984928607940673828e+00,7.592616200447082520e+01
3.622760251164436340e-02,-3.163301348686218262e-01,-5.986591339111328125e+00,7.593128514289855957e+01
3.625902533531188965e-02,-3.163587749004364014e-01,-5.988078117370605469e+00,7.593618106842041016e+01
3.617724031209945679e-02,-3.163841962814331055e-01,-5.989627361297607422e+00,7.594113302230834961e+01
3.703245520591735840e-02,-3.152977228164672852e-01,-5.989542961120605469e+00,7.594600105285644531e+01
3.666761517524719238e-02,-3.153225779533386230e-01,-5.991169929504394531e+00,7.595110607147216797e+01
3.647716343402862549e-02,-3.152761757373809814e-01,-5.992673873901367188e+00,7.595604205131530762e+01
3.623606264591217041e-02,-3.152320981025695801e-01,-5.994206428527832031e+00,7.596130514144897461e+01
3.594368323683738708e-02,-3.151977360248565674e-01,-5.995757102966308594e+00,7.596676301956176758e+01
3.595872968435287476e-02,-3.151726126670837402e-01,-5.997326850891113281e+00,7.597120618820190430e+01
3.580234944820404053e-02,-3.151450455188751221e-01,-5.998931407928466797e+00,7.597675514221191406e+01
3.622822463512420654e-02,-3.159118890762329102e-01,-6.001224994659423828e+00,7.598118519783020020e+01
3.598309680819511414e-02,-3.159166276454925537e-01,-6.002986907958984375e+00,7.598679518699645996e+01
3.583787381649017334e-02,-3.159689307212829590e-01,-6.004717826843261719e+00,7.599131798744201660e+01
3.567465022206306458e-02,-3.160231411457061768e-01,-6.006495475769042969e+00,7.599656414985656738e+01
3.559261187911033630e-02,-3.161998987197875977e-01,-6.008246421813964844e+00,7.600121712684631348e+01
3.548228740692138672e-02,-3.163549304008483887e-01,-6.010037422180175781e+00,7.600640416145324707e+01
3.538439422845840454e-02,-3.165431916713714600e-01,-6.011841773986816406e+00,7.601131606101989746e+01
3.574173897504806519e-02,-3.168058693408966064e-01,-6.012717723846435547e+00,7.601680207252502441e+01
3.571039810776710510e-02,-3.168847262859344482e-01,-6.014206409454345703e+00,7.602128815650939941e+01
3.569127246737480164e-02,-3.169372975826263428e-01,-6.015648365020751953e+00,7.602711701393127441e+01
3.575441613793373108e-02,-3.170739114284515381e-01,-6.017115116119384766e+00,7.603130412101745605e+01
3.581993281841278076e-02,-3.171736001968383789e-01,-6.018495559692382812e+00,7.603672504425048828e+01
3.591797500848770142e-02,-3.172810375690460205e-01,-6.019822120666503906e+00,7.604121804237365723e+01
3.582470864057540894e-02,-3.171710968017578125e-01,-6.021782875061035156e+00,7.604668116569519043e+01
3.574609011411666870e-02,-3.171938359737396240e-01,-6.023438930511474609e+00,7.605152416229248047e+01
3.580663353204727173e-02,-3.172723054885864258e-01,-6.024849414825439453e+00,7.605663418769836426e+01
3.586645424365997314e-02,-3.173516988754272461e-01,-6.026260852813720703e+00,7.606171107292175293e+01
3.597981110215187073e-02,-3.175164461135864258e-01,-6.027748107910156250e+00,7.606689119338989258e+01
3.608409687876701355e-02,-3.176654875278472900e-01,-6.029238224029541016e+00,7.607152199745178223e+01
3.620275482535362244e-02,-3.178350329399108887e-01,-6.030758857727050781e+00,7.607716202735900879e+01
3.523261845111846924e-02,-3.175999224185943604e-01,-6.032426357269287109e+00,7.608143305778503418e+01
3.516728430986404419e-02,-3.176751136779785156e-01,-6.034168720245361328e+00,7.608701419830322266e+01
3.507758304476737976e-02,-3.177455067634582520e-01,-6.035968780517578125e+00,7.609173917770385742e+01
3.475746139883995056e-02,-3.179018199443817139e-01,-6.037603378295898438e+00,7.609679007530212402e+01
3.448501229286193848e-02,-3.180291354656219482e-01,-6.039386749267578125e+00,7.610145521163940430e+01
3.415240719914436340e-02,-3.181608319282531738e-01,-6.041194438934326172e+00,7.610707712173461914e+01
3.380275145173072815e-02,-3.180919587612152100e-01,-6.042766571044921875e+00,7.611154413223266602e+01
3.384677320718765259e-02,-3.173047006130218506e-01,-6.042577743530273438e+00,7.611707615852355957e+01
3.340524062514305115e-02,-3.171402513980865479e-01,-6.043918132781982422e+00,7.612155914306640625e+01
3.336064517498016357e-02,-3.173042237758636475e-01,-6.045368671417236328e+00,7.612700700759887695e+01
3.312123939394950867e-02,-3.173208236694335938e-01,-6.046702384948730469e+00,7.613169813156127930e+01
3.292385488748550415e-02,-3.173457980155944824e-01,-6.048029899597167969e+00,7.613712620735168457e+01
3.276355192065238953e-02,-3.174043595790863037e-01,-6.049317836761474609e+00,7.614156103134155273e+01
3.355574235320091248e-02,-3.183890879154205322e-01,-6.053160190582275391e+00,7.614703917503356934e+01
3.348555043339729309e-02,-3.184412419795989990e-01,-6.054676532745361328e+00,7.615162420272827148e+01
3.343745321035385132e-02,-3.184829354286193848e-01,-6.056182861328125000e+00,7.615712308883666992e+01
3.372806310653686523e-02,-3.185769021511077881e-01,-6.057808399200439453e+00,7.616175508499145508e+01
3.391328826546669006e-02,-3.186534047126770020e-01,-6.059363365173339844e+00,7.616721415519714355e+01
3.416854888200759888e-02,-3.187448978424072266e-01,-6.060930728912353516e+00,7.617156219482421875e+01
3.429675847291946411e-02,-3.188610076904296875e-01,-6.062602043151855469e+00,7.617715120315551758e+01
3.333927690982818604e-02,-3.187025785446166992e-01,-6.063218116760253906e+00,7.618155908584594727e+01
3.347183391451835632e-02,-3.187620639801025391e-01,-6.064902305603027344e+00,7.618694615364074707e+01
3.342735394835472107e-02,-3.187867701053619385e-01,-6.066287517547607422e+00,7.619173502922058105e+01
3.346407786011695862e-02,-3.188360333442687988e-01,-6.067832946777343750e+00,7.619711613655090332e+01
3.347820416092872620e-02,-3.188871741294860840e-01,-6.069351673126220703e+00,7.620172405242919922e+01
3.341142088174819946e-02,-3.189689517021179199e-01,-6.070949554443359375e+00,7.620688009262084961e+01
3.332878649234771729e-02,-3.190255165100097656e-01,-6.072511196136474609e+00,7.621154808998107910e+01
3.282139822840690613e-02,-3.184179961681365967e-01,-6.073889255523681641e+00,7.621670317649841309e+01
3.259172663092613220e-02,-3.183048069477081299e-01,-6.075527191162109375e+00,7.622152304649353027e+01
3.279424086213111877e-02,-3.183101415634155273e-01,-6.077043056488037109e+00,7.622701311111450195e+01
3.276195749640464783e-02,-3.182761371135711670e-01,-6.078606128692626953e+00,7.623181414604187012e+01
3.276342526078224182e-02,-3.182458281517028809e-01,-6.080166339874267578e+00,7.623682808876037598e+01
3.281370177865028381e-02,-3.180372714996337891e-01,-6.081761837005615234e+00,7.624169802665710449e+01
3.257096558809280396e-02,-3.191862702369689941e-01,-6.083098888397216797e+00,7.624716210365295410e+01
3.269478678703308105e-02,-3.190724253654479980e-01,-6.084557533264160156e+00,7.625188112258911133e+01
3.216914087533950806e-02,-3.194527328014373779e-01,-6.086245536804199219e+00,7.625687098503112793e+01
3.192945197224617004e-02,-3.196144402027130127e-01,-6.087826251983642578e+00,7.626191115379333496e+01
3.160668164491653442e-02,-3.198375403881072998e-01,-6.089434146881103516e+00,7.626713514328002930e+01
3.151546418666839600e-02,-3.197071552276611328e-01,-6.090877056121826172e+00,7.627179908752441406e+01
3.129444271326065063e-02,-3.196824491024017334e-01,-6.092379093170166016e+00,7.627708911895751953e+01
3.106055594980716705e-02,-3.190378546714782715e-01,-6.093863010406494141e+00,7.628182601928710938e+01
3.126027807593345642e-02,-3.193312585353851318e-01,-6.095470905303955078e+00,7.628713798522949219e+01
3.133200481534004211e-02,-3.193883895874023438e-01,-6.096994876861572266e+00,7.629198718070983887e+01
3.149516507983207703e-02,-3.194676935672760010e-01,-6.098546028137207031e+00,7.629713916778564453e+01
3.173971548676490784e-02,-3.195861577987670898e-01,-6.100114822387695312e+00,7.630191016197204590e+01
3.155033290386199951e-02,-3.194235563278198242e-01,-6.101743221282958984e+00,7.630714416503906250e+01
3.116894327104091644e-02,-3.195795416831970215e-01,-6.103832244873046875e+00,7.631178617477416992e+01
3.108099102973937988e-02,-3.195009529590606689e-01,-6.105563640594482422e+00,7.631694221496582031e+01
3.093657083809375763e-02,-3.198674023151397705e-01,-6.107211589813232422e+00,7.632193899154663086e+01
3.079288080334663391e-02,-3.200019598007202148e-01,-6.108925819396972656e+00,7.632709503173828125e+01
3.062552399933338165e-02,-3.201755583286285400e-01,-6.110652446746826172e+00,7.633203220367431641e+01
3.043224290013313293e-02,-3.201310634613037109e-01,-6.112129688262939453e+00,7.633694005012512207e+01
3.021675162017345428e-02,-3.201746940612792969e-01,-6.113655090332031250e+00,7.634196805953979492e+01
3.037274070084095001e-02,-3.204905688762664795e-01,-6.113128662109375000e+00,7.634708714485168457e+01
3.041500411927700043e-02,-3.206844627857208252e-01,-6.114577293395996094e+00,7.635198712348937988e+01
3.032973967492580414e-02,-3.207858204841613770e-01,-6.115846157073974609e+00,7.635708904266357422e+01
3.027004189789295197e-02,-3.208781480789184570e-01,-6.117100715637207031e+00,7.636221408843994141e+01
3.015287779271602631e-02,-3.209712505340576172e-01,-6.118602275848388672e+00,7.636710715293884277e+01
3.007375448942184448e-02,-3.210798203945159912e-01,-6.120050430297851562e+00,7.637203001976013184e+01
2.999745309352874756e-02,-3.211902976036071777e-01,-6.121561527252197266e+00,7.637712311744689941e+01
2.977474406361579895e-02,-3.205693960189819336e-01,-6.124955654144287109e+00,7.638204813003540039e+01
2.955267950892448425e-02,-3.206203877925872803e-01,-6.126713752746582031e+00,7.638722109794616699e+01
2.929271943867206573e-02,-3.206777572631835938e-01,-6.128534793853759766e+00,7.639220905303955078e+01
2.898172661662101746e-02,-3.207047283649444580e-01,-6.130444526672363281e+00,7.639721417427062988e+01
2.943356521427631378e-02,-3.208646178245544434e-01,-6.131962776184082031e+00,7.640205812454223633e+01
2.958218194544315338e-02,-3.209496736526489258e-01,-6.133701324462890625e+00,7.640716505050659180e+01
3.202987462282180786e-02,-3.208896219730377197e-01,-6.133522987365722656e+00,7.641210603713989258e+01
3.177183121442794800e-02,-3.206439018249511719e-01,-6.134520053863525391e+00,7.641716814041137695e+01
3.199341893196105957e-02,-3.205739855766296387e-01,-6.135676383972167969e+00,7.642205405235290527e+01
3.218412399291992188e-02,-3.204746544361114502e-01,-6.136699199676513672e+00,7.642735719680786133e+01
3.228602185845375061e-02,-3.206668198108673096e-01,-6.137936592102050781e+00,7.643210721015930176e+01
3.237738832831382751e-02,-3.207589387893676758e-01,-6.139027595520019531e+00,7.643713808059692383e+01
3.242526948451995850e-02,-3.209030628204345703e-01,-6.140101432800292969e+00,7.644210100173950195e+01
3.022768534719944000e-02,-3.215504288673400879e-01,-6.144903182983398438e+00,7.644709610939025879e+01
2.996055409312248230e-02,-3.216125667095184326e-01,-6.146471500396728516e+00,7.645221400260925293e+01
2.964534237980842590e-02,-3.216689825057983398e-01,-6.148039340972900391e+00,7.645731115341186523e+01
2.943412587046623230e-02,-3.219786882400512695e-01,-6.149783611297607422e+00,7.646217107772827148e+01
2.916046604514122009e-02,-3.222036063671112061e-01,-6.151511192321777344e+00,7.646712517738342285e+01
2.888602390885353088e-02,-3.224779069423675537e-01,-6.153288841247558594e+00,7.647226214408874512e+01
2.959800325334072113e-02,-3.217262327671051025e-01,-6.152746200561523438e+00,7.647732210159301758e+01
2.952481433749198914e-02,-3.213652372360229492e-01,-6.154284000396728516e+00,7.648219609260559082e+01
2.939931675791740417e-02,-3.213301599025726318e-01,-6.156015396118164062e+00,7.648709821701049805e+01
2.928948402404785156e-02,-3.212552368640899658e-01,-6.157782077789306641e+00,7.649252104759216309e+01
2.936306037008762360e-02,-3.213584125041961670e-01,-6.159396171569824219e+00,7.649728012084960938e+01
2.942940406501293182e-02,-3.213805556297302246e-01,-6.161067485809326172e+00,7.650215315818786621e+01
2.955822087824344635e-02,-3.214152753353118896e-01,-6.162717342376708984e+00,7.650711107254028320e+01
2.948243543505668640e-02,-3.213648498058319092e-01,-6.164210796356201172e+00,7.651221013069152832e+01
2.944944240152835846e-02,-3.215351402759552002e-01,-6.164678573608398438e+00,7.651727318763732910e+01
2.942219376564025879e-02,-3.215548992156982422e-01,-6.165964603424072266e+00,7.652228808403015137e+01
2.957992255687713623e-02,-3.215763270854949951e-01,-6.167407989501953125e+00,7.652754020690917969e+01
2.965627051889896393e-02,-3.216104507446289062e-01,-6.168692111968994141e+00,7.653234815597534180e+01
2.975464425981044769e-02,-3.216708600521087646e-01,-6.169940471649169922e+00,7.653731417655944824e+01
2.990515716373920441e-02,-3.217733800411224365e-01,-6.171359539031982422e+00,7.654230499267578125e+01
3.004225529730319977e-02,-3.224047124385833740e-01,-6.175419330596923828e+00,7.654737305641174316e+01
3.025603294372558594e-02,-3.224459290504455566e-01,-6.177164077758789062e+00,7.655234909057617188e+01
3.050796501338481903e-02,-3.224694728851318359e-01,-6.178961277008056641e+00,7.655729103088378906e+01
3.032112307846546173e-02,-3.225905299186706543e-01,-6.180789947509765625e+00,7.656242513656616211e+01
3.037217818200588226e-02,-3.226498961448669434e-01,-6.182667255401611328e+00,7.656729722023010254e+01
3.038962930440902710e-02,-3.227137625217437744e-01,-6.184597492218017578e+00,7.657234001159667969e+01
2.969385497272014618e-02,-3.228059113025665283e-01,-6.183156490325927734e+00,7.657716012001037598e+01
2.964258752763271332e-02,-3.229381740093231201e-01,-6.184595108032226562e+00,7.658238601684570312e+01
2.957667224109172821e-02,-3.230786025524139404e-01,-6.186010837554931641e+00,7.658739304542541504e+01
2.954667620360851288e-02,-3.230268657207489014e-01,-6.187313079833984375e+00,7.659254121780395508e+01
2.948418445885181427e-02,-3.230572342872619629e-01,-6.188628196716308594e+00,7.659736919403076172e+01
2.941809035837650299e-02,-3.230660259723663330e-01,-6.189882278442382812e+00,7.660241103172302246e+01
2.925898320972919464e-02,-3.231957852840423584e-01,-6.191310882568359375e+00,7.660744714736938477e+01
2.910986728966236115e-02,-3.232853710651397705e-01,-6.192674160003662109e+00,7.661251115798950195e+01
2.961851842701435089e-02,-3.228538334369659424e-01,-6.195867061614990234e+00,7.661752510070800781e+01
2.956175990402698517e-02,-3.228348493576049805e-01,-6.197504997253417969e+00,7.662248301506042480e+01
2.942684665322303772e-02,-3.228479325771331787e-01,-6.199236392974853516e+00,7.662807917594909668e+01
2.928969450294971466e-02,-3.228467106819152832e-01,-6.200990200042724609e+00,7.663253211975097656e+01
2.924212440848350525e-02,-3.229441940784454346e-01,-6.202629566192626953e+00,7.663783001899719238e+01
2.918103151023387909e-02,-3.230179846286773682e-01,-6.204315662384033203e+00,7.664249920845031738e+01
3.028517402708530426e-02,-3.233274221420288086e-01,-6.204305171966552734e+00,7.664747905731201172e+01
3.036203607916831970e-02,-3.234730958938598633e-01,-6.205766201019287109e+00,7.665259218215942383e+01
3.030086494982242584e-02,-3.233914673328399658e-01,-6.207058906555175781e+00,7.665759706497192383e+01
3.033475577831268311e-02,-3.234339058399200439e-01,-6.208389759063720703e+00,7.666272306442260742e+01
3.036676160991191864e-02,-3.234641849994659424e-01,-6.209681987762451172e+00,7.666762208938598633e+01
3.055556863546371460e-02,-3.235517144203186035e-01,-6.210990428924560547e+00,7.667259407043457031e+01
3.034681640565395355e-02,-3.241378664970397949e-01,-6.213323593139648438e+00,7.667760515213012695e+01
3.057981282472610474e-02,-3.242541253566741943e-01,-6.214657306671142578e+00,7.668260908126831055e+01
3.004565462470054626e-02,-3.243134021759033203e-01,-6.216491699218750000e+00,7.668761706352233887e+01
2.984882704913616180e-02,-3.244067430496215820e-01,-6.218098163604736328e+00,7.669283604621887207e+01
2.955741994082927704e-02,-3.245128393173217773e-01,-6.219744205474853516e+00,7.669768214225769043e+01
2.988336421549320221e-02,-3.247370123863220215e-01,-6.221215724945068359e+00,7.670258808135986328e+01
3.001370839774608612e-02,-3.249169588088989258e-01,-6.222805976867675781e+00,7.670761299133300781e+01
3.049582242965698242e-02,-3.244977891445159912e-01,-6.224057674407958984e+00,7.671258020401000977e+01
3.019976802170276642e-02,-3.243774175643920898e-01,-6.225645065307617188e+00,7.671772909164428711e+01
3.026453033089637756e-02,-3.243848085403442383e-01,-6.227239131927490234e+00,7.672272515296936035e+01
3.030636347830295563e-02,-3.243371844291687012e-01,-6.228843212127685547e+00,7.672781419754028320e+01
3.032211959362030029e-02,-3.242266476154327393e-01,-6.230438709259033203e+00,7.673273110389709473e+01
3.020967356860637665e-02,-3.244840502738952637e-01,-6.231698513031005859e+00,7.673774909973144531e+01
3.009614534676074982e-02,-3.245374262332916260e-01,-6.233055114746093750e+00,7.674272418022155762e+01
3.003320842981338501e-02,-3.243717551231384277e-01,-6.232994079589843750e+00,7.674771118164062500e+01
3.017220087349414825e-02,-3.243160545825958252e-01,-6.234254837036132812e+00,7.675272202491760254e+01
3.010075911879539490e-02,-3.243287503719329834e-01,-6.235357761383056641e+00,7.675782799720764160e+01
3.004290536046028137e-02,-3.243387937545776367e-01,-6.236410617828369141e+00,7.676282620429992676e+01
3.001272119581699371e-02,-3.244074881076812744e-01,-6.237594127655029297e+00,7.676770114898681641e+01
2.999064885079860687e-02,-3.244564235210418701e-01,-6.238713264465332031e+00,7.677268815040588379e+01
3.009305708110332489e-02,-3.250768780708312988e-01,-6.242411613464355469e+00,7.677786517143249512e+01
3.005635179579257965e-02,-3.250312805175781250e-01,-6.243984699249267578e+00,7.678269600868225098e+01
3.006337024271488190e-02,-3.250327110290527344e-01,-6.245547771453857422e+00,7.678789806365966797e+01
3.007202968001365662e-02,-3.250179886817932129e-01,-6.247154235839843750e+00,7.679298305511474609e+01
3.024684637784957886e-02,-3.250863254070281982e-01,-6.248771190643310547e+00,7.679790616035461426e+01
3.040138818323612213e-02,-3.251143693923950195e-01,-6.250436782836914062e+00,7.680285310745239258e+01
3.060552291572093964e-02,-3.251474797725677490e-01,-6.252140522003173828e+00,7.680786800384521484e+01
3.101924806833267212e-02,-3.250145912170410156e-01,-6.251992702484130859e+00,7.681276702880859375e+01
3.110150434076786041e-02,-3.249059915542602539e-01,-6.253769874572753906e+00,7.681782221794128418e+01
3.135557100176811218e-02,-3.248913586139678955e-01,-6.255503654479980469e+00,7.682275414466857910e+01
3.164947032928466797e-02,-3.248314559459686279e-01,-6.257294178009033203e+00,7.682809901237487793e+01
3.159445896744728088e-02,-3.248297274112701416e-01,-6.259093284606933594e+00,7.683274221420288086e+01
3.159226477146148682e-02,-3.248078525066375732e-01,-6.260975360870361328e+00,7.683764600753784180e+01
3.151086717844009399e-02,-3.247865438461303711e-01,-6.262904167175292969e+00,7.684262609481811523e+01
3.012207522988319397e-02,-3.264018595218658447e-01,-6.263442516326904297e+00,7.684778118133544922e+01
2.990699931979179382e-02,-3.265172243118286133e-01,-6.264670848846435547e+00,7.685288214683532715e+01
2.968871220946311951e-02,-3.265742659568786621e-01,-6.265780448913574219e+00,7.685791707038879395e+01
2.954276278614997864e-02,-3.268428742885589600e-01,-6.266964912414550781e+00,7.686287403106689453e+01
2.937376685440540314e-02,-3.270358145236968994e-01,-6.267965316772460938e+00,7.686791014671325684e+01
2.921894937753677368e-02,-3.272581398487091064e-01,-6.268877029418945312e+00,7.687293910980224609e+01
3.075597807765007019e-02,-3.265378475189208984e-01,-6.271251201629638672e+00,7.687804913520812988e+01
3.071969002485275269e-02,-3.267088532447814941e-01,-6.272340774536132812e+00,7.688287806510925293e+01
3.069014661014080048e-02,-3.269528448581695557e-01,-6.273431301116943359e+00,7.688797521591186523e+01
3.078288584947586060e-02,-3.271385133266448975e-01,-6.274816036224365234e+00,7.689351320266723633e+01
3.084683790802955627e-02,-3.273130357265472412e-01,-6.276207447052001953e+00,7.689803910255432129e+01
3.095233440399169922e-02,-3.274998664855957031e-01,-6.277681827545166016e+00,7.690287709236145020e+01
3.109368309378623962e-02,-3.276763260364532471e-01,-6.279249668121337891e+00,7.690799307823181152e+01
3.125511482357978821e-02,-3.255009949207305908e-01,-6.281569480895996094e+00,7.691295719146728516e+01
3.138025104999542236e-02,-3.253898322582244873e-01,-6.283486366271972656e+00,7.691803312301635742e+01
3.151326626539230347e-02,-3.252588808536529541e-01,-6.285490989685058594e+00,7.692289710044860840e+01
3.202501311898231506e-02,-3.250966966152191162e-01,-6.287180423736572266e+00,7.692823100090026855e+01
3.239971771836280823e-02,-3.249291181564331055e-01,-6.289120197296142578e+00,7.693300700187683105e+01
3.284356370568275452e-02,-3.247456848621368408e-01,-6.291082859039306641e+00,7.693803811073303223e+01
3.304947167634963989e-02,-3.247541487216949463e-01,-6.292842388153076172e+00,7.694300007820129395e+01
3.277318179607391357e-02,-3.266597390174865723e-01,-6.292941570281982422e+00,7.694814419746398926e+01
3.296540677547454834e-02,-3.268519639968872070e-01,-6.294529914855957031e+00,7.695298409461975098e+01
3.274856135249137878e-02,-3.268625140190124512e-01,-6.295848369598388672e+00,7.695805716514587402e+01
3.264820203185081482e-02,-3.269796371459960938e-01,-6.297207355499267578e+00,7.696299219131469727e+01
3.245834261178970337e-02,-3.270930349826812744e-01,-6.298501491546630859e+00,7.696812820434570312e+01
3.266393393278121948e-02,-3.272813856601715088e-01,-6.299738407135009766e+00,7.697300720214843750e+01
3.225458785891532898e-02,-3.278134465217590332e-01,-6.302196979522705078e+00,7.697805213928222656e+01
3.237934783101081848e-02,-3.279782235622406006e-01,-6.303325176239013672e+00,7.698314404487609863e+01
3.255117312073707581e-02,-3.281400799751281738e-01,-6.304387092590332031e+00,7.698819303512573242e+01
3.191371262073516846e-02,-3.281074464321136475e-01,-6.305914878845214844e+00,7.699327707290649414e+01
3.170555084943771362e-02,-3.281790614128112793e-01,-6.307092189788818359e+00,7.699814319610595703e+01
3.142384067177772522e-02,-3.282265961170196533e-01,-6.308250904083251953e+00,7.700314211845397949e+01
3.154626116156578064e-02,-3.282650411128997803e-01,-6.309550762176513672e+00,7.700823521614074707e+01
3.224755823612213135e-02,-3.277103900909423828e-01,-6.310878276824951172e+00,7.701314210891723633e+01
3.244799748063087463e-02,-3.277625441551208496e-01,-6.312342643737792969e+00,7.701825904846191406e+01
3.278003260493278503e-02,-3.279513120651245117e-01,-6.314008235931396484e+00,7.702313899993896484e+01
3.315474092960357666e-02,-3.280847966670989990e-01,-6.315648078918457031e+00,7.702833700180053711e+01
3.360123932361602783e-02,-3.282323479652404785e-01,-6.317348957061767578e+00,7.703313899040222168e+01
3.374780714511871338e-02,-3.282057046890258789e-01,-6.319061279296875000e+00,7.703820705413818359e+01
3.402215987443923950e-02,-3.282285630702972412e-01,-6.320873737335205078e+00,7.704316210746765137e+01
3.324603289365768433e-02,-3.270783722400665283e-01,-6.321410655975341797e+00,7.704818916320800781e+01
3.320446982979774475e-02,-3.272216320037841797e-01,-6.322795867919921875e+00,7.705313014984130859e+01
3.316621109843254089e-02,-3.272113800048828125e-01,-6.324423789978027344e+00,7.705842018127441406e+01
3.307547792792320251e-02,-3.272441029548645020e-01,-6.325991630554199219e+00,7.706312417984008789e+01
3.301569819450378418e-02,-3.272542357444763184e-01,-6.327129840850830078e+00,7.706851816177368164e+01
3.289119899272918701e-02,-3.272930383682250977e-01,-6.328327655792236328e+00,7.707326102256774902e+01
3.258562833070755005e-02,-3.285808861255645752e-01,-6.329582214355468750e+00,7.707836699485778809e+01
3.238221257925033569e-02,-3.287967443466186523e-01,-6.330440521240234375e+00,7.708327102661132812e+01
3.254552558064460754e-02,-3.291078209877014160e-01,-6.331654548645019531e+00,7.708843016624450684e+01
3.251712769269943237e-02,-3.293689787387847900e-01,-6.332555770874023438e+00,7.709342598915100098e+01
3.251919895410537720e-02,-3.296497464179992676e-01,-6.333402156829833984e+00,7.709833502769470215e+01
3.251559659838676453e-02,-3.298572003841400146e-01,-6.334553241729736328e+00,7.710326910018920898e+01
3.254571557044982910e-02,-3.301032781600952148e-01,-6.335601329803466797e+00,7.710834002494812012e+01
3.256385028362274170e-02,-3.288356661796569824e-01,-6.340312957763671875e+00,7.711327314376831055e+01
3.256574273109436035e-02,-3.289633393287658691e-01,-6.342031002044677734e+00,7.711834311485290527e+01
3.261241689324378967e-02,-3.290637731552124023e-01,-6.343711853027343750e+00,7.712340021133422852e+01
3.266152739524841309e-02,-3.291648030281066895e-01,-6.345464229583740234e+00,7.712851810455322266e+01
3.269194811582565308e-02,-3.291103243827819824e-01,-6.347115516662597656e+00,7.713339114189147949e+01
3.272787481546401978e-02,-3.290950059890747070e-01,-6.348873138427734375e+00,7.713842821121215820e+01
3.275895863771438599e-02,-3.290448188781738281e-01,-6.350660324096679688e+00,7.714338898658752441e+01
3.385522961616516113e-02,-3.283935189247131348e-01,-6.349655628204345703e+00,7.714845013618469238e+01
3.404808416962623596e-02,-3.283788263797760010e-01,-6.351183414459228516e+00,7.715338420867919922e+01
3.427063673734664917e-02,-3.283822238445281982e-01,-6.352695465087890625e+00,7.715853810310363770e+01
3.452507033944129944e-02,-3.283948600292205811e-01,-6.354202270507812500e+00,7.716349411010742188e+01
3.459886834025382996e-02,-3.284485638141632080e-01,-6.355710029602050781e+00,7.716851615905761719e+01
3.477240353822708130e-02,-3.285120725631713867e-01,-6.357220172882080078e+00,7.717339015007019043e+01
3.339265659451484680e-02,-3.296512961387634277e-01,-6.360225677490234375e+00,7.717841601371765137e+01
3.351318836212158203e-02,-3.296072483062744141e-01,-6.361533641815185547e+00,7.718339514732360840e+01
3.358327224850654602e-02,-3.296678364276885986e-01,-6.362938880920410156e+00,7.718854999542236328e+01
3.365692496299743652e-02,-3.297071456909179688e-01,-6.364291667938232422e+00,7.719368314743041992e+01
3.380938991904258728e-02,-3.298596739768981934e-01,-6.365703105926513672e+00,7.719851016998291016e+01
3.395679220557212830e-02,-3.299790322780609131e-01,-6.367046833038330078e+00,7.720356512069702148e+01
3.412910923361778259e-02,-3.301219642162322998e-01,-6.368365764617919922e+00,7.720851421356201172e+01
3.408819064497947693e-02,-3.300661742687225342e-01,-6.370201110839843750e+00,7.721349716186523438e+01
3.396778553724288940e-02,-3.301656246185302734e-01,-6.371826171875000000e+00,7.721849918365478516e+01
3.376647457480430603e-02,-3.302732110023498535e-01,-6.373517036437988281e+00,7.722350621223449707e+01
3.375039249658584595e-02,-3.304027915000915527e-01,-6.375078678131103516e+00,7.722871208190917969e+01
3.360930085182189941e-02,-3.305212855339050293e-01,-6.376733303070068359e+00,7.723362708091735840e+01
3.346261382102966309e-02,-3.306513130664825439e-01,-6.378390789031982422e+00,7.723858714103698730e+01
3.468316048383712769e-02,-3.298024535179138184e-01,-6.377910137176513672e+00,7.724360418319702148e+01
3.467060625553131104e-02,-3.296735286712646484e-01,-6.379110813140869141e+00,7.724859499931335449e+01
3.464767336845397949e-02,-3.295975625514984131e-01,-6.380441665649414062e+00,7.725367522239685059e+01
3.462107852101325989e-02,-3.295007050037384033e-01,-6.381733894348144531e+00,7.725876903533935547e+01
3.474234417080879211e-02,-3.295494019985198975e-01,-6.382925987243652344e+00,7.726359701156616211e+01
3.483816981315612793e-02,-3.295390009880065918e-01,-6.384097576141357422e+00,7.726862406730651855e+01
3.497594967484474182e-02,-3.295470774173736572e-01,-6.385220527648925781e+00,7.727361822128295898e+01
3.516799584031105042e-02,-3.295150995254516602e-01,-6.386525154113769531e+00,7.727866220474243164e+01
3.466155752539634705e-02,-3.306176364421844482e-01,-6.389768123626708984e+00,7.728363013267517090e+01
3.494743257761001587e-02,-3.306908607482910156e-01,-6.391162395477294922e+00,7.728857111930847168e+01
3.507329523563385010e-02,-3.307848274707794189e-01,-6.392885208129882812e+00,7.729388618469238281e+01
3.531358018517494202e-02,-3.308890163898468018e-01,-6.394506931304931641e+00,7.729917311668395996e+01
3.555913269519805908e-02,-3.309802711009979248e-01,-6.396212100982666016e+00,7.730358004570007324e+01
3.574066609144210815e-02,-3.309955596923828125e-01,-6.397867679595947266e+00,7.730860209465026855e+01
3.593774884939193726e-02,-3.310378193855285645e-01,-6.399602890014648438e+00,7.731362605094909668e+01
3.490766882896423340e-02,-3.305518329143524170e-01,-6.399779319763183594e+00,7.731877708435058594e+01
3.513989225029945374e-02,-3.305266201496124268e-01,-6.401032447814941406e+00,7.732405114173889160e+01
3.530911728739738464e-02,-3.304811418056488037e-01,-6.402427196502685547e+00,7.732908821105957031e+01
3.550020605325698853e-02,-3.304219841957092285e-01,-6.403748512268066406e+00,7.733375310897827148e+01
3.571131825447082520e-02,-3.303382098674774170e-01,-6.404994487762451172e+00,7.733875203132629395e+01
3.542492911219596863e-02,-3.305906653404235840e-01,-6.406546592712402344e+00,7.734375405311584473e+01
3.403843566775321960e-02,-3.314613103866577148e-01,-6.409066200256347656e+00,7.734876799583435059e+01
3.368417173624038696e-02,-3.316862881183624268e-01,-6.410552024841308594e+00,7.735375618934631348e+01
3.368459641933441162e-02,-3.315860629081726074e-01,-6.411845207214355469e+00,7.735891509056091309e+01
3.343691676855087280e-02,-3.316700160503387451e-01,-6.413189411163330078e+00,7.736382317543029785e+01
3.318082541227340698e-02,-3.317379355430603027e-01,-6.414486408233642578e+00,7.736876320838928223e+01
3.291668370366096497e-02,-3.319306075572967529e-01,-6.415901660919189453e+00,7.737377715110778809e+01
3.264343738555908203e-02,-3.320846557617187500e-01,-6.417253494262695312e+00,7.737890100479125977e+01
3.291008621454238892e-02,-3.317887783050537109e-01,-6.418706893920898438e+00,7.738403320312500000e+01
3.266063705086708069e-02,-3.319234549999237061e-01,-6.420255661010742188e+00,7.738904905319213867e+01
3.241414576768875122e-02,-3.320408761501312256e-01,-6.421810150146484375e+00,7.739412403106689453e+01
3.215631470084190369e-02,-3.321484923362731934e-01,-6.423409461975097656e+00,7.739885520935058594e+01
3.224459290504455566e-02,-3.320477902889251709e-01,-6.424908161163330078e+00,7.740389108657836914e+01
3.226932883262634277e-02,-3.320046961307525635e-01,-6.426461219787597656e+00,7.740890908241271973e+01
3.427449241280555725e-02,-3.315564393997192383e-01,-6.425820827484130859e+00,7.741387915611267090e+01
3.467361256480216980e-02,-3.314542770385742188e-01,-6.427108287811279297e+00,7.741889119148254395e+01
3.471254929900169373e-02,-3.314926922321319580e-01,-6.428726673126220703e+00,7.742401909828186035e+01
3.502478823065757751e-02,-3.314324021339416504e-01,-6.430203914642333984e+00,7.742905712127685547e+01
3.536475077271461487e-02,-3.313641846179962158e-01,-6.431711196899414062e+00,7.743392610549926758e+01
3.559467941522598267e-02,-3.312376439571380615e-01,-6.433301925659179688e+00,7.743891215324401855e+01
3.586892038583755493e-02,-3.310946822166442871e-01,-6.434935569763183594e+00,7.744389510154724121e+01
3.403948619961738586e-02,-3.310845494270324707e-01,-6.438523769378662109e+00,7.744891619682312012e+01
3.396198898553848267e-02,-3.312460780143737793e-01,-6.440191745758056641e+00,7.745402812957763672e+01
3.391456976532936096e-02,-3.312461078166961670e-01,-6.442021369934082031e+00,7.745914006233215332e+01
3.383103758096694946e-02,-3.312757611274719238e-01,-6.443878173828125000e+00,7.746408700942993164e+01
3.385839238762855530e-02,-3.311242759227752686e-01,-6.445595741271972656e+00,7.746901822090148926e+01
3.382902964949607849e-02,-3.310554027557373047e-01,-6.447340965270996094e+00,7.747404313087463379e+01
3.457808122038841248e-02,-3.321093916893005371e-01,-6.448249816894531250e+00,7.747907304763793945e+01
3.424239903688430786e-02,-3.323982656002044678e-01,-6.449846267700195312e+00,7.748410010337829590e+01
3.403482213616371155e-02,-3.324842751026153564e-01,-6.451385974884033203e+00,7.748901820182800293e+01
3.376678004860877991e-02,-3.326042890548706055e-01,-6.452886104583740234e+00,7.749430513381958008e+01
3.343725576996803284e-02,-3.327671885490417480e-01,-6.454344272613525391e+00,7.749912309646606445e+01
3.332525864243507385e-02,-3.327149450778961182e-01,-6.455617904663085938e+00,7.750412917137145996e+01
3.305482491850852966e-02,-3.327413201332092285e-01,-6.456919193267822266e+00,7.750904512405395508e+01
3.220827877521514893e-02,-3.334487974643707275e-01,-6.458605766296386719e+00,7.751396512985229492e+01
3.258622810244560242e-02,-3.336498141288757324e-01,-6.459973335266113281e+00,7.751913714408874512e+01
3.267557919025421143e-02,-3.337966203689575195e-01,-6.461157798767089844e+00,7.752418017387390137e+01
3.286091983318328857e-02,-3.339590728282928467e-01,-6.462303161621093750e+00,7.752933907508850098e+01
3.255584463477134705e-02,-3.340328633785247803e-01,-6.463874340057373047e+00,7.753411602973937988e+01
3.241695463657379150e-02,-3.341287374496459961e-01,-6.465342044830322266e+00,7.753922414779663086e+01
3.220310807228088379e-02,-3.342118859291076660e-01,-6.466901779174804688e+00,7.754422903060913086e+01
3.135254979133605957e-02,-3.332695364952087402e-01,-6.469712257385253906e+00,7.754916715621948242e+01
3.098854050040245056e-02,-3.332871794700622559e-01,-6.471675872802734375e+00,7.755420517921447754e+01
3.060570731759071350e-02,-3.332977890968322754e-01,-6.473743438720703125e+00,7.755938315391540527e+01
3.062990307807922363e-02,-3.332292437553405762e-01,-6.475632667541503906e+00,7.756420922279357910e+01
3.057460486888885498e-02,-3.331836163997650146e-01,-6.477652072906494141e+00,7.756919598579406738e+01
3.062218800187110901e-02,-3.331205844879150391e-01,-6.479695320129394531e+00,7.757412815093994141e+01
3.268167003989219666e-02,-3.332180976867675781e-01,-6.479187011718750000e+00,7.757950615882873535e+01
3.289906308054924011e-02,-3.331988751888275146e-01,-6.480940341949462891e+00,7.758415603637695312e+01
3.315807506442070007e-02,-3.331397473812103271e-01,-6.482726097106933594e+00,7.758939814567565918e+01
3.344818577170372009e-02,-3.330402076244354248e-01,-6.484515190124511719e+00,7.759437608718872070e+01
3.350468724966049194e-02,-3.331575095653533936e-01,-6.485505580902099609e+00,7.759938001632690430e+01
3.365855664014816284e-02,-3.331921398639678955e-01,-6.486723423004150391e+00,7.760433602333068848e+01
3.378383070230484009e-02,-3.332719504833221436e-01,-6.487782478332519531e+00,7.760938906669616699e+01
3.275825455784797668e-02,-3.340906798839569092e-01,-6.489238262176513672e+00,7.761425018310546875e+01
3.284866362810134888e-02,-3.340592384338378906e-01,-6.490100860595703125e+00,7.761937212944030762e+01
3.294609487056732178e-02,-3.339805901050567627e-01,-6.490893840789794922e+00,7.762433004379272461e+01
3.269750624895095825e-02,-3.340820372104644775e-01,-6.492357254028320312e+00,7.762943911552429199e+01
3.251607716083526611e-02,-3.341393768787384033e-01,-6.493570327758789062e+00,7.763434815406799316e+01
3.224306553602218628e-02,-3.342287242412567139e-01,-6.494884490966796875e+00,7.763935208320617676e+01
3.240406885743141174e-02,-3.340529501438140869e-01,-6.496299743652343750e+00,7.764429116249084473e+01
3.139295428991317749e-02,-3.347654342651367188e-01,-6.501673698425292969e+00,7.764924907684326172e+01
3.145150467753410339e-02,-3.346728384494781494e-01,-6.503702163696289062e+00,7.765437602996826172e+01
3.067069314420223236e-02,-3.351394534111022949e-01,-6.505755901336669922e+00,7.765953922271728516e+01
3.024828247725963593e-02,-3.353075385093688965e-01,-6.507985591888427734e+00,7.766443109512329102e+01
2.971024252474308014e-02,-3.355491757392883301e-01,-6.510308742523193359e+00,7.766944503784179688e+01
2.905897051095962524e-02,-3.358644247055053711e-01,-6.512726306915283203e+00,7.767440104484558105e+01
2.953626774251461029e-02,-3.344130516052246094e-01,-6.509983539581298828e+00,7.767946410179138184e+01
2.919974550604820251e-02,-3.343579471111297607e-01,-6.511493206024169922e+00,7.768439507484436035e+01
2.888112515211105347e-02,-3.342481851577758789e-01,-6.512943744659423828e+00,7.768946218490600586e+01
2.879286929965019226e-02,-3.344936668872833252e-01,-6.514344215393066406e+00,7.769488906860351562e+01
2.863268740475177765e-02,-3.345699608325958252e-01,-6.515588283538818359e+00,7.769949102401733398e+01
2.852261997759342194e-02,-3.346967995166778564e-01,-6.516730785369873047e+00,7.770437216758728027e+01
2.841548621654510498e-02,-3.348882496356964111e-01,-6.517812728881835938e+00,7.770943999290466309e+01
3.078789822757244110e-02,-3.354202508926391602e-01,-6.521671772003173828e+00,7.771435618400573730e+01
3.092904947698116302e-02,-3.355661034584045410e-01,-6.522920131683349609e+00,7.771943020820617676e+01
3.068969398736953735e-02,-3.354115784168243408e-01,-6.524374008178710938e+00,7.772452402114868164e+01
3.063301183283329010e-02,-3.354019522666931152e-01,-6.525677680969238281e+00,7.772952818870544434e+01
3.053707443177700043e-02,-3.353829681873321533e-01,-6.526971817016601562e+00,7.773436021804809570e+01
3.055184148252010345e-02,-3.356324434280395508e-01,-6.528522968292236328e+00,7.773953914642333984e+01
3.050609119236469269e-02,-3.357762098312377930e-01,-6.530031204223632812e+00,7.774454021453857422e+01
2.956081181764602661e-02,-3.344388902187347412e-01,-6.532078742980957031e+00,7.774952721595764160e+01
2.949502877891063690e-02,-3.344341218471527100e-01,-6.533890247344970703e+00,7.775452709197998047e+01
2.953695133328437805e-02,-3.341672420501708984e-01,-6.535542488098144531e+00,7.775965404510498047e+01
2.954125776886940002e-02,-3.340058326721191406e-01,-6.537389278411865234e+00,7.776463198661804199e+01
2.956457249820232391e-02,-3.338062763214111328e-01,-6.539292812347412109e+00,7.776953315734863281e+01
2.955933287739753723e-02,-3.337630927562713623e-01,-6.541198253631591797e+00,7.777450418472290039e+01
2.898808196187019348e-02,-3.346189558506011963e-01,-6.542261600494384766e+00,7.777954006195068359e+01
2.895303070545196533e-02,-3.346708118915557861e-01,-6.544188976287841797e+00,7.778454709053039551e+01
2.897891588509082794e-02,-3.344772458076477051e-01,-6.545684337615966797e+00,7.778966522216796875e+01
2.899307757616043091e-02,-3.344221115112304688e-01,-6.547396183013916016e+00,7.779478716850280762e+01
2.902472950518131256e-02,-3.343383669853210449e-01,-6.549077033996582031e+00,7.779969406127929688e+01
2.878753654658794403e-02,-3.343557715415954590e-01,-6.550700664520263672e+00,7.780455112457275391e+01
2.860893495380878448e-02,-3.343468606472015381e-01,-6.552285194396972656e+00,7.780969715118408203e+01
2.789924107491970062e-02,-3.360067009925842285e-01,-6.552893161773681641e+00,7.781463718414306641e+01
2.815168164670467377e-02,-3.360196053981781006e-01,-6.554436206817626953e+00,7.781967210769653320e+01
2.812516875565052032e-02,-3.361016213893890381e-01,-6.555864810943603516e+00,7.782466220855712891e+01
2.814724855124950409e-02,-3.361823558807373047e-01,-6.557275295257568359e+00,7.782967209815979004e+01
2.787972427904605865e-02,-3.364832997322082520e-01,-6.558773040771484375e+00,7.783491110801696777e+01
2.771695517003536224e-02,-3.367220163345336914e-01,-6.560259819030761719e+00,7.783967614173889160e+01
2.746851183474063873e-02,-3.365366756916046143e-01,-6.563451290130615234e+00,7.784463906288146973e+01
2.719808556139469147e-02,-3.368619680404663086e-01,-6.565182685852050781e+00,7.784987211227416992e+01
2.713399939239025116e-02,-3.366290032863616943e-01,-6.566464424133300781e+00,7.785485720634460449e+01
2.692196331918239594e-02,-3.367150127887725830e-01,-6.567969799041748047e+00,7.785997509956359863e+01
2.670706436038017273e-02,-3.367703855037689209e-01,-6.569428920745849609e+00,7.786479806900024414e+01
2.647037804126739502e-02,-3.370081484317779541e-01,-6.570825576782226562e+00,7.786985802650451660e+01
2.623167820274829865e-02,-3.371741473674774170e-01,-6.572186946868896484e+00,7.787478613853454590e+01
2.764228172600269318e-02,-3.359444439411163330e-01,-6.572216033935546875e+00,7.787974309921264648e+01
2.795243635773658752e-02,-3.359644711017608643e-01,-6.573718070983886719e+00,7.788476419448852539e+01
2.809554710984230042e-02,-3.360157608985900879e-01,-6.575079441070556641e+00,7.788976621627807617e+01
2.831107191741466522e-02,-3.360896110534667969e-01,-6.576455116271972656e+00,7.789500021934509277e+01
2.832743525505065918e-02,-3.361140191555023193e-01,-6.577972412109375000e+00,7.789987421035766602e+01
2.844906970858573914e-02,-3.361420929431915283e-01,-6.579485416412353516e+00,7.790484309196472168e+01
2.856300771236419678e-02,-3.361574411392211914e-01,-6.581037044525146484e+00,7.790991115570068359e+01
2.774380333721637726e-02,-3.360010981559753418e-01,-6.583327770233154297e+00,7.791484713554382324e+01
2.762477658689022064e-02,-3.360204100608825684e-01,-6.584985256195068359e+00,7.791991806030273438e+01
2.744853310286998749e-02,-3.360341787338256836e-01,-6.586688518524169922e+00,7.792492198944091797e+01
2.721514366567134857e-02,-3.360226154327392578e-01,-6.588440418243408203e+00,7.792995905876159668e+01
2.716237679123878479e-02,-3.359095156192779541e-01,-6.590091228485107422e+00,7.793492817878723145e+01
2.699040435254573822e-02,-3.358490765094757080e-01,-6.591814517974853516e+00,7.793999814987182617e+01
2.742572501301765442e-02,-3.356232345104217529e-01,-6.592702388763427734e+00,7.794494009017944336e+01
2.757241576910018921e-02,-3.358226716518402100e-01,-6.594175815582275391e+00,7.794996309280395508e+01
2.761300653219223022e-02,-3.358011245727539062e-01,-6.595753192901611328e+00,7.795497202873229980e+01
2.768779732286930084e-02,-3.357900083065032959e-01,-6.597321987152099609e+00,7.796011400222778320e+01
2.778347209095954895e-02,-3.357033729553222656e-01,-6.598896980285644531e+00,7.796486306190490723e+01
2.791150100529193878e-02,-3.356755673885345459e-01,-6.600457668304443359e+00,7.797007322311401367e+01
2.806326001882553101e-02,-3.356543481349945068e-01,-6.602029800415039062e+00,7.797488617897033691e+01
2.727359160780906677e-02,-3.371160626411437988e-01,-6.604443550109863281e+00,7.798001718521118164e+01
2.716385759413242340e-02,-3.371889591217041016e-01,-6.605998039245605469e+00,7.798489809036254883e+01
2.699906751513481140e-02,-3.372517824172973633e-01,-6.607535362243652344e+00,7.799001908302307129e+01
2.691071294248104095e-02,-3.371548950672149658e-01,-6.608983993530273438e+00,7.799524617195129395e+01
2.674807235598564148e-02,-3.370926976203918457e-01,-6.610441684722900391e+00,7.800008106231689453e+01
2.656824141740798950e-02,-3.369981348514556885e-01,-6.611867427825927734e+00,7.800506520271301270e+01
2.709997631609439850e-02,-3.366206586360931396e-01,-6.612079620361328125e+00,7.801002502441406250e+01
2.729489095509052277e-02,-3.369101285934448242e-01,-6.614085197448730469e+00,7.801503920555114746e+01
2.731994912028312683e-02,-3.369397222995758057e-01,-6.615762710571289062e+00,7.802008509635925293e+01
2.738330140709877014e-02,-3.369831144809722900e-01,-6.617516517639160156e+00,7.802489113807678223e+01
2.719531208276748657e-02,-3.369503915309906006e-01,-6.619398593902587891e+00,7.802990603446960449e+01
2.709139510989189148e-02,-3.369447588920593262e-01,-6.621343135833740234e+00,7.803487920761108398e+01
2.693995647132396698e-02,-3.369179964065551758e-01,-6.623395442962646484e+00,7.804007720947265625e+01
2.711844258010387421e-02,-3.369570076465606689e-01,-6.625195026397705078e+00,7.804489707946777344e+01
2.683515846729278564e-02,-3.375174999237060547e-01,-6.626094341278076172e+00,7.804994201660156250e+01
2.699951454997062683e-02,-3.376935422420501709e-01,-6.627744674682617188e+00,7.805485320091247559e+01
2.637562155723571777e-02,-3.376661539077758789e-01,-6.628955364227294922e+00,7.806029105186462402e+01
2.611687593162059784e-02,-3.377423882484436035e-01,-6.630294799804687500e+00,7.806509900093078613e+01
2.576878853142261505e-02,-3.377723097801208496e-01,-6.631556987762451172e+00,7.807000112533569336e+01
2.553979679942131042e-02,-3.377772569656372070e-01,-6.632818222045898438e+00,7.807506608963012695e+01
2.459524758160114288e-02,-3.385675847530364990e-01,-6.635013580322265625e+00,7.808038616180419922e+01
2.416507713496685028e-02,-3.386980891227722168e-01,-6.636028766632080078e+00,7.808524513244628906e+01
2.434391342103481293e-02,-3.389936983585357666e-01,-6.637207508087158203e+00,7.809042906761169434e+01
2.427596971392631531e-02,-3.392113745212554932e-01,-6.638255596160888672e+00,7.809559702873229980e+01
2.429809048771858215e-02,-3.394491970539093018e-01,-6.639282703399658203e+00,7.810025215148925781e+01
2.441520802676677704e-02,-3.396842181682586670e-01,-6.640275001525878906e+00,7.810521602630615234e+01
2.470449544489383698e-02,-3.398075699806213379e-01,-6.641508102416992188e+00,7.811017704010009766e+01
2.646798826754093170e-02,-3.381769955158233643e-01,-6.644149780273437500e+00,7.811524200439453125e+01
2.704799920320510864e-02,-3.381005525588989258e-01,-6.645437717437744141e+00,7.812021303176879883e+01
2.698936685919761658e-02,-3.381751179695129395e-01,-6.647004604339599609e+00,7.812531709671020508e+01
2.733230032026767731e-02,-3.381348550319671631e-01,-6.648515224456787109e+00,7.813028120994567871e+01
2.766461111605167389e-02,-3.380882441997528076e-01,-6.650084495544433594e+00,7.813519406318664551e+01
2.780279330909252167e-02,-3.380217254161834717e-01,-6.651820659637451172e+00,7.814022803306579590e+01
2.795404009521007538e-02,-3.379513025283813477e-01,-6.653607368469238281e+00,7.814523816108703613e+01
2.642722055315971375e-02,-3.380644917488098145e-01,-6.654929637908935547e+00,7.815027117729187012e+01
2.663716301321983337e-02,-3.382539153099060059e-01,-6.656491279602050781e+00,7.815524315834045410e+01
2.665262296795845032e-02,-3.383450210094451904e-01,-6.658335685729980469e+00,7.816065001487731934e+01
2.667389623820781708e-02,-3.384642004966735840e-01,-6.660176753997802734e+00,7.816528701782226562e+01
2.692954987287521362e-02,-3.383633792400360107e-01,-6.661659240722656250e+00,7.817035007476806641e+01
2.715770155191421509e-02,-3.383343815803527832e-01,-6.663223266601562500e+00,7.817524099349975586e+01
2.787947840988636017e-02,-3.385695219039916992e-01,-6.664648532867431641e+00,7.818033099174499512e+01
2.833224646747112274e-02,-3.384616076946258545e-01,-6.665979862213134766e+00,7.818535900115966797e+01
2.789677493274211884e-02,-3.389658927917480469e-01,-6.667101860046386719e+00,7.819029903411865234e+01
2.794684097170829773e-02,-3.391445279121398926e-01,-6.668190956115722656e+00,7.819540715217590332e+01
2.793212048709392548e-02,-3.393720388412475586e-01,-6.669205188751220703e+00,7.820033001899719238e+01
2.806738018989562988e-02,-3.393904864788055420e-01,-6.670310497283935547e+00,7.820525908470153809e+01
2.810627780854701996e-02,-3.395120799541473389e-01,-6.671275138854980469e+00,7.821039319038391113e+01
2.697251550853252411e-02,-3.397935628890991211e-01,-6.673422813415527344e+00,7.821535706520080566e+01
2.638644725084304810e-02,-3.399823307991027832e-01,-6.674857139587402344e+00,7.822041916847229004e+01
2.600991539657115936e-02,-3.401166200637817383e-01,-6.675984859466552734e+00,7.822552704811096191e+01
2.552898041903972626e-02,-3.402689099311828613e-01,-6.677142143249511719e+00,7.823047900199890137e+01
2.565888687968254089e-02,-3.402840495109558105e-01,-6.678421020507812500e+00,7.823536515235900879e+01
2.559525333344936371e-02,-3.403244018554687500e-01,-6.679716587066650391e+00,7.824049210548400879e+01
2.734485082328319550e-02,-3.392497301101684570e-01,-6.681928157806396484e+00,7.824547314643859863e+01
2.746490202844142914e-02,-3.393112123012542725e-01,-6.683717727661132812e+00,7.825047612190246582e+01
2.778101898729801178e-02,-3.392903804779052734e-01,-6.685470104217529297e+00,7.825535321235656738e+01
2.815662883222103119e-02,-3.392637073993682861e-01,-6.687320709228515625e+00,7.826086521148681641e+01
2.858522720634937286e-02,-3.392435610294342041e-01,-6.689244270324707031e+00,7.826549220085144043e+01
2.881895191967487335e-02,-3.392037749290466309e-01,-6.691126823425292969e+00,7.827047109603881836e+01
2.918903157114982605e-02,-3.391700088977813721e-01,-6.693124294281005859e+00,7.827536606788635254e+01
2.825044281780719757e-02,-3.394319415092468262e-01,-6.693225383758544922e+00,7.828094100952148438e+01
2.820622548460960388e-02,-3.394526839256286621e-01,-6.694970130920410156e+00,7.828553318977355957e+01
2.828855253756046295e-02,-3.395248949527740479e-01,-6.696805953979492188e+00,7.829067206382751465e+01
2.832693234086036682e-02,-3.396312296390533447e-01,-6.698655605316162109e+00,7.829571413993835449e+01
2.824143692851066589e-02,-3.397555649280548096e-01,-6.700064182281494141e+00,7.830063319206237793e+01
2.812661603093147278e-02,-3.398871123790740967e-01,-6.701567173004150391e+00,7.830551314353942871e+01
2.752501890063285828e-02,-3.405931591987609863e-01,-6.703010559082031250e+00,7.831064701080322266e+01
2.754221670329570770e-02,-3.405309319496154785e-01,-6.703586578369140625e+00,7.831557202339172363e+01
2.738442830741405487e-02,-3.405365347862243652e-01,-6.704344749450683594e+00,7.832064604759216309e+01
2.721967175602912903e-02,-3.405257761478424072e-01,-6.704931735992431641e+00,7.832574415206909180e+01
2.745575830340385437e-02,-3.406998813152313232e-01,-6.706299781799316406e+00,7.833062314987182617e+01
2.761861309409141541e-02,-3.408069014549255371e-01,-6.707275390625000000e+00,7.833547306060791016e+01
2.788684517145156860e-02,-3.409428894519805908e-01,-6.708283901214599609e+00,7.834057402610778809e+01
2.876519784331321716e-02,-3.410142660140991211e-01,-6.712674617767333984e+00,7.834567022323608398e+01
2.916208468377590179e-02,-3.411534726619720459e-01,-6.714368820190429688e+00,7.835062098503112793e+01
2.958026528358459473e-02,-3.412716388702392578e-01,-6.716205596923828125e+00,7.835561013221740723e+01
3.003634139895439148e-02,-3.414032757282257080e-01,-6.718169212341308594e+00,7.836084008216857910e+01
3.007391467690467834e-02,-3.414687812328338623e-01,-6.720346927642822266e+00,7.836557412147521973e+01
3.028440475463867188e-02,-3.415222167968750000e-01,-6.722632408142089844e+00,7.837076616287231445e+01
3.044342808425426483e-02,-3.415690958499908447e-01,-6.725051403045654297e+00,7.837564206123352051e+01
2.992839924991130829e-02,-3.406185507774353027e-01,-6.722409725189208984e+00,7.838073515892028809e+01
3.017158247530460358e-02,-3.406260907649993896e-01,-6.724364757537841797e+00,7.838566112518310547e+01
3.045750223100185394e-02,-3.406273126602172852e-01,-6.726316452026367188e+00,7.839083218574523926e+01
3.036319091916084290e-02,-3.406783342361450195e-01,-6.727807044982910156e+00,7.839574813842773438e+01
3.038299456238746643e-02,-3.406891822814941406e-01,-6.729419708251953125e+00,7.840085411071777344e+01
3.033282049000263214e-02,-3.406784236431121826e-01,-6.730944633483886719e+00,7.840573120117187500e+01
3.029634617269039154e-02,-3.415747582912445068e-01,-6.731885910034179688e+00,7.841084504127502441e+01
3.031199425458908081e-02,-3.417662978172302246e-01,-6.733140945434570312e+00,7.841574621200561523e+01
3.032673336565494537e-02,-3.419462740421295166e-01,-6.734386920928955078e+00,7.842085099220275879e+01
3.003757819533348083e-02,-3.422233462333679199e-01,-6.735664367675781250e+00,7.842654514312744141e+01
2.981025911867618561e-02,-3.425010144710540771e-01,-6.736824512481689453e+00,7.843084502220153809e+01
2.949505113065242767e-02,-3.427635729312896729e-01,-6.737942218780517578e+00,7.843570899963378906e+01
2.909309789538383484e-02,-3.430234193801879883e-01,-6.739006519317626953e+00,7.844097805023193359e+01
2.951588667929172516e-02,-3.427840769290924072e-01,-6.742456436157226562e+00,7.844584321975708008e+01
2.941745147109031677e-02,-3.429765403270721436e-01,-6.743756771087646484e+00,7.845085215568542480e+01
2.933892048895359039e-02,-3.431546092033386230e-01,-6.745062828063964844e+00,7.845582103729248047e+01
2.911535277962684631e-02,-3.433311581611633301e-01,-6.746772766113281250e+00,7.846114921569824219e+01
2.898283861577510834e-02,-3.435135185718536377e-01,-6.748309612274169922e+00,7.846585512161254883e+01
2.884161658585071564e-02,-3.437117040157318115e-01,-6.749908924102783203e+00,7.847085118293762207e+01
2.896131388843059540e-02,-3.438868522644042969e-01,-6.751474380493164062e+00,7.847602915763854980e+01
3.034351766109466553e-02,-3.418131470680236816e-01,-6.751652240753173828e+00,7.848098802566528320e+01
3.064219467341899872e-02,-3.417175412178039551e-01,-6.753236770629882812e+00,7.848596501350402832e+01
3.046841919422149658e-02,-3.418500125408172607e-01,-6.754771232604980469e+00,7.849088716506958008e+01
3.055744618177413940e-02,-3.418552577495574951e-01,-6.756378173828125000e+00,7.849678015708923340e+01
3.061980567872524261e-02,-3.418653905391693115e-01,-6.757997989654541016e+00,7.850097513198852539e+01
3.056659735739231110e-02,-3.417883515357971191e-01,-6.759444713592529297e+00,7.850596213340759277e+01
3.049764223396778107e-02,-3.417374491691589355e-01,-6.760946273803710938e+00,7.851079702377319336e+01
2.892539091408252716e-02,-3.424038290977478027e-01,-6.761885643005371094e+00,7.851575803756713867e+01
2.858896926045417786e-02,-3.424387574195861816e-01,-6.763268947601318359e+00,7.852102303504943848e+01
2.811990305781364441e-02,-3.427381813526153564e-01,-6.764174461364746094e+00,7.852625417709350586e+01
2.763275429606437683e-02,-3.429000079631805420e-01,-6.765268325805664062e+00,7.853113412857055664e+01
2.708143554627895355e-02,-3.430873155593872070e-01,-6.766296386718750000e+00,7.853600120544433594e+01
2.691372856497764587e-02,-3.430157899856567383e-01,-6.767188072204589844e+00,7.854097914695739746e+01
2.802914381027221680e-02,-3.420266509056091309e-01,-6.769340038299560547e+00,7.854582118988037109e+01
2.801705710589885712e-02,-3.417828679084777832e-01,-6.770007610321044922e+00,7.855093002319335938e+01
2.838693372905254364e-02,-3.420020937919616699e-01,-6.771584510803222656e+00,7.855603098869323730e+01
2.869547158479690552e-02,-3.419792652130126953e-01,-6.772627830505371094e+00,7.856113719940185547e+01
2.911252155900001526e-02,-3.419733345508575439e-01,-6.773748397827148438e+00,7.856603217124938965e+01
2.920000441372394562e-02,-3.417998850345611572e-01,-6.775245666503906250e+00,7.857111501693725586e+01
2.945373021066188812e-02,-3.417098522186279297e-01,-6.776716232299804688e+00,7.857613706588745117e+01
2.842732146382331848e-02,-3.427640497684478760e-01,-6.778585433959960938e+00,7.858088707923889160e+01
2.854668535292148590e-02,-3.427708745002746582e-01,-6.779928207397460938e+00,7.858604502677917480e+01
2.862296998500823975e-02,-3.427734971046447754e-01,-6.781476020812988281e+00,7.859089708328247070e+01
2.869790233671665192e-02,-3.427992761135101318e-01,-6.783021450042724609e+00,7.859608006477355957e+01
2.886353246867656708e-02,-3.429985344409942627e-01,-6.784288406372070312e+00,7.860115003585815430e+01
2.901409566402435303e-02,-3.431578278541564941e-01,-6.785633563995361328e+00,7.860604405403137207e+01
2.974930405616760254e-02,-3.432700037956237793e-01,-6.785325050354003906e+00,7.861104702949523926e+01
3.000974096357822418e-02,-3.434801101684570312e-01,-6.786509513854980469e+00,7.861607098579406738e+01
3.023455664515495300e-02,-3.434028625488281250e-01,-6.787627220153808594e+00,7.862105321884155273e+01
3.050817921757698059e-02,-3.435062170028686523e-01,-6.788674354553222656e+00,7.862662720680236816e+01
3.079867362976074219e-02,-3.436054289340972900e-01,-6.789652347564697266e+00,7.863123607635498047e+01
3.109340555965900421e-02,-3.438473045825958252e-01,-6.790634155273437500e+00,7.863696503639221191e+01
3.140513598918914795e-02,-3.440484702587127686e-01,-6.791547298431396484e+00,7.864123010635375977e+01
3.016899339854717255e-02,-3.439380228519439697e-01,-6.794733047485351562e+00,7.864692616462707520e+01
3.005906008183956146e-02,-3.436750173568725586e-01,-6.795807361602783203e+00,7.865118122100830078e+01
3.007968887686729431e-02,-3.436181247234344482e-01,-6.796860218048095703e+00,7.865665102005004883e+01
3.006095252931118011e-02,-3.435022234916687012e-01,-6.797882080078125000e+00,7.866142201423645020e+01
3.012103028595447540e-02,-3.435293734073638916e-01,-6.799170494079589844e+00,7.866619515419006348e+01
3.012283332645893097e-02,-3.434795141220092773e-01,-6.800377368927001953e+00,7.867128801345825195e+01
3.011413477361202240e-02,-3.434353768825531006e-01,-6.801634311676025391e+00,7.867622303962707520e+01
3.158540651202201843e-02,-3.426652252674102783e-01,-6.802088260650634766e+00,7.868121409416198730e+01
3.165934607386589050e-02,-3.425499200820922852e-01,-6.803715229034423828e+00,7.868669414520263672e+01
3.172569349408149719e-02,-3.424119353294372559e-01,-6.805471897125244141e+00,7.869117212295532227e+01
3.178230673074722290e-02,-3.422609865665435791e-01,-6.807352066040039062e+00,7.869672107696533203e+01
3.135421499609947205e-02,-3.422663807868957520e-01,-6.809475898742675781e+00,7.870120120048522949e+01
3.107116185128688812e-02,-3.421833813190460205e-01,-6.811705112457275391e+00,7.870631504058837891e+01
2.966271340847015381e-02,-3.432187438011169434e-01,-6.812850475311279297e+00,7.871136116981506348e+01
2.934045158326625824e-02,-3.430458605289459229e-01,-6.814262866973876953e+00,7.871692299842834473e+01
2.878598496317863464e-02,-3.429950475692749023e-01,-6.816211700439453125e+00,7.872134017944335938e+01
2.817599289119243622e-02,-3.429187536239624023e-01,-6.818152904510498047e+00,7.872670102119445801e+01
2.767266891896724701e-02,-3.429994881153106689e-01,-6.819640636444091797e+00,7.873145914077758789e+01
2.709073200821876526e-02,-3.430249392986297607e-01,-6.821180343627929688e+00,7.873676609992980957e+01
2.649953775107860565e-02,-3.430758416652679443e-01,-6.822588920593261719e+00,7.874129104614257812e+01
2.817909605801105499e-02,-3.444587290287017822e-01,-6.823230266571044922e+00,7.874664807319641113e+01
2.785447426140308380e-02,-3.446149528026580811e-01,-6.824333190917968750e+00,7.875145316123962402e+01
2.755075134336948395e-02,-3.447903096675872803e-01,-6.825328350067138672e+00,7.875689101219177246e+01
2.748954296112060547e-02,-3.449333310127258301e-01,-6.826386451721191406e+00,7.876172113418579102e+01
2.741597592830657959e-02,-3.450987339019775391e-01,-6.827343940734863281e+00,7.876682519912719727e+01
2.742469869554042816e-02,-3.452565670013427734e-01,-6.828263759613037109e+00,7.877156209945678711e+01
2.791501209139823914e-02,-3.448916971683502197e-01,-6.830472469329833984e+00,7.877688813209533691e+01
2.814795635640621185e-02,-3.451611995697021484e-01,-6.831915378570556641e+00,7.878133416175842285e+01
2.847401052713394165e-02,-3.453631699085235596e-01,-6.833139419555664062e+00,7.878675508499145508e+01
2.887253649532794952e-02,-3.455666303634643555e-01,-6.834391593933105469e+00,7.879145121574401855e+01
2.929021418094635010e-02,-3.456921875476837158e-01,-6.835846424102783203e+00,7.879703903198242188e+01
2.979332581162452698e-02,-3.458514511585235596e-01,-6.837301254272460938e+00,7.880151414871215820e+01
3.035603091120719910e-02,-3.460109531879425049e-01,-6.838830471038818359e+00,7.880678105354309082e+01
2.990766614675521851e-02,-3.440811336040496826e-01,-6.841345310211181641e+00,7.881158304214477539e+01
3.050253726541996002e-02,-3.440503478050231934e-01,-6.843246936798095703e+00,7.881685900688171387e+01
3.115484304726123810e-02,-3.440129458904266357e-01,-6.845238685607910156e+00,7.882153010368347168e+01
3.069115616381168365e-02,-3.433939218521118164e-01,-6.845720767974853516e+00,7.882706499099731445e+01
3.101529181003570557e-02,-3.430170118808746338e-01,-6.847306251525878906e+00,7.883157110214233398e+01
3.131073713302612305e-02,-3.425710201263427734e-01,-6.848836898803710938e+00,7.883697199821472168e+01
3.141178935766220093e-02,-3.423819243907928467e-01,-6.850431442260742188e+00,7.884153509140014648e+01
2.836700528860092163e-02,-3.447525203227996826e-01,-6.852781772613525391e+00,7.884682917594909668e+01
2.809603512287139893e-02,-3.449392318725585938e-01,-6.854435443878173828e+00,7.885157513618469238e+01
2.796174213290214539e-02,-3.449151217937469482e-01,-6.856235027313232422e+00,7.885678911209106445e+01
2.769236266613006592e-02,-3.450326621532440186e-01,-6.857967376708984375e+00,7.886183309555053711e+01
2.739167958498001099e-02,-3.451595306396484375e-01,-6.859731674194335938e+00,7.886696314811706543e+01
2.705531753599643707e-02,-3.452666997909545898e-01,-6.861534595489501953e+00,7.887181520462036133e+01
2.692111395299434662e-02,-3.454331159591674805e-01,-6.863389968872070312e+00,7.887683510780334473e+01
2.845481410622596741e-02,-3.452286124229431152e-01,-6.864550590515136719e+00,7.888170003890991211e+01
2.838684059679508209e-02,-3.452540636062622070e-01,-6.866448402404785156e+00,7.888685417175292969e+01
2.832738496363162994e-02,-3.454420864582061768e-01,-6.868225097656250000e+00,7.889177298545837402e+01
2.828394621610641479e-02,-3.455559313297271729e-01,-6.870100498199462891e+00,7.889699602127075195e+01
2.825265564024448395e-02,-3.456993997097015381e-01,-6.871981620788574219e+00,7.890172505378723145e+01
2.791708521544933319e-02,-3.457049131393432617e-01,-6.873680114746093750e+00,7.890705800056457520e+01
2.764098905026912689e-02,-3.457558751106262207e-01,-6.875422954559326172e+00,7.891172409057617188e+01
2.629195526242256165e-02,-3.455565571784973145e-01,-6.875956058502197266e+00,7.891683006286621094e+01
2.609041705727577209e-02,-3.457580208778381348e-01,-6.877277851104736328e+00,7.892156505584716797e+01
2.567487582564353943e-02,-3.458067476749420166e-01,-6.878661632537841797e+00,7.892701220512390137e+01
2.525687217712402344e-02,-3.458825945854187012e-01,-6.879963397979736328e+00,7.893178606033325195e+01
2.549140900373458862e-02,-3.459273576736450195e-01,-6.881190299987792969e+00,7.893682599067687988e+01
2.562540024518966675e-02,-3.460008800029754639e-01,-6.882338047027587891e+00,7.894157409667968750e+01
2.861410379409790039e-02,-3.465147316455841064e-01,-6.884688854217529297e+00,7.894683098793029785e+01
2.940870076417922974e-02,-3.466273546218872070e-01,-6.885792255401611328e+00,7.895176100730895996e+01
2.877317182719707489e-02,-3.469875156879425049e-01,-6.887651920318603516e+00,7.895703101158142090e+01
2.901947684586048126e-02,-3.472618758678436279e-01,-6.889077186584472656e+00,7.896195602416992188e+01
2.920736931264400482e-02,-3.475660085678100586e-01,-6.890565395355224609e+00,7.896703600883483887e+01
2.958019822835922241e-02,-3.476844727993011475e-01,-6.892057895660400391e+00,7.897184610366821289e+01
2.819860167801380157e-02,-3.469986915588378906e-01,-6.892485141754150391e+00,7.897704815864562988e+01
2.837980166077613831e-02,-3.471488058567047119e-01,-6.893895626068115234e+00,7.898168015480041504e+01
2.856625989079475403e-02,-3.474155068397521973e-01,-6.895245552062988281e+00,7.898679900169372559e+01
2.877423726022243500e-02,-3.476206064224243164e-01,-6.896650791168212891e+00,7.899189901351928711e+01
2.899606339633464813e-02,-3.478323817253112793e-01,-6.898076057434082031e+00,7.899699115753173828e+01
2.944073826074600220e-02,-3.478980958461761475e-01,-6.899441242218017578e+00,7.900193810462951660e+01
2.986927889287471771e-02,-3.480034470558166504e-01,-6.900821685791015625e+00,7.900700211524963379e+01
3.152516856789588928e-02,-3.459155559539794922e-01,-6.901832580566406250e+00,7.901200509071350098e+01
3.181084990501403809e-02,-3.460299968719482422e-01,-6.903191566467285156e+00,7.901728010177612305e+01
3.231835737824440002e-02,-3.459758758544921875e-01,-6.904471397399902344e+00,7.902191901206970215e+01
3.281226754188537598e-02,-3.459312915802001953e-01,-6.905760765075683594e+00,7.902709317207336426e+01
3.301057219505310059e-02,-3.458216786384582520e-01,-6.907005786895751953e+00,7.903222012519836426e+01
3.323151543736457825e-02,-3.457707464694976807e-01,-6.908271312713623047e+00,7.903705501556396484e+01
3.335798531770706177e-02,-3.457261025905609131e-01,-6.909543037414550781e+00,7.904183506965637207e+01
3.016736358404159546e-02,-3.470569252967834473e-01,-6.912848949432373047e+00,7.904723811149597168e+01
3.004620969295501709e-02,-3.471308946609497070e-01,-6.914148330688476562e+00,7.905200004577636719e+01
2.974457480013370514e-02,-3.472389578819274902e-01,-6.915454387664794922e+00,7.905714917182922363e+01
2.938258647918701172e-02,-3.473563790321350098e-01,-6.916735172271728516e+00,7.906210017204284668e+01
2.927917614579200745e-02,-3.473858237266540527e-01,-6.918042182922363281e+00,7.906709218025207520e+01
2.906874567270278931e-02,-3.474408686161041260e-01,-6.919322490692138672e+00,7.907198405265808105e+01
2.888666093349456787e-02,-3.474858999252319336e-01,-6.920605659484863281e+00,7.907700204849243164e+01
3.119715861976146698e-02,-3.468538820743560791e-01,-6.923207283020019531e+00,7.908199715614318848e+01
3.119390644133090973e-02,-3.468703627586364746e-01,-6.924849510192871094e+00,7.908721518516540527e+01
3.117672912776470184e-02,-3.469066619873046875e-01,-6.926580905914306641e+00,7.909226417541503906e+01
3.111424669623374939e-02,-3.468707203865051270e-01,-6.928175926208496094e+00,7.909722614288330078e+01
3.104202821850776672e-02,-3.468613922595977783e-01,-6.929872035980224609e+00,7.910204815864562988e+01
3.094560094177722931e-02,-3.468461930751800537e-01,-6.931579113006591797e+00,7.910728216171264648e+01
2.987155318260192871e-02,-3.464316427707672119e-01,-6.931666851043701172e+00,7.911204719543457031e+01
2.963220886886119843e-02,-3.462592065334320068e-01,-6.933209419250488281e+00,7.911711716651916504e+01
2.935387380421161652e-02,-3.460633456707000732e-01,-6.934746265411376953e+00,7.912202906608581543e+01
2.903995290398597717e-02,-3.458409607410430908e-01,-6.936297416687011719e+00,7.912733721733093262e+01
2.912336960434913635e-02,-3.458399474620819092e-01,-6.937891960144042969e+00,7.913210701942443848e+01
2.903144061565399170e-02,-3.457278013229370117e-01,-6.939444541931152344e+00,7.913721203804016113e+01
2.898731827735900879e-02,-3.456403911113739014e-01,-6.941005706787109375e+00,7.914210820198059082e+01
2.988330088555812836e-02,-3.471289575099945068e-01,-6.943773746490478516e+00,7.914715218544006348e+01
2.977596595883369446e-02,-3.470102250576019287e-01,-6.945716381072998047e+00,7.915228605270385742e+01
2.965074032545089722e-02,-3.468728661537170410e-01,-6.947729587554931641e+00,7.915722298622131348e+01
2.916526421904563904e-02,-3.473282456398010254e-01,-6.949555873870849609e+00,7.916225600242614746e+01
2.878399379551410675e-02,-3.475007116794586182e-01,-6.951540946960449219e+00,7.916717600822448730e+01
2.832649275660514832e-02,-3.477324247360229492e-01,-6.953552246093750000e+00,7.917225313186645508e+01
2.814855985343456268e-02,-3.474553525447845459e-01,-6.955242633819580078e+00,7.917718219757080078e+01
2.825245074927806854e-02,-3.468157649040222168e-01,-6.955065727233886719e+00,7.918216705322265625e+01
2.807526662945747375e-02,-3.464739024639129639e-01,-6.956523895263671875e+00,7.918722605705261230e+01
2.749941870570182800e-02,-3.466412723064422607e-01,-6.958447933197021484e+00,7.919228816032409668e+01
2.709420397877693176e-02,-3.464639484882354736e-01,-6.960106372833251953e+00,7.919742703437805176e+01
2.663063444197177887e-02,-3.462801575660705566e-01,-6.961830615997314453e+00,7.920220708847045898e+01
2.610743790864944458e-02,-3.461065292358398438e-01,-6.963598728179931641e+00,7.920724010467529297e+01
2.596658840775489807e-02,-3.491188585758209229e-01,-6.965692996978759766e+00,7.921224021911621094e+01
2.590714395046234131e-02,-3.492910563945770264e-01,-6.967102527618408203e+00,7.921726918220520020e+01
2.590272575616836548e-02,-3.494491875171661377e-01,-6.968456268310546875e+00,7.922227406501770020e+01
2.583542466163635254e-02,-3.496329784393310547e-01,-6.969517707824707031e+00,7.922742915153503418e+01
2.589013241231441498e-02,-3.498151600360870361e-01,-6.970625400543212891e+00,7.923230814933776855e+01
2.599455229938030243e-02,-3.500074446201324463e-01,-6.971639156341552734e+00,7.923725318908691406e+01
2.621490322053432465e-02,-3.504646718502044678e-01,-6.973012447357177734e+00,7.924229621887207031e+01
2.552483230829238892e-02,-3.494482636451721191e-01,-6.976734161376953125e+00,7.924743103981018066e+01
2.580945938825607300e-02,-3.497965633869171143e-01,-6.978219032287597656e+00,7.925234413146972656e+01
2.521184086799621582e-02,-3.497132062911987305e-01,-6.979900836944580078e+00,7.925739002227783203e+01
2.500795014202594757e-02,-3.498612642288208008e-01,-6.981556892395019531e+00,7.926241612434387207e+01
2.470250055193901062e-02,-3.499898612499237061e-01,-6.983263969421386719e+00,7.926740598678588867e+01
2.469943277537822723e-02,-3.502010703086853027e-01,-6.984650135040283203e+00,7.927230215072631836e+01
2.452805265784263611e-02,-3.503488600254058838e-01,-6.986155509948730469e+00,7.927787208557128906e+01
2.322037518024444580e-02,-3.491291403770446777e-01,-6.985953807830810547e+00,7.928249311447143555e+01
2.290467545390129089e-02,-3.491244316101074219e-01,-6.987192153930664062e+00,7.928777408599853516e+01
2.264268510043621063e-02,-3.491563498973846436e-01,-6.988347530364990234e+00,7.929285717010498047e+01
2.237111702561378479e-02,-3.491981625556945801e-01,-6.989420413970947266e+00,7.929769921302795410e+01
2.208568528294563293e-02,-3.492343723773956299e-01,-6.990436077117919922e+00,7.930247211456298828e+01
2.206500805914402008e-02,-3.493513464927673340e-01,-6.992056369781494141e+00,7.930748510360717773e+01
2.194296196103096008e-02,-3.494500219821929932e-01,-6.993388652801513672e+00,7.931254601478576660e+01
2.319167926907539368e-02,-3.488459587097167969e-01,-6.996901035308837891e+00,7.931751012802124023e+01
2.294068969786167145e-02,-3.487910032272338867e-01,-6.998857021331787109e+00,7.932247018814086914e+01
2.286184206604957581e-02,-3.488005399703979492e-01,-7.000772476196289062e+00,7.932775306701660156e+01
2.277200296521186829e-02,-3.487936854362487793e-01,-7.002777576446533203e+00,7.933249211311340332e+01
2.249911054968833923e-02,-3.488549888134002686e-01,-7.004703521728515625e+00,7.933748412132263184e+01
2.223405614495277405e-02,-3.488979637622833252e-01,-7.006766796112060547e+00,7.934246420860290527e+01
2.135321684181690216e-02,-3.495130836963653564e-01,-7.006276130676269531e+00,7.934749412536621094e+01
2.125711180269718170e-02,-3.494464159011840820e-01,-7.007519721984863281e+00,7.935259103775024414e+01
2.097072638571262360e-02,-3.495054543018341064e-01,-7.009050369262695312e+00,7.935760402679443359e+01
2.069711126387119293e-02,-3.495389819145202637e-01,-7.010490894317626953e+00,7.936255812644958496e+01
2.082495950162410736e-02,-3.496889770030975342e-01,-7.011709690093994141e+00,7.936758399009704590e+01
2.090214379131793976e-02,-3.497961461544036865e-01,-7.012874126434326172e+00,7.937260699272155762e+01
2.274485491216182709e-02,-3.499059975147247314e-01,-7.014321327209472656e+00,7.937759900093078613e+01
2.325472980737686157e-02,-3.500277400016784668e-01,-7.015223503112792969e+00,7.938259315490722656e+01
2.327992394566535950e-02,-3.500926792621612549e-01,-7.016425609588623047e+00,7.938763904571533203e+01
2.367678843438625336e-02,-3.502028286457061768e-01,-7.017330646514892578e+00,7.939281606674194336e+01
2.410689182579517365e-02,-3.503061234951019287e-01,-7.018185138702392578e+00,7.939770102500915527e+01
2.414488047361373901e-02,-3.503066599369049072e-01,-7.019256591796875000e+00,7.940260314941406250e+01
2.427986636757850647e-02,-3.503309190273284912e-01,-7.020228862762451172e+00,7.940764904022216797e+01
2.120647765696048737e-02,-3.501025438308715820e-01,-7.023662567138671875e+00,7.941258811950683594e+01
2.119274809956550598e-02,-3.502604365348815918e-01,-7.025284290313720703e+00,7.941766619682312012e+01
2.094614319503307343e-02,-3.503515124320983887e-01,-7.026784896850585938e+00,7.942272114753723145e+01
2.068221196532249451e-02,-3.504591584205627441e-01,-7.028361797332763672e+00,7.942789506912231445e+01
2.049377188086509705e-02,-3.504088819026947021e-01,-7.030106067657470703e+00,7.943273615837097168e+01
2.027501724660396576e-02,-3.503935039043426514e-01,-7.031914234161376953e+00,7.943775510787963867e+01
2.006569504737854004e-02,-3.503387272357940674e-01,-7.033826828002929688e+00,7.944270420074462891e+01
2.275656536221504211e-02,-3.490508198738098145e-01,-7.034234523773193359e+00,7.944774699211120605e+01
2.284927852451801300e-02,-3.489781618118286133e-01,-7.036287784576416016e+00,7.945273303985595703e+01
2.296281419694423676e-02,-3.488847613334655762e-01,-7.038444519042968750e+00,7.945778703689575195e+01
2.310836501419544220e-02,-3.487901687622070312e-01,-7.040668487548828125e+00,7.946297407150268555e+01
2.282596193253993988e-02,-3.486716151237487793e-01,-7.042364597320556641e+00,7.946766710281372070e+01
2.272241376340389252e-02,-3.485386669635772705e-01,-7.044392108917236328e+00,7.947270798683166504e+01
2.073111385107040405e-02,-3.497466444969177246e-01,-7.044054985046386719e+00,7.947773718833923340e+01
2.079050801694393158e-02,-3.498131036758422852e-01,-7.044946193695068359e+00,7.948275208473205566e+01
2.059722878038883209e-02,-3.498036861419677734e-01,-7.046039581298828125e+00,7.948779916763305664e+01
2.042026631534099579e-02,-3.497906327247619629e-01,-7.046996593475341797e+00,7.949294018745422363e+01
2.047613076865673065e-02,-3.497369289398193359e-01,-7.048167705535888672e+00,7.949781417846679688e+01
2.051356062293052673e-02,-3.496970832347869873e-01,-7.049136161804199219e+00,7.950283408164978027e+01
2.062783576548099518e-02,-3.496473729610443115e-01,-7.050067901611328125e+00,7.950784802436828613e+01
2.366683259606361389e-02,-3.512559533119201660e-01,-7.054714202880859375e+00,7.951285314559936523e+01
2.389521338045597076e-02,-3.514231145381927490e-01,-7.056130886077880859e+00,7.951810622215270996e+01
2.410641126334667206e-02,-3.515967130661010742e-01,-7.057602882385253906e+00,7.952274799346923828e+01
2.426376193761825562e-02,-3.516938686370849609e-01,-7.059039115905761719e+00,7.952830815315246582e+01
2.440535835921764374e-02,-3.518162071704864502e-01,-7.060534954071044922e+00,7.953281521797180176e+01
2.451730705797672272e-02,-3.519247472286224365e-01,-7.062052249908447266e+00,7.953785514831542969e+01
2.452883869409561157e-02,-3.520342707633972168e-01,-7.063668251037597656e+00,7.954323005676269531e+01
2.268946915864944458e-02,-3.503969609737396240e-01,-7.064234256744384766e+00,7.954785513877868652e+01
2.247236296534538269e-02,-3.503782153129577637e-01,-7.065861225128173828e+00,7.955293321609497070e+01
2.220896445214748383e-02,-3.503594994544982910e-01,-7.067527294158935547e+00,7.955802702903747559e+01
2.182377688586711884e-02,-3.505349159240722656e-01,-7.069420337677001953e+00,7.956307220458984375e+01
2.141747809946537018e-02,-3.506080210208892822e-01,-7.071290969848632812e+00,7.956805014610290527e+01
2.094794064760208130e-02,-3.507090806961059570e-01,-7.073246479034423828e+00,7.957297706604003906e+01
2.185029536485671997e-02,-3.503990769386291504e-01,-7.074315547943115234e+00,7.957824516296386719e+01
2.176503837108612061e-02,-3.502931892871856689e-01,-7.076050281524658203e+00,7.958294820785522461e+01
2.171649038791656494e-02,-3.501560986042022705e-01,-7.077783107757568359e+00,7.958826017379760742e+01
2.154278382658958435e-02,-3.501823544502258301e-01,-7.078963756561279297e+00,7.959307599067687988e+01
2.147075720131397247e-02,-3.500976562500000000e-01,-7.080324649810791016e+00,7.959833908081054688e+01
2.140876837074756622e-02,-3.500265181064605713e-01,-7.081558704376220703e+00,7.960297608375549316e+01
2.159778028726577759e-02,-3.499943614006042480e-01,-7.082872867584228516e+00,7.960803318023681641e+01
2.100413665175437927e-02,-3.511560261249542236e-01,-7.085641860961914062e+00,7.961296105384826660e+01
2.121366374194622040e-02,-3.512177467346191406e-01,-7.087018013000488281e+00,7.961837720870971680e+01
2.104586921632289886e-02,-3.512673974037170410e-01,-7.088822364807128906e+00,7.962306809425354004e+01
2.111208625137805939e-02,-3.513081967830657959e-01,-7.090451717376708984e+00,7.962852907180786133e+01
2.117216773331165314e-02,-3.513225317001342773e-01,-7.092142105102539062e+00,7.963304615020751953e+01
2.121886052191257477e-02,-3.513460457324981689e-01,-7.093880653381347656e+00,7.963825511932373047e+01
2.143842913210391998e-02,-3.513874709606170654e-01,-7.095518589019775391e+00,7.964309501647949219e+01
2.197452262043952942e-02,-3.512514233589172363e-01,-7.095924377441406250e+00,7.964813017845153809e+01
2.217358909547328949e-02,-3.513100445270538330e-01,-7.097486972808837891e+00,7.965305399894714355e+01
2.214399538934230804e-02,-3.513414561748504639e-01,-7.099002838134765625e+00,7.965811419486999512e+01
2.224108576774597168e-02,-3.514034450054168701e-01,-7.100557327270507812e+00,7.966318011283874512e+01
2.232178300619125366e-02,-3.514700829982757568e-01,-7.102115631103515625e+00,7.966801810264587402e+01
2.241378836333751678e-02,-3.514766991138458252e-01,-7.103562831878662109e+00,7.967306208610534668e+01
2.248542569577693939e-02,-3.514908850193023682e-01,-7.105037212371826172e+00,7.967809605598449707e+01
2.210564352571964264e-02,-3.513321280479431152e-01,-7.106836318969726562e+00,7.968314599990844727e+01
2.209939993917942047e-02,-3.514147698879241943e-01,-7.108404636383056641e+00,7.968823814392089844e+01
2.209651470184326172e-02,-3.514311909675598145e-01,-7.109892368316650391e+00,7.969352102279663086e+01
2.208003215491771698e-02,-3.514539301395416260e-01,-7.111379623413085938e+00,7.969808602333068848e+01
2.208233438432216644e-02,-3.515031337738037109e-01,-7.112801551818847656e+00,7.970322299003601074e+01
2.206719294190406799e-02,-3.515586555004119873e-01,-7.114236831665039062e+00,7.970837020874023438e+01
2.224535122513771057e-02,-3.518965244293212891e-01,-7.116750240325927734e+00,7.971317410469055176e+01
2.225134521722793579e-02,-3.520072102546691895e-01,-7.118234157562255859e+00,7.971828913688659668e+01
2.240007743239402771e-02,-3.521015346050262451e-01,-7.119606018066406250e+00,7.972322320938110352e+01
2.247612737119197845e-02,-3.522151410579681396e-01,-7.121006488800048828e+00,7.972874212265014648e+01
2.257070690393447876e-02,-3.523271977901458740e-01,-7.122371673583984375e+00,7.973328399658203125e+01
2.244698815047740936e-02,-3.524720668792724609e-01,-7.123904228210449219e+00,7.973822116851806641e+01
2.177102677524089813e-02,-3.525697290897369385e-01,-7.125690460205078125e+00,7.974320101737976074e+01
2.151982113718986511e-02,-3.527935743331909180e-01,-7.127314090728759766e+00,7.974831008911132812e+01
2.150608040392398834e-02,-3.526842296123504639e-01,-7.128770828247070312e+00,7.975334811210632324e+01
2.133255824446678162e-02,-3.527377247810363770e-01,-7.130334377288818359e+00,7.975836420059204102e+01
2.115502581000328064e-02,-3.527621328830718994e-01,-7.131896972656250000e+00,7.976334714889526367e+01
2.100080437958240509e-02,-3.528905510902404785e-01,-7.133449077606201172e+00,7.976838612556457520e+01
2.083970978856086731e-02,-3.529601991176605225e-01,-7.134998798370361328e+00,7.977335214614868164e+01
2.156070247292518616e-02,-3.521429896354675293e-01,-7.136019229888916016e+00,7.977839517593383789e+01
2.157454751431941986e-02,-3.521264791488647461e-01,-7.137628555297851562e+00,7.978322720527648926e+01
2.156821638345718384e-02,-3.521165847778320312e-01,-7.139204025268554688e+00,7.978837203979492188e+01
2.158046327531337738e-02,-3.521146774291992188e-01,-7.140794277191162109e+00,7.979340219497680664e+01
2.160553261637687683e-02,-3.521428704261779785e-01,-7.142386913299560547e+00,7.979871010780334473e+01
2.165413647890090942e-02,-3.521611988544464111e-01,-7.143999099731445312e+00,7.980326604843139648e+01
2.172227017581462860e-02,-3.521874248981475830e-01,-7.145618915557861328e+00,7.980842399597167969e+01
2.159973792731761932e-02,-3.529551029205322266e-01,-7.147116661071777344e+00,7.981335616111755371e+01
2.193818800151348114e-02,-3.530266284942626953e-01,-7.148509025573730469e+00,7.981857705116271973e+01
2.219169400632381439e-02,-3.531017005443572998e-01,-7.150022983551025391e+00,7.982344412803649902e+01
2.249754033982753754e-02,-3.531762361526489258e-01,-7.151521205902099609e+00,7.982874417304992676e+01
2.254091016948223114e-02,-3.532164394855499268e-01,-7.153031826019287109e+00,7.983345103263854980e+01
2.268809266388416290e-02,-3.532782196998596191e-01,-7.154504776000976562e+00,7.983875918388366699e+01
2.177778817713260651e-02,-3.534396886825561523e-01,-7.155982017517089844e+00,7.984344911575317383e+01
2.163682319223880768e-02,-3.535228967666625977e-01,-7.157433032989501953e+00,7.984856104850769043e+01
2.148337103426456451e-02,-3.535968959331512451e-01,-7.158840179443359375e+00,7.985343217849731445e+01
2.128786221146583557e-02,-3.536790609359741211e-01,-7.160229682922363281e+00,7.985863518714904785e+01
2.114943414926528931e-02,-3.537559807300567627e-01,-7.161538600921630859e+00,7.986341500282287598e+01
2.095185965299606323e-02,-3.538348972797393799e-01,-7.162843227386474609e+00,7.986857318878173828e+01
2.073759026825428009e-02,-3.539078533649444580e-01,-7.164116382598876953e+00,7.987342119216918945e+01
2.167820371687412262e-02,-3.536395728588104248e-01,-7.165048599243164062e+00,7.987844800949096680e+01
2.166172116994857788e-02,-3.536654710769653320e-01,-7.166297435760498047e+00,7.988368105888366699e+01
2.165756188333034515e-02,-3.536631464958190918e-01,-7.167553901672363281e+00,7.988866400718688965e+01
2.167069166898727417e-02,-3.536316752433776855e-01,-7.168806552886962891e+00,7.989392018318176270e+01
2.156109921634197235e-02,-3.537311553955078125e-01,-7.170346736907958984e+00,7.989858412742614746e+01
2.152156829833984375e-02,-3.537852764129638672e-01,-7.171762943267822266e+00,7.990365099906921387e+01
2.147458307445049286e-02,-3.538543283939361572e-01,-7.173237800598144531e+00,7.990848898887634277e+01
2.057038061320781708e-02,-3.537646830081939697e-01,-7.175787448883056641e+00,7.991358399391174316e+01
2.043624036014080048e-02,-3.537945747375488281e-01,-7.177504539489746094e+00,7.991892814636230469e+01
2.029378525912761688e-02,-3.538216650485992432e-01,-7.179271221160888672e+00,7.992365121841430664e+01
2.171847783029079437e-02,-3.536544442176818848e-01,-7.180546760559082031e+00,7.992897319793701172e+01
2.216418646275997162e-02,-3.536814153194427490e-01,-7.182186603546142578e+00,7.993362903594970703e+01
2.271502092480659485e-02,-3.536725044250488281e-01,-7.183863639831542969e+00,7.993861222267150879e+01
2.303070947527885437e-02,-3.537087142467498779e-01,-7.185362339019775391e+00,7.994377303123474121e+01
2.220168523490428925e-02,-3.537651002407073975e-01,-7.185364246368408203e+00,7.994871211051940918e+01
2.247056551277637482e-02,-3.537358045578002930e-01,-7.186699867248535156e+00,7.995378518104553223e+01
2.234963886439800262e-02,-3.536818027496337891e-01,-7.187944412231445312e+00,7.995896720886230469e+01
2.236261963844299316e-02,-3.536508083343505859e-01,-7.189150333404541016e+00,7.996373820304870605e+01
2.230368554592132568e-02,-3.536297380924224854e-01,-7.190289497375488281e+00,7.996876120567321777e+01
2.217556722462177277e-02,-3.536191284656524658e-01,-7.191355705261230469e+00,7.997379302978515625e+01
2.169880084693431854e-02,-3.545899391174316406e-01,-7.193658828735351562e+00,7.997885012626647949e+01
2.145951800048351288e-02,-3.546260893344879150e-01,-7.195035934448242188e+00,7.998377108573913574e+01
2.116896584630012512e-02,-3.546533286571502686e-01,-7.196423530578613281e+00,7.998880720138549805e+01
2.152652852237224579e-02,-3.545725941658020020e-01,-7.197945117950439453e+00,7.999392819404602051e+01
2.155257202684879303e-02,-3.545292317867279053e-01,-7.199436664581298828e+00,7.999871921539306641e+01
2.163304015994071960e-02,-3.544553816318511963e-01,-7.200963497161865234e+00,8.000368714332580566e+01
2.157402038574218750e-02,-3.543274700641632080e-01,-7.202689647674560547e+00,8.000876522064208984e+01
2.182098850607872009e-02,-3.542913198471069336e-01,-7.204051017761230469e+00,8.001371908187866211e+01
2.183672972023487091e-02,-3.541999459266662598e-01,-7.205908298492431641e+00,8.001885509490966797e+01
2.180933393537998199e-02,-3.542290627956390381e-01,-7.207620143890380859e+00,8.002383399009704590e+01
2.179386466741561890e-02,-3.542044460773468018e-01,-7.209502696990966797e+00,8.002901101112365723e+01
2.176916040480136871e-02,-3.541884124279022217e-01,-7.211434841156005859e+00,8.003386116027832031e+01
2.180120721459388733e-02,-3.541884720325469971e-01,-7.213112831115722656e+00,8.003885722160339355e+01
2.226923406124114990e-02,-3.549501299858093262e-01,-7.212440013885498047e+00,8.004383707046508789e+01
2.232728153467178345e-02,-3.550051748752593994e-01,-7.213848590850830078e+00,8.004886817932128906e+01
2.264865301549434662e-02,-3.549692928791046143e-01,-7.215053558349609375e+00,8.005401611328125000e+01
2.289937436580657959e-02,-3.549864590167999268e-01,-7.216245651245117188e+00,8.005896210670471191e+01
2.320509403944015503e-02,-3.549721539020538330e-01,-7.217345714569091797e+00,8.006401515007019043e+01
2.356729842722415924e-02,-3.549227416515350342e-01,-7.218341827392578125e+00,8.006885409355163574e+01
2.384256012737751007e-02,-3.551188111305236816e-01,-7.219707965850830078e+00,8.007385706901550293e+01
2.361286431550979614e-02,-3.558137118816375732e-01,-7.223697662353515625e+00,8.007917809486389160e+01
2.395736984908580780e-02,-3.559008836746215820e-01,-7.225059986114501953e+00,8.008388519287109375e+01
2.414906211197376251e-02,-3.558346331119537354e-01,-7.226579666137695312e+00,8.008894419670104980e+01
2.443893253803253174e-02,-3.558408319950103760e-01,-7.228018760681152344e+00,8.009437918663024902e+01
2.472968585789203644e-02,-3.558335900306701660e-01,-7.229460716247558594e+00,8.009904503822326660e+01
2.492089383304119110e-02,-3.558828234672546387e-01,-7.230841636657714844e+00,8.010403704643249512e+01
2.512361854314804077e-02,-3.559028506278991699e-01,-7.232250690460205078e+00,8.010906100273132324e+01
2.433287352323532104e-02,-3.563723564147949219e-01,-7.233183383941650391e+00,8.011399722099304199e+01
2.406216971576213837e-02,-3.566196858882904053e-01,-7.234706401824951172e+00,8.011905312538146973e+01
2.386810258030891418e-02,-3.567964136600494385e-01,-7.236211776733398438e+00,8.012402415275573730e+01
2.358706668019294739e-02,-3.569990098476409912e-01,-7.237745285034179688e+00,8.012912416458129883e+01
2.344322949647903442e-02,-3.571201562881469727e-01,-7.239107608795166016e+00,8.013400721549987793e+01
2.318032272160053253e-02,-3.572989702224731445e-01,-7.240529060363769531e+00,8.013920521736145020e+01
2.355499751865863800e-02,-3.572889268398284912e-01,-7.240922451019287109e+00,8.014391303062438965e+01
2.331755310297012329e-02,-3.574825823307037354e-01,-7.242096900939941406e+00,8.014903211593627930e+01
2.355804480612277985e-02,-3.576230704784393311e-01,-7.243053436279296875e+00,8.015412211418151855e+01
2.355879917740821838e-02,-3.577880859375000000e-01,-7.244064331054687500e+00,8.015939307212829590e+01
2.361319400370121002e-02,-3.579568266868591309e-01,-7.245001316070556641e+00,8.016408610343933105e+01
2.359341643750667572e-02,-3.581633865833282471e-01,-7.246047973632812500e+00,8.016909718513488770e+01
2.363749407231807709e-02,-3.583564758300781250e-01,-7.247011661529541016e+00,8.017402720451354980e+01
2.400501631200313568e-02,-3.568269014358520508e-01,-7.250447273254394531e+00,8.017912006378173828e+01
2.390501461923122406e-02,-3.567668199539184570e-01,-7.252247810363769531e+00,8.018403720855712891e+01
2.389431558549404144e-02,-3.567074239253997803e-01,-7.253872394561767578e+00,8.018933320045471191e+01
2.386800944805145264e-02,-3.566277921199798584e-01,-7.255586147308349609e+00,8.019435119628906250e+01
2.412733621895313263e-02,-3.566544651985168457e-01,-7.257286071777343750e+00,8.019914817810058594e+01
2.432985417544841766e-02,-3.566421270370483398e-01,-7.259090900421142578e+00,8.020405316352844238e+01
2.531963028013706207e-02,-3.573345541954040527e-01,-7.258187770843505859e+00,8.020912504196166992e+01
2.540510706603527069e-02,-3.572618067264556885e-01,-7.259609699249267578e+00,8.021403598785400391e+01
2.567924372851848602e-02,-3.573155105113983154e-01,-7.261166572570800781e+00,8.021913218498229980e+01
2.595114521682262421e-02,-3.573715388774871826e-01,-7.262735843658447266e+00,8.022420120239257812e+01
2.622665651142597198e-02,-3.573965132236480713e-01,-7.264320850372314453e+00,8.022926807403564453e+01
2.632280625402927399e-02,-3.575171828269958496e-01,-7.265592575073242188e+00,8.023414516448974609e+01
2.647554688155651093e-02,-3.575879633426666260e-01,-7.266960620880126953e+00,8.023925018310546875e+01
2.477767318487167358e-02,-3.571915626525878906e-01,-7.269407272338867188e+00,8.024425101280212402e+01
2.472461946308612823e-02,-3.572175204753875732e-01,-7.270792007446289062e+00,8.024924111366271973e+01
2.462388947606086731e-02,-3.572228848934173584e-01,-7.272113800048828125e+00,8.025426602363586426e+01
2.449552342295646667e-02,-3.572323024272918701e-01,-7.273398876190185547e+00,8.025937008857727051e+01
2.439563162624835968e-02,-3.572946786880493164e-01,-7.274803161621093750e+00,8.026418519020080566e+01
2.425490878522396088e-02,-3.573589026927947998e-01,-7.276146888732910156e+00,8.026922011375427246e+01
2.410148642957210541e-02,-3.574414253234863281e-01,-7.277494907379150391e+00,8.027424311637878418e+01
2.426506578922271729e-02,-3.587009310722351074e-01,-7.280086994171142578e+00,8.027928519248962402e+01
2.430634014308452606e-02,-3.588142395019531250e-01,-7.281624317169189453e+00,8.028439116477966309e+01
2.438538521528244019e-02,-3.589025139808654785e-01,-7.283201694488525391e+00,8.028924703598022461e+01
2.410988323390483856e-02,-3.590640425682067871e-01,-7.284855365753173828e+00,8.029446816444396973e+01
2.393305301666259766e-02,-3.592073917388916016e-01,-7.286518573760986328e+00,8.029930901527404785e+01
2.368337661027908325e-02,-3.593622446060180664e-01,-7.288220882415771484e+00,8.030426502227783203e+01
2.358988858759403229e-02,-3.585714995861053467e-01,-7.288640022277832031e+00,8.030944705009460449e+01
2.346906065940856934e-02,-3.586031794548034668e-01,-7.290092945098876953e+00,8.031435513496398926e+01
2.338362298905849457e-02,-3.586362600326538086e-01,-7.291498184204101562e+00,8.031939005851745605e+01
2.332912012934684753e-02,-3.586504161357879639e-01,-7.292888641357421875e+00,8.032426905632019043e+01
2.331520058214664459e-02,-3.587671816349029541e-01,-7.294218540191650391e+00,8.032946515083312988e+01
2.333220094442367554e-02,-3.588536679744720459e-01,-7.295501232147216797e+00,8.033426213264465332e+01
2.338216640055179596e-02,-3.589369952678680420e-01,-7.296768665313720703e+00,8.033931517601013184e+01
2.405416406691074371e-02,-3.588664829730987549e-01,-7.299250602722167969e+00,8.034426808357238770e+01
2.422826364636421204e-02,-3.589056432247161865e-01,-7.300635337829589844e+00,8.034938812255859375e+01
2.443449757993221283e-02,-3.589478135108947754e-01,-7.302005767822265625e+00,8.035447907447814941e+01
2.457334659993648529e-02,-3.590515851974487305e-01,-7.303741455078125000e+00,8.035964608192443848e+01
2.480650134384632111e-02,-3.591255843639373779e-01,-7.305197715759277344e+00,8.036445999145507812e+01
2.506459131836891174e-02,-3.592305183410644531e-01,-7.306665420532226562e+00,8.036954522132873535e+01
2.525726705789566040e-02,-3.592858910560607910e-01,-7.308170795440673828e+00,8.037449407577514648e+01
2.369332872331142426e-02,-3.588647246360778809e-01,-7.309502124786376953e+00,8.037947201728820801e+01
2.372920885682106018e-02,-3.587906956672668457e-01,-7.311062335968017578e+00,8.038445305824279785e+01
2.370582148432731628e-02,-3.588297665119171143e-01,-7.312575340270996094e+00,8.038951921463012695e+01
2.370981872081756592e-02,-3.588336110115051270e-01,-7.314137458801269531e+00,8.039473509788513184e+01
2.369627542793750763e-02,-3.588483929634094238e-01,-7.315716743469238281e+00,8.039950013160705566e+01
2.366867475211620331e-02,-3.588842153549194336e-01,-7.317299365997314453e+00,8.040446209907531738e+01
2.372822724282741547e-02,-3.587436079978942871e-01,-7.318936824798583984e+00,8.040947198867797852e+01
2.434481866657733917e-02,-3.586081266403198242e-01,-7.320382118225097656e+00,8.041447210311889648e+01
2.441483922302722931e-02,-3.584597706794738770e-01,-7.322040557861328125e+00,8.041953516006469727e+01
2.435023523867130280e-02,-3.586169183254241943e-01,-7.323719024658203125e+00,8.042458820343017578e+01
2.434571087360382080e-02,-3.586426675319671631e-01,-7.325391292572021484e+00,8.042964816093444824e+01
2.432512305676937103e-02,-3.587079346179962158e-01,-7.327078819274902344e+00,8.043451714515686035e+01
2.428566291928291321e-02,-3.585755527019500732e-01,-7.328683853149414062e+00,8.043964600563049316e+01
2.307208254933357239e-02,-3.599427342414855957e-01,-7.330290317535400391e+00,8.044464921951293945e+01
2.291139960289001465e-02,-3.598999381065368652e-01,-7.331826686859130859e+00,8.044967412948608398e+01
2.294435165822505951e-02,-3.601503372192382812e-01,-7.333203792572021484e+00,8.045450901985168457e+01
2.288520149886608124e-02,-3.602624535560607910e-01,-7.334628582000732422e+00,8.045977020263671875e+01
2.284494228661060333e-02,-3.603903651237487793e-01,-7.336034297943115234e+00,8.046462321281433105e+01
2.266245149075984955e-02,-3.603230714797973633e-01,-7.337301254272460938e+00,8.046963310241699219e+01
2.252553589642047882e-02,-3.603203594684600830e-01,-7.338534355163574219e+00,8.047488403320312500e+01
2.258963324129581451e-02,-3.602265715599060059e-01,-7.339985370635986328e+00,8.047967314720153809e+01
2.236429974436759949e-02,-3.602045178413391113e-01,-7.340991973876953125e+00,8.048468804359436035e+01
2.234395220875740051e-02,-3.606436550617218018e-01,-7.342843532562255859e+00,8.049014616012573242e+01
2.221728861331939697e-02,-3.608305156230926514e-01,-7.344155788421630859e+00,8.049473619461059570e+01
2.210549078881740570e-02,-3.610773086547851562e-01,-7.345487117767333984e+00,8.050008320808410645e+01
2.203149721026420593e-02,-3.612046241760253906e-01,-7.346983909606933594e+00,8.050475406646728516e+01
2.195406705141067505e-02,-3.613905012607574463e-01,-7.348513126373291016e+00,8.050977301597595215e+01
2.260510623455047607e-02,-3.602298498153686523e-01,-7.351676464080810547e+00,8.051481604576110840e+01
2.267397753894329071e-02,-3.602629005908966064e-01,-7.353396892547607422e+00,8.051984405517578125e+01
2.274205349385738373e-02,-3.602171838283538818e-01,-7.355300903320312500e+00,8.052487301826477051e+01
2.283574268221855164e-02,-3.601694405078887939e-01,-7.357237339019775391e+00,8.052989006042480469e+01
2.284682169556617737e-02,-3.601123988628387451e-01,-7.358901977539062500e+00,8.053475999832153320e+01
2.289903908967971802e-02,-3.600502908229827881e-01,-7.360671997070312500e+00,8.053984808921813965e+01
2.240150235593318939e-02,-3.604461550712585449e-01,-7.361150741577148438e+00,8.054467701911926270e+01
2.213474549353122711e-02,-3.602981269359588623e-01,-7.362729072570800781e+00,8.054968905448913574e+01
2.194232121109962463e-02,-3.602027595043182373e-01,-7.364275932312011719e+00,8.055490708351135254e+01
2.170538343489170074e-02,-3.600611984729766846e-01,-7.365779399871826172e+00,8.056008410453796387e+01
2.147877961397171021e-02,-3.600575029850006104e-01,-7.367413520812988281e+00,8.056511521339416504e+01
2.119666524231433868e-02,-3.600034713745117188e-01,-7.368994712829589844e+00,8.056991815567016602e+01
2.088336087763309479e-02,-3.599776029586791992e-01,-7.370590686798095703e+00,8.057487511634826660e+01
2.057943306863307953e-02,-3.617104291915893555e-01,-7.373656749725341797e+00,8.057991218566894531e+01
2.079663984477519989e-02,-3.617582023143768311e-01,-7.375520229339599609e+00,8.058480715751647949e+01
2.073253877460956573e-02,-3.618590831756591797e-01,-7.377365112304687500e+00,8.058992099761962891e+01
2.070723660290241241e-02,-3.619751334190368652e-01,-7.379248619079589844e+00,8.059511017799377441e+01
2.065555937588214874e-02,-3.621055781841278076e-01,-7.380841255187988281e+00,8.059985017776489258e+01
2.067896723747253418e-02,-3.622247576713562012e-01,-7.382515430450439453e+00,8.060480499267578125e+01
2.167939022183418274e-02,-3.613020181655883789e-01,-7.382391929626464844e+00,8.060982418060302734e+01
2.168044820427894592e-02,-3.613775968551635742e-01,-7.383401393890380859e+00,8.061480021476745605e+01
2.177195250988006592e-02,-3.613313734531402588e-01,-7.384568691253662109e+00,8.061988019943237305e+01
2.186726033687591553e-02,-3.612878918647766113e-01,-7.385652065277099609e+00,8.062491917610168457e+01
2.192159555852413177e-02,-3.612238764762878418e-01,-7.386976718902587891e+00,8.063004207611083984e+01
2.198915928602218628e-02,-3.611674904823303223e-01,-7.388113975524902344e+00,8.063491106033325195e+01
2.204962447285652161e-02,-3.611034154891967773e-01,-7.389215469360351562e+00,8.064009404182434082e+01
2.088263072073459625e-02,-3.623983860015869141e-01,-7.392251014709472656e+00,8.064475798606872559e+01
2.084279060363769531e-02,-3.624810874462127686e-01,-7.393774986267089844e+00,8.065001702308654785e+01
2.079373411834239960e-02,-3.625478744506835938e-01,-7.395367622375488281e+00,8.065490698814392090e+01
2.074211649596691132e-02,-3.626299798488616943e-01,-7.397007942199707031e+00,8.066034102439880371e+01
2.070640772581100464e-02,-3.626685738563537598e-01,-7.398813724517822266e+00,8.066489315032958984e+01
2.065795660018920898e-02,-3.627289235591888428e-01,-7.400650978088378906e+00,8.066999721527099609e+01
2.060816250741481781e-02,-3.627741336822509766e-01,-7.402561187744140625e+00,8.067491006851196289e+01
2.006440237164497375e-02,-3.621277809143066406e-01,-7.402519702911376953e+00,8.068009018898010254e+01
1.999479718506336212e-02,-3.621422648429870605e-01,-7.404451847076416016e+00,8.068499803543090820e+01
1.992814615368843079e-02,-3.621460497379302979e-01,-7.406456947326660156e+00,8.069002318382263184e+01
1.995604112744331360e-02,-3.625452220439910889e-01,-7.407251358032226562e+00,8.069526910781860352e+01
1.992390304803848267e-02,-3.626648783683776855e-01,-7.408905982971191406e+00,8.070018720626831055e+01
1.989800110459327698e-02,-3.627993464469909668e-01,-7.410536289215087891e+00,8.070499300956726074e+01
1.978900842368602753e-02,-3.626669347286224365e-01,-7.412041187286376953e+00,8.071007609367370605e+01
1.973758451640605927e-02,-3.627647161483764648e-01,-7.413667201995849609e+00,8.071505999565124512e+01
1.969141140580177307e-02,-3.628758788108825684e-01,-7.415281772613525391e+00,8.072052311897277832e+01
2.049933373928070068e-02,-3.630639314651489258e-01,-7.416819572448730469e+00,8.072519612312316895e+01
2.080619707703590393e-02,-3.632614910602569580e-01,-7.418336391448974609e+00,8.073024320602416992e+01
2.118830010294914246e-02,-3.634701967239379883e-01,-7.419838905334472656e+00,8.073499321937561035e+01
2.164323255419731140e-02,-3.637153506278991699e-01,-7.421321392059326172e+00,8.074018502235412598e+01
1.973026618361473083e-02,-3.633827269077301025e-01,-7.422924518585205078e+00,8.074499106407165527e+01
1.982596516609191895e-02,-3.634671866893768311e-01,-7.424227714538574219e+00,8.075013208389282227e+01
1.991803571581840515e-02,-3.635541498661041260e-01,-7.425494194030761719e+00,8.075502419471740723e+01
1.950458995997905731e-02,-3.636150658130645752e-01,-7.427139282226562500e+00,8.076033711433410645e+01
1.929510384798049927e-02,-3.636909127235412598e-01,-7.428562164306640625e+00,8.076523017883300781e+01
1.900327019393444061e-02,-3.638013005256652832e-01,-7.429984569549560547e+00,8.077011203765869141e+01
1.897174306213855743e-02,-3.641197979450225830e-01,-7.431521892547607422e+00,8.077514815330505371e+01
1.909050717949867249e-02,-3.633204698562622070e-01,-7.432763099670410156e+00,8.078032302856445312e+01
1.907575875520706177e-02,-3.633802235126495361e-01,-7.434551239013671875e+00,8.078513407707214355e+01
1.870454475283622742e-02,-3.630289435386657715e-01,-7.436053276062011719e+00,8.079027009010314941e+01
1.848455332219600677e-02,-3.628230094909667969e-01,-7.437781810760498047e+00,8.079538607597351074e+01
1.821999624371528625e-02,-3.625540733337402344e-01,-7.439517974853515625e+00,8.080031108856201172e+01
1.812639832496643066e-02,-3.626150190830230713e-01,-7.441342830657958984e+00,8.080512714385986328e+01
1.760618016123771667e-02,-3.633460402488708496e-01,-7.443008422851562500e+00,8.081020402908325195e+01
1.743582822382450104e-02,-3.634452819824218750e-01,-7.444859027862548828e+00,8.081524419784545898e+01
1.745663583278656006e-02,-3.631795048713684082e-01,-7.446351051330566406e+00,8.082081317901611328e+01
1.744187250733375549e-02,-3.631033897399902344e-01,-7.447962760925292969e+00,8.082541203498840332e+01
1.747671142220497131e-02,-3.629932701587677002e-01,-7.449520587921142578e+00,8.083043599128723145e+01
1.755715720355510712e-02,-3.628143668174743652e-01,-7.451069831848144531e+00,8.083514213562011719e+01
1.775587536394596100e-02,-3.630416393280029297e-01,-7.452445030212402344e+00,8.084045314788818359e+01
1.775906234979629517e-02,-3.640090525150299072e-01,-7.453566074371337891e+00,8.084526205062866211e+01
1.804118603467941284e-02,-3.640978038311004639e-01,-7.454943656921386719e+00,8.085041499137878418e+01
1.828431524336338043e-02,-3.639088273048400879e-01,-7.456272125244140625e+00,8.085525608062744141e+01
1.863491535186767578e-02,-3.638753890991210938e-01,-7.457526206970214844e+00,8.086066699028015137e+01
1.903457194566726685e-02,-3.638157844543457031e-01,-7.458720207214355469e+00,8.086526417732238770e+01
1.915880106389522552e-02,-3.638778626918792725e-01,-7.460038661956787109e+00,8.087038922309875488e+01
1.937685348093509674e-02,-3.638930320739746094e-01,-7.461282730102539062e+00,8.087539720535278320e+01
1.785256713628768921e-02,-3.648158013820648193e-01,-7.463255405426025391e+00,8.088077807426452637e+01
1.769737713038921356e-02,-3.648175597190856934e-01,-7.464829921722412109e+00,8.088526105880737305e+01
1.752025261521339417e-02,-3.648950755596160889e-01,-7.466318607330322266e+00,8.089067101478576660e+01
1.728638447821140289e-02,-3.649683594703674316e-01,-7.467856407165527344e+00,8.089562320709228516e+01
1.702283881604671478e-02,-3.650209307670593262e-01,-7.469572544097900391e+00,8.090043616294860840e+01
1.669635437428951263e-02,-3.650701045989990234e-01,-7.471321582794189453e+00,8.090538001060485840e+01
1.704754121601581573e-02,-3.643880486488342285e-01,-7.472379207611083984e+00,8.091052103042602539e+01
1.669289916753768921e-02,-3.642924726009368896e-01,-7.474284172058105469e+00,8.091547203063964844e+01
1.710020564496517181e-02,-3.642533123493194580e-01,-7.475915431976318359e+00,8.092054510116577148e+01
1.709932461380958557e-02,-3.641975522041320801e-01,-7.477802276611328125e+00,8.092562508583068848e+01
1.716215908527374268e-02,-3.641381859779357910e-01,-7.479745388031005859e+00,8.093080115318298340e+01
1.695526205003261566e-02,-3.639939725399017334e-01,-7.481313228607177734e+00,8.093550205230712891e+01
1.687636785209178925e-02,-3.638554513454437256e-01,-7.482984066009521484e+00,8.094058918952941895e+01
1.663058251142501831e-02,-3.648618459701538086e-01,-7.482597827911376953e+00,8.094539117813110352e+01
1.681135967373847961e-02,-3.652022182941436768e-01,-7.483951568603515625e+00,8.095065021514892578e+01
1.682270690798759460e-02,-3.653404414653778076e-01,-7.485099315643310547e+00,8.095549511909484863e+01
1.687860302627086639e-02,-3.655146360397338867e-01,-7.486159801483154297e+00,8.096074914932250977e+01
1.678472571074962616e-02,-3.654199540615081787e-01,-7.487250328063964844e+00,8.096538901329040527e+01
1.676170341670513153e-02,-3.654198348522186279e-01,-7.488269805908203125e+00,8.097052311897277832e+01
1.672557555139064789e-02,-3.653699755668640137e-01,-7.489263534545898438e+00,8.097560214996337891e+01
1.782388240098953247e-02,-3.654685914516448975e-01,-7.493240833282470703e+00,8.098066711425781250e+01
1.790849864482879639e-02,-3.655453622341156006e-01,-7.494669437408447266e+00,8.098552012443542480e+01
1.801517605781555176e-02,-3.656580448150634766e-01,-7.496137142181396484e+00,8.099065709114074707e+01
1.814515516161918640e-02,-3.658111095428466797e-01,-7.497642517089843750e+00,8.099574112892150879e+01
1.819173432886600494e-02,-3.654948472976684570e-01,-7.499276161193847656e+00,8.100068902969360352e+01
1.829379424452781677e-02,-3.653540015220642090e-01,-7.500918865203857422e+00,8.100551915168762207e+01
1.791548915207386017e-02,-3.646677434444427490e-01,-7.501258373260498047e+00,8.101065111160278320e+01
1.771616935729980469e-02,-3.649224042892456055e-01,-7.502918243408203125e+00,8.101559114456176758e+01
1.762324012815952301e-02,-3.648831248283386230e-01,-7.504630088806152344e+00,8.102068400382995605e+01
1.749581657350063324e-02,-3.648809194564819336e-01,-7.506393909454345703e+00,8.102577018737792969e+01
1.734587736427783966e-02,-3.646437227725982666e-01,-7.508089065551757812e+00,8.103080010414123535e+01
1.715753786265850067e-02,-3.644926548004150391e-01,-7.509845733642578125e+00,8.103564214706420898e+01
1.693597622215747833e-02,-3.643192946910858154e-01,-7.511619091033935547e+00,8.104082107543945312e+01
1.734618842601776123e-02,-3.658472597599029541e-01,-7.512327194213867188e+00,8.104565620422363281e+01
1.735033653676509857e-02,-3.660109043121337891e-01,-7.513909816741943359e+00,8.105075001716613770e+01
1.740208826959133148e-02,-3.662477135658264160e-01,-7.515457630157470703e+00,8.105563807487487793e+01
1.726023107767105103e-02,-3.661969304084777832e-01,-7.516637325286865234e+00,8.106084609031677246e+01
1.720333471894264221e-02,-3.662732839584350586e-01,-7.517868995666503906e+00,8.106565999984741211e+01
1.712597161531448364e-02,-3.663190603256225586e-01,-7.518990993499755859e+00,8.107070612907409668e+01
1.726241968572139740e-02,-3.665117025375366211e-01,-7.520354270935058594e+00,8.107587409019470215e+01
1.732223667204380035e-02,-3.668493032455444336e-01,-7.523199558258056641e+00,8.108076000213623047e+01
1.746784336864948273e-02,-3.669385910034179688e-01,-7.524576663970947266e+00,8.108586907386779785e+01
1.765940338373184204e-02,-3.670427203178405762e-01,-7.525949001312255859e+00,8.109088802337646484e+01
1.769823208451271057e-02,-3.668758869171142578e-01,-7.527558803558349609e+00,8.109578418731689453e+01
1.786279492080211639e-02,-3.668604791164398193e-01,-7.529062747955322266e+00,8.110088920593261719e+01
1.804902963340282440e-02,-3.668126165866851807e-01,-7.530590534210205078e+00,8.110579204559326172e+01
1.793746091425418854e-02,-3.667533695697784424e-01,-7.530961990356445312e+00,8.111082720756530762e+01
1.807705312967300415e-02,-3.668453693389892578e-01,-7.532560348510742188e+00,8.111583805084228516e+01
1.822619885206222534e-02,-3.669676482677459717e-01,-7.534214973449707031e+00,8.112094306945800781e+01
1.825461164116859436e-02,-3.669379353523254395e-01,-7.535891532897949219e+00,8.112589716911315918e+01
1.833629794418811798e-02,-3.670074939727783203e-01,-7.537617683410644531e+00,8.113095021247863770e+01
1.840186864137649536e-02,-3.670960962772369385e-01,-7.539378643035888672e+00,8.113578200340270996e+01
1.839565671980381012e-02,-3.672455847263336182e-01,-7.540918827056884766e+00,8.114088606834411621e+01
1.851222664117813110e-02,-3.670155405998229980e-01,-7.541567802429199219e+00,8.114573311805725098e+01
1.846381835639476776e-02,-3.670165240764617920e-01,-7.543126106262207031e+00,8.115088915824890137e+01
1.857471279799938202e-02,-3.669717609882354736e-01,-7.544386863708496094e+00,8.115572810173034668e+01
1.859082840383052826e-02,-3.669181764125823975e-01,-7.545748710632324219e+00,8.116101121902465820e+01
1.861179247498512268e-02,-3.668423295021057129e-01,-7.547035694122314453e+00,8.116578221321105957e+01
1.863638870418071747e-02,-3.667547404766082764e-01,-7.548257350921630859e+00,8.117089819908142090e+01
1.864643022418022156e-02,-3.667904436588287354e-01,-7.549611568450927734e+00,8.117604708671569824e+01
1.805976964533329010e-02,-3.673994243144989014e-01,-7.552091598510742188e+00,8.118090105056762695e+01
1.805698685348033905e-02,-3.674483895301818848e-01,-7.553364276885986328e+00,8.118585109710693359e+01
1.793979480862617493e-02,-3.674779236316680908e-01,-7.554887771606445312e+00,8.119095301628112793e+01
1.786948367953300476e-02,-3.675100505352020264e-01,-7.556276798248291016e+00,8.119609212875366211e+01
1.778827607631683350e-02,-3.675456643104553223e-01,-7.557672500610351562e+00,8.120102000236511230e+01
1.778557710349559784e-02,-3.676363825798034668e-01,-7.559132575988769531e+00,8.120604109764099121e+01
1.784018613398075104e-02,-3.678511977195739746e-01,-7.561169147491455078e+00,8.121100616455078125e+01
1.784568838775157928e-02,-3.679324686527252197e-01,-7.562760829925537109e+00,8.121607398986816406e+01
1.785691641271114349e-02,-3.678800463676452637e-01,-7.564428806304931641e+00,8.122099399566650391e+01
1.788120903074741364e-02,-3.678995370864868164e-01,-7.566122531890869141e+00,8.122630119323730469e+01
1.791487820446491241e-02,-3.679037988185882568e-01,-7.567863941192626953e+00,8.123112010955810547e+01
1.780950650572776794e-02,-3.679605722427368164e-01,-7.569597721099853516e+00,8.123603701591491699e+01
1.773713342845439911e-02,-3.679976165294647217e-01,-7.571373462677001953e+00,8.124100613594055176e+01
1.714752428233623505e-02,-3.679585456848144531e-01,-7.572100162506103516e+00,8.124671721458435059e+01
1.696008816361427307e-02,-3.680122494697570801e-01,-7.573781490325927734e+00,8.125113821029663086e+01
1.720516197383403778e-02,-3.679197728633880615e-01,-7.575013160705566406e+00,8.125620508193969727e+01
1.721012778580188751e-02,-3.678900897502899170e-01,-7.576470375061035156e+00,8.126127815246582031e+01
1.724542304873466492e-02,-3.678461313247680664e-01,-7.577870368957519531e+00,8.126610803604125977e+01
1.734254136681556702e-02,-3.679264187812805176e-01,-7.579213142395019531e+00,8.127107000350952148e+01
1.746713556349277496e-02,-3.679715692996978760e-01,-7.580513954162597656e+00,8.127615404129028320e+01
1.769723929464817047e-02,-3.688824474811553955e-01,-7.582523822784423828e+00,8.128100514411926270e+01
1.778255403041839600e-02,-3.688806891441345215e-01,-7.583991527557373047e+00,8.128598117828369141e+01
1.797120459377765656e-02,-3.689642548561096191e-01,-7.585358619689941406e+00,8.129147911071777344e+01
1.817264407873153687e-02,-3.690433800220489502e-01,-7.586714267730712891e+00,8.129657721519470215e+01
1.823486015200614929e-02,-3.691610693931579590e-01,-7.588197708129882812e+00,8.130108404159545898e+01
1.833362691104412079e-02,-3.692654967308044434e-01,-7.589650154113769531e+00,8.130605602264404297e+01
1.775405369699001312e-02,-3.689795136451721191e-01,-7.590940952301025391e+00,8.131112599372863770e+01
1.771649718284606934e-02,-3.689888417720794678e-01,-7.592468738555908203e+00,8.131662201881408691e+01
1.764680072665214539e-02,-3.690299391746520996e-01,-7.594032764434814453e+00,8.132121515274047852e+01
1.754922233521938324e-02,-3.690667748451232910e-01,-7.595624923706054688e+00,8.132672619819641113e+01
1.754016801714897156e-02,-3.690510392189025879e-01,-7.597202777862548828e+00,8.133146619796752930e+01
1.748630218207836151e-02,-3.690369129180908203e-01,-7.598810672760009766e+00,8.133658909797668457e+01
1.743572205305099487e-02,-3.690062761306762695e-01,-7.600432395935058594e+00,8.134121704101562500e+01
1.797027885913848877e-02,-3.684798777103424072e-01,-7.601400852203369141e+00,8.134627914428710938e+01
1.771632954478263855e-02,-3.685103654861450195e-01,-7.603071689605712891e+00,8.135124611854553223e+01
1.758208125829696655e-02,-3.684499561786651611e-01,-7.604728698730468750e+00,8.135631918907165527e+01
1.741118729114532471e-02,-3.683872818946838379e-01,-7.606410026550292969e+00,8.136146521568298340e+01
1.722281053662300110e-02,-3.683462142944335938e-01,-7.607982635498046875e+00,8.136627411842346191e+01
1.699872314929962158e-02,-3.683068752288818359e-01,-7.609604358673095703e+00,8.137124919891357422e+01
1.656286045908927917e-02,-3.695697486400604248e-01,-7.610875606536865234e+00,8.137632012367248535e+01
1.663466915488243103e-02,-3.696302473545074463e-01,-7.612226009368896484e+00,8.138134121894836426e+01
1.654590480029582977e-02,-3.697333335876464844e-01,-7.613615989685058594e+00,8.138692712783813477e+01
1.648889109492301941e-02,-3.698457479476928711e-01,-7.614967823028564453e+00,8.139132404327392578e+01
1.647260971367359161e-02,-3.699572086334228516e-01,-7.616424560546875000e+00,8.139689302444458008e+01
1.648541726171970367e-02,-3.700815141201019287e-01,-7.617806911468505859e+00,8.140138101577758789e+01
1.653583906590938568e-02,-3.702209591865539551e-01,-7.619180679321289062e+00,8.140662813186645508e+01
1.671279221773147583e-02,-3.698637485504150391e-01,-7.621475219726562500e+00,8.141134119033813477e+01
1.670441217720508575e-02,-3.698579370975494385e-01,-7.622897624969482422e+00,8.141669321060180664e+01
1.668763160705566406e-02,-3.698469698429107666e-01,-7.624308109283447266e+00,8.142130899429321289e+01
1.665781997144222260e-02,-3.698183000087738037e-01,-7.625729560852050781e+00,8.142688918113708496e+01
1.689782179892063141e-02,-3.698498010635375977e-01,-7.627174854278564453e+00,8.143151021003723145e+01
1.703560166060924530e-02,-3.698132336139678955e-01,-7.628610134124755859e+00,8.143646407127380371e+01
1.722141914069652557e-02,-3.698041737079620361e-01,-7.630018711090087891e+00,8.144134712219238281e+01
1.775280758738517761e-02,-3.701856732368469238e-01,-7.630856990814208984e+00,8.144708919525146484e+01
1.810179278254508972e-02,-3.702206015586853027e-01,-7.632287025451660156e+00,8.145143818855285645e+01
1.849640160799026489e-02,-3.702518641948699951e-01,-7.633721828460693359e+00,8.145673418045043945e+01
1.867879368364810944e-02,-3.702903389930725098e-01,-7.635240554809570312e+00,8.146170616149902344e+01
1.893859729170799255e-02,-3.703282773494720459e-01,-7.636760234832763672e+00,8.146724510192871094e+01
1.916792616248130798e-02,-3.703602850437164307e-01,-7.638312816619873047e+00,8.147151398658752441e+01
1.734605431556701660e-02,-3.703484833240509033e-01,-7.639149665832519531e+00,8.147726011276245117e+01
1.739252917468547821e-02,-3.703765273094177246e-01,-7.640636920928955078e+00,8.148137998580932617e+01
1.742769964039325714e-02,-3.703996241092681885e-01,-7.642127990722656250e+00,8.148686003684997559e+01
1.740865968167781830e-02,-3.704234361648559570e-01,-7.643617153167724609e+00,8.149166917800903320e+01
1.739203371107578278e-02,-3.704277873039245605e-01,-7.645118236541748047e+00,8.149686717987060547e+01
1.735624484717845917e-02,-3.704153299331665039e-01,-7.646611213684082031e+00,8.150147104263305664e+01
1.730278320610523224e-02,-3.703981041908264160e-01,-7.648093223571777344e+00,8.150661802291870117e+01
1.722615957260131836e-02,-3.706586658954620361e-01,-7.649827480316162109e+00,8.151164221763610840e+01
1.709317043423652649e-02,-3.707227110862731934e-01,-7.651265144348144531e+00,8.151695418357849121e+01
1.694175042212009430e-02,-3.708170354366302490e-01,-7.652678012847900391e+00,8.152164101600646973e+01
1.745108142495155334e-02,-3.709071278572082520e-01,-7.653976917266845703e+00,8.152696609497070312e+01
1.763416454195976257e-02,-3.710102438926696777e-01,-7.655264377593994141e+00,8.153179812431335449e+01
1.789760403335094452e-02,-3.711118400096893311e-01,-7.656486034393310547e+00,8.153670501708984375e+01
1.802845112979412079e-02,-3.712107837200164795e-01,-7.657574653625488281e+00,8.154163813591003418e+01
1.900090835988521576e-02,-3.707836270332336426e-01,-7.659394264221191406e+00,8.154684400558471680e+01
1.929809525609016418e-02,-3.708446621894836426e-01,-7.660636901855468750e+00,8.155163311958312988e+01
1.948937028646469116e-02,-3.707896173000335693e-01,-7.661930561065673828e+00,8.155685901641845703e+01
1.974054798483848572e-02,-3.707906901836395264e-01,-7.663152217864990234e+00,8.156187415122985840e+01
1.998525112867355347e-02,-3.707942962646484375e-01,-7.664353370666503906e+00,8.156688714027404785e+01
2.017195709049701691e-02,-3.708464503288269043e-01,-7.665781497955322266e+00,8.157156705856323242e+01
1.882666721940040588e-02,-3.715454638004302979e-01,-7.667502880096435547e+00,8.157682299613952637e+01
1.889102905988693237e-02,-3.716360628604888916e-01,-7.669014453887939453e+00,8.158166098594665527e+01
1.887543313205242157e-02,-3.715662360191345215e-01,-7.670480728149414062e+00,8.158717107772827148e+01
1.887439005076885223e-02,-3.715452849864959717e-01,-7.672049522399902344e+00,8.159177517890930176e+01
1.884672790765762329e-02,-3.714843094348907471e-01,-7.673646450042724609e+00,8.159738516807556152e+01
1.878095045685768127e-02,-3.714168369770050049e-01,-7.675277709960937500e+00,8.160167002677917480e+01
1.898757927119731903e-02,-3.714912235736846924e-01,-7.676851749420166016e+00,8.160673117637634277e+01
1.918012090027332306e-02,-3.716922700405120850e-01,-7.677073955535888672e+00,8.161168503761291504e+01
1.935541629791259766e-02,-3.717963695526123047e-01,-7.678581714630126953e+00,8.161676716804504395e+01
1.909542083740234375e-02,-3.717031776905059814e-01,-7.679983615875244141e+00,8.162161517143249512e+01
1.903777755796909332e-02,-3.717063367366790771e-01,-7.681469917297363281e+00,8.162728404998779297e+01
1.893737167119979858e-02,-3.716911375522613525e-01,-7.682956218719482422e+00,8.163188409805297852e+01
1.895771734416484833e-02,-3.717289566993713379e-01,-7.684403896331787109e+00,8.163705515861511230e+01
1.849632523953914642e-02,-3.717674911022186279e-01,-7.685833930969238281e+00,8.164169907569885254e+01
1.844789832830429077e-02,-3.717890679836273193e-01,-7.687236309051513672e+00,8.164730215072631836e+01
1.856730133295059204e-02,-3.717461228370666504e-01,-7.688815593719482422e+00,8.165174698829650879e+01
1.862885616719722748e-02,-3.717659711837768555e-01,-7.690323352813720703e+00,8.165706014633178711e+01
1.871899701654911041e-02,-3.717720508575439453e-01,-7.691871166229248047e+00,8.166205716133117676e+01
1.888232491910457611e-02,-3.718031942844390869e-01,-7.693346500396728516e+00,8.166700601577758789e+01
1.907129772007465363e-02,-3.718208074569702148e-01,-7.694853782653808594e+00,8.167197203636169434e+01
1.934110932052135468e-02,-3.724073171615600586e-01,-7.696290969848632812e+00,8.167701220512390137e+01
1.962704956531524658e-02,-3.724981546401977539e-01,-7.697698116302490234e+00,8.168191409111022949e+01
1.979466527700424194e-02,-3.726211190223693848e-01,-7.698860645294189453e+00,8.168700718879699707e+01
2.006711997091770172e-02,-3.727296292781829834e-01,-7.700119495391845703e+00,8.169221615791320801e+01
2.035162411630153656e-02,-3.728535175323486328e-01,-7.701334953308105469e+00,8.169709801673889160e+01
2.040915749967098236e-02,-3.729832768440246582e-01,-7.702570438385009766e+00,8.170187807083129883e+01
2.052444405853748322e-02,-3.731318712234497070e-01,-7.703745841979980469e+00,8.170687103271484375e+01
1.950474455952644348e-02,-3.726934790611267090e-01,-7.705160140991210938e+00,8.171202111244201660e+01
1.939898915588855743e-02,-3.727276921272277832e-01,-7.706540584564208984e+00,8.171702003479003906e+01
1.922697015106678009e-02,-3.727497756481170654e-01,-7.707799911499023438e+00,8.172182607650756836e+01
1.900992169976234436e-02,-3.727591633796691895e-01,-7.709059715270996094e+00,8.172721505165100098e+01
1.890055648982524872e-02,-3.727750480175018311e-01,-7.710511207580566406e+00,8.173210406303405762e+01
1.872174814343452454e-02,-3.727900385856628418e-01,-7.711953163146972656e+00,8.173708820343017578e+01
1.854155026376247406e-02,-3.727983236312866211e-01,-7.713466167449951172e+00,8.174204111099243164e+01
1.883644983172416687e-02,-3.730823099613189697e-01,-7.715822696685791016e+00,8.174749112129211426e+01
1.875655911862850189e-02,-3.730776607990264893e-01,-7.717508792877197266e+00,8.175206804275512695e+01
1.868439093232154846e-02,-3.730392456054687500e-01,-7.719243526458740234e+00,8.175718522071838379e+01
1.862330920994281769e-02,-3.729429244995117188e-01,-7.721028327941894531e+00,8.176219010353088379e+01
1.868909783661365509e-02,-3.730622828006744385e-01,-7.722528934478759766e+00,8.176715517044067383e+01
1.871973276138305664e-02,-3.730697631835937500e-01,-7.724153041839599609e+00,8.177212309837341309e+01
1.879907958209514618e-02,-3.725887537002563477e-01,-7.723923206329345703e+00,8.177726006507873535e+01
1.875513233244419098e-02,-3.725599050521850586e-01,-7.725072383880615234e+00,8.178206110000610352e+01
1.881682313978672028e-02,-3.724962770938873291e-01,-7.726344108581542969e+00,8.178718113899230957e+01
1.888516917824745178e-02,-3.724310100078582764e-01,-7.727567195892333984e+00,8.179233598709106445e+01
1.898999698460102081e-02,-3.723805844783782959e-01,-7.728903293609619141e+00,8.179711604118347168e+01
1.909518428146839142e-02,-3.723284006118774414e-01,-7.730160713195800781e+00,8.180216503143310547e+01
1.921584457159042358e-02,-3.722847104072570801e-01,-7.731408596038818359e+00,8.180714011192321777e+01
1.911841146647930145e-02,-3.739271163940429688e-01,-7.734519004821777344e+00,8.181222414970397949e+01
1.933614537119865417e-02,-3.740192651748657227e-01,-7.735950946807861328e+00,8.181723499298095703e+01
1.959818229079246521e-02,-3.741157650947570801e-01,-7.737390518188476562e+00,8.182218098640441895e+01
1.968499831855297089e-02,-3.741760849952697754e-01,-7.738962650299072266e+00,8.182732605934143066e+01
1.984377950429916382e-02,-3.742422759532928467e-01,-7.740519046783447266e+00,8.183233118057250977e+01
1.998668722808361053e-02,-3.743065297603607178e-01,-7.742111206054687500e+00,8.183721399307250977e+01
1.914000697433948517e-02,-3.734426498413085938e-01,-7.743622779846191406e+00,8.184237909317016602e+01
1.904172636568546295e-02,-3.734300732612609863e-01,-7.745283603668212891e+00,8.184722208976745605e+01
1.888945326209068298e-02,-3.734103441238403320e-01,-7.746978282928466797e+00,8.185232901573181152e+01
1.869088970124721527e-02,-3.734204769134521484e-01,-7.748695373535156250e+00,8.185735702514648438e+01
1.833563484251499176e-02,-3.732661306858062744e-01,-7.750148773193359375e+00,8.186237812042236328e+01
1.796036027371883392e-02,-3.731395006179809570e-01,-7.751759529113769531e+00,8.186728811264038086e+01
1.751363091170787811e-02,-3.729558885097503662e-01,-7.753343582153320312e+00,8.187218403816223145e+01
1.781021989881992340e-02,-3.740749955177307129e-01,-7.753336429595947266e+00,8.187735319137573242e+01
1.759955659508705139e-02,-3.741312623023986816e-01,-7.754578590393066406e+00,8.188227009773254395e+01
1.742494478821754456e-02,-3.742153346538543701e-01,-7.755758285522460938e+00,8.188733720779418945e+01
1.724650524556636810e-02,-3.742576539516448975e-01,-7.756954669952392578e+00,8.189253616333007812e+01
1.710244081914424896e-02,-3.743193149566650391e-01,-7.758086681365966797e+00,8.189735102653503418e+01
1.697991602122783661e-02,-3.743815720081329346e-01,-7.759182929992675781e+00,8.190216207504272461e+01
1.687330752611160278e-02,-3.744505941867828369e-01,-7.760520935058593750e+00,8.190731620788574219e+01
1.793851330876350403e-02,-3.743859231472015381e-01,-7.763526916503906250e+00,8.191218805313110352e+01
1.797790266573429108e-02,-3.744103014469146729e-01,-7.764996051788330078e+00,8.191747999191284180e+01
1.782305352389812469e-02,-3.744648993015289307e-01,-7.766574859619140625e+00,8.192226219177246094e+01
1.775438711047172546e-02,-3.745046257972717285e-01,-7.768184661865234375e+00,8.192745113372802734e+01
1.766915433108806610e-02,-3.745662868022918701e-01,-7.769844055175781250e+00,8.193228101730346680e+01
1.756458729505538940e-02,-3.746534287929534912e-01,-7.771560192108154297e+00,8.193744421005249023e+01
1.759932562708854675e-02,-3.745068311691284180e-01,-7.773072719573974609e+00,8.194224619865417480e+01
1.753839664161205292e-02,-3.741821944713592529e-01,-7.773323535919189453e+00,8.194746708869934082e+01
1.752119697630405426e-02,-3.740985691547393799e-01,-7.774851322174072266e+00,8.195225620269775391e+01
1.750753074884414673e-02,-3.742636740207672119e-01,-7.776244640350341797e+00,8.195746707916259766e+01
1.750504598021507263e-02,-3.743106722831726074e-01,-7.777709960937500000e+00,8.196241021156311035e+01
1.751165091991424561e-02,-3.743837177753448486e-01,-7.779169559478759766e+00,8.196733713150024414e+01
1.749658398330211639e-02,-3.743679225444793701e-01,-7.780635833740234375e+00,8.197228598594665527e+01
1.722317747771739960e-02,-3.747286498546600342e-01,-7.782963752746582031e+00,8.197731804847717285e+01
1.718015596270561218e-02,-3.747298121452331543e-01,-7.784417152404785156e+00,8.198235511779785156e+01
1.707691699266433716e-02,-3.748415708541870117e-01,-7.785909175872802734e+00,8.198755717277526855e+01
1.699484698474407196e-02,-3.748807907104492188e-01,-7.787352085113525391e+00,8.199252104759216309e+01
1.690283417701721191e-02,-3.749240338802337646e-01,-7.788784027099609375e+00,8.199745917320251465e+01
1.684807799756526947e-02,-3.748451173305511475e-01,-7.790250301361083984e+00,8.200247311592102051e+01
1.677588373422622681e-02,-3.748052716255187988e-01,-7.791697978973388672e+00,8.200753521919250488e+01
1.719559170305728912e-02,-3.748172521591186523e-01,-7.792652130126953125e+00,8.201241302490234375e+01
1.719640009105205536e-02,-3.747418522834777832e-01,-7.794077873229980469e+00,8.201753306388854980e+01
1.719860732555389404e-02,-3.748927712440490723e-01,-7.795761108398437500e+00,8.202238106727600098e+01
1.718967780470848083e-02,-3.749121427536010742e-01,-7.797348022460937500e+00,8.202764701843261719e+01
1.718963123857975006e-02,-3.749420642852783203e-01,-7.798954963684082031e+00,8.203238105773925781e+01
1.726212352514266968e-02,-3.749291896820068359e-01,-7.800396919250488281e+00,8.203753399848937988e+01
1.721968315541744232e-02,-3.748643696308135986e-01,-7.801776409149169922e+00,8.204239702224731445e+01
1.732921972870826721e-02,-3.748036623001098633e-01,-7.803258419036865234e+00,8.204770207405090332e+01
1.722658053040504456e-02,-3.748778998851776123e-01,-7.804562568664550781e+00,8.205262804031372070e+01
1.723290979862213135e-02,-3.748805224895477295e-01,-7.805936336517333984e+00,8.205808019638061523e+01
1.722110807895660400e-02,-3.748855292797088623e-01,-7.807285308837890625e+00,8.206265211105346680e+01
1.733921468257904053e-02,-3.748807609081268311e-01,-7.808744430541992188e+00,8.206785011291503906e+01
1.742014661431312561e-02,-3.749029934406280518e-01,-7.810153484344482422e+00,8.207277107238769531e+01
1.732750236988067627e-02,-3.758431375026702881e-01,-7.812270164489746094e+00,8.207762598991394043e+01
1.732504554092884064e-02,-3.757727742195129395e-01,-7.813846588134765625e+00,8.208260416984558105e+01
1.739286817610263824e-02,-3.758054077625274658e-01,-7.815380573272705078e+00,8.208776116371154785e+01
1.745916157960891724e-02,-3.758175075054168701e-01,-7.816954135894775391e+00,8.209290409088134766e+01
1.733163185417652130e-02,-3.758496046066284180e-01,-7.818478584289550781e+00,8.209789514541625977e+01
1.722905971109867096e-02,-3.758532106876373291e-01,-7.820038318634033203e+00,8.210261321067810059e+01
1.706882193684577942e-02,-3.758512735366821289e-01,-7.821600914001464844e+00,8.210759806632995605e+01
1.632635109126567841e-02,-3.753851652145385742e-01,-7.822611808776855469e+00,8.211260700225830078e+01
1.631414145231246948e-02,-3.753613233566284180e-01,-7.823847293853759766e+00,8.211773109436035156e+01
1.611033640801906586e-02,-3.752912282943725586e-01,-7.825199127197265625e+00,8.212274003028869629e+01
1.589625328779220581e-02,-3.752100467681884766e-01,-7.826515197753906250e+00,8.212806606292724609e+01
1.573948934674263000e-02,-3.751743733882904053e-01,-7.828031539916992188e+00,8.213274908065795898e+01
1.555766724050045013e-02,-3.751165568828582764e-01,-7.829479694366455078e+00,8.213782906532287598e+01
1.601256802678108215e-02,-3.759998083114624023e-01,-7.832204341888427734e+00,8.214274311065673828e+01
1.580365374684333801e-02,-3.760846853256225586e-01,-7.834007263183593750e+00,8.214799714088439941e+01
1.565676927566528320e-02,-3.761678934097290039e-01,-7.835791587829589844e+00,8.215276408195495605e+01
1.549860741943120956e-02,-3.762496411800384521e-01,-7.837652206420898438e+00,8.215794706344604492e+01
1.544441562145948410e-02,-3.761585950851440430e-01,-7.839266300201416016e+00,8.216289210319519043e+01
1.535875257104635239e-02,-3.761254251003265381e-01,-7.840982913970947266e+00,8.216806101799011230e+01
1.529160048812627792e-02,-3.760684728622436523e-01,-7.842679023742675781e+00,8.217274308204650879e+01
1.529909111559391022e-02,-3.760368227958679199e-01,-7.842164516448974609e+00,8.217772912979125977e+01
1.527172885835170746e-02,-3.760276138782501221e-01,-7.843415737152099609e+00,8.218287920951843262e+01
1.525895111262798309e-02,-3.760524988174438477e-01,-7.844571590423583984e+00,8.218782615661621094e+01
1.525418180972337723e-02,-3.760930895805358887e-01,-7.845679759979248047e+00,8.219293308258056641e+01
1.540966145694255829e-02,-3.759557902812957764e-01,-7.847234249114990234e+00,8.219782900810241699e+01
1.552305556833744049e-02,-3.758749365806579590e-01,-7.848604202270507812e+00,8.220286202430725098e+01
1.567436195909976959e-02,-3.757493495941162109e-01,-7.850039482116699219e+00,8.220785021781921387e+01
1.540325675159692764e-02,-3.760233819484710693e-01,-7.853566169738769531e+00,8.221281599998474121e+01
1.561216916888952255e-02,-3.759265542030334473e-01,-7.855238437652587891e+00,8.221787500381469727e+01
1.586357317864894867e-02,-3.758082091808319092e-01,-7.856946945190429688e+00,8.222284913063049316e+01
1.505786273628473282e-02,-3.754970431327819824e-01,-7.858673095703125000e+00,8.222843217849731445e+01
1.496435236185789108e-02,-3.752995431423187256e-01,-7.860444545745849609e+00,8.223290801048278809e+01
1.482529100030660629e-02,-3.751378357410430908e-01,-7.862230300903320312e+00,8.223785805702209473e+01
1.432975102216005325e-02,-3.758189678192138672e-01,-7.863316059112548828e+00,8.224282217025756836e+01
1.404611207544803619e-02,-3.755967617034912109e-01,-7.865216732025146484e+00,8.224786901473999023e+01
1.372136920690536499e-02,-3.753405809402465820e-01,-7.867158889770507812e+00,8.225295400619506836e+01
1.454760506749153137e-02,-3.752411305904388428e-01,-7.867703437805175781e+00,8.225822019577026367e+01
1.462300401180982590e-02,-3.749992549419403076e-01,-7.869159221649169922e+00,8.226299118995666504e+01
1.475387066602706909e-02,-3.747301399707794189e-01,-7.870524406433105469e+00,8.226806306838989258e+01
1.494013331830501556e-02,-3.744255900382995605e-01,-7.871811866760253906e+00,8.227292013168334961e+01
1.387846376746892929e-02,-3.772122263908386230e-01,-7.874228000640869141e+00,8.227800107002258301e+01
1.385568547993898392e-02,-3.772898018360137939e-01,-7.875739574432373047e+00,8.228297710418701172e+01
1.383750420063734055e-02,-3.773677945137023926e-01,-7.877265453338623047e+00,8.228804516792297363e+01
1.392845530062913895e-02,-3.772736489772796631e-01,-7.878839015960693359e+00,8.229300022125244141e+01
1.398563757538795471e-02,-3.772778809070587158e-01,-7.880413055419921875e+00,8.229800200462341309e+01
1.406791154295206070e-02,-3.772514760494232178e-01,-7.882014274597167969e+00,8.230299806594848633e+01
1.420040521770715714e-02,-3.772779107093811035e-01,-7.883581161499023438e+00,8.230807209014892578e+01
1.485630497336387634e-02,-3.774960935115814209e-01,-7.884384155273437500e+00,8.231299114227294922e+01
1.507924124598503113e-02,-3.776430785655975342e-01,-7.885784626007080078e+00,8.231813120841979980e+01
1.505012251436710358e-02,-3.777574002742767334e-01,-7.887336254119873047e+00,8.232301211357116699e+01
1.515590492635965347e-02,-3.779119551181793213e-01,-7.888782024383544922e+00,8.232833719253540039e+01
1.524317171424627304e-02,-3.780958652496337891e-01,-7.890223503112792969e+00,8.233315920829772949e+01
1.535140722990036011e-02,-3.783100247383117676e-01,-7.891671180725097656e+00,8.233815503120422363e+01
1.504589244723320007e-02,-3.776149153709411621e-01,-7.893989086151123047e+00,8.234312319755554199e+01
1.507660932838916779e-02,-3.776553571224212646e-01,-7.895637989044189453e+00,8.234821200370788574e+01
1.502360124140977859e-02,-3.776718378067016602e-01,-7.897169589996337891e+00,8.235343098640441895e+01
1.498995069414377213e-02,-3.776930570602416992e-01,-7.898767471313476562e+00,8.235846614837646484e+01
1.493394188582897186e-02,-3.777120709419250488e-01,-7.900365829467773438e+00,8.236332607269287109e+01
1.485328376293182373e-02,-3.777092993259429932e-01,-7.901985645294189453e+00,8.236815714836120605e+01
1.472099870443344116e-02,-3.777420520782470703e-01,-7.903550148010253906e+00,8.237316417694091797e+01
1.389455888420343399e-02,-3.776765465736389160e-01,-7.905332088470458984e+00,8.237818813323974609e+01
1.365532353520393372e-02,-3.776719868183135986e-01,-7.906985759735107422e+00,8.238328003883361816e+01
1.345162745565176010e-02,-3.779124617576599121e-01,-7.908412933349609375e+00,8.238834714889526367e+01
1.319841854274272919e-02,-3.780047595500946045e-01,-7.909938335418701172e+00,8.239334702491760254e+01
1.292822323739528656e-02,-3.781148195266723633e-01,-7.911425590515136719e+00,8.239821004867553711e+01
1.271340530365705490e-02,-3.780450224876403809e-01,-7.912858486175537109e+00,8.240325903892517090e+01
1.247015874832868576e-02,-3.780440688133239746e-01,-7.914274215698242188e+00,8.240831017494201660e+01
1.354142744094133377e-02,-3.778755068778991699e-01,-7.914903163909912109e+00,8.241323018074035645e+01
1.377849560230970383e-02,-3.780953884124755859e-01,-7.916447639465332031e+00,8.241836309432983398e+01
1.388949248939752579e-02,-3.781891763210296631e-01,-7.917871475219726562e+00,8.242320513725280762e+01
1.407008152455091476e-02,-3.783361911773681641e-01,-7.919312000274658203e+00,8.242855811119079590e+01
1.409822329878807068e-02,-3.782629966735839844e-01,-7.920897960662841797e+00,8.243322706222534180e+01
1.422889716923236847e-02,-3.782615363597869873e-01,-7.922470569610595703e+00,8.243828821182250977e+01
1.257585640996694565e-02,-3.775990605354309082e-01,-7.924825191497802734e+00,8.244320607185363770e+01
1.245264708995819092e-02,-3.773373067378997803e-01,-7.926605701446533203e+00,8.244831919670104980e+01
1.200350094586610794e-02,-3.776869177818298340e-01,-7.928327560424804688e+00,8.245338010787963867e+01
1.170584000647068024e-02,-3.776877820491790771e-01,-7.930144786834716797e+00,8.245837712287902832e+01
1.137028913944959641e-02,-3.777295351028442383e-01,-7.931980133056640625e+00,8.246338820457458496e+01
1.127859856933355331e-02,-3.774069845676422119e-01,-7.933519363403320312e+00,8.246841311454772949e+01
1.110264379531145096e-02,-3.772049844264984131e-01,-7.935143470764160156e+00,8.247337913513183594e+01
1.510365772992372513e-02,-3.770628273487091064e-01,-7.934013843536376953e+00,8.247837400436401367e+01
1.513827033340930939e-02,-3.772463500499725342e-01,-7.935544013977050781e+00,8.248339509963989258e+01
1.532987039536237717e-02,-3.771065175533294678e-01,-7.936921119689941406e+00,8.248857712745666504e+01
1.550529245287179947e-02,-3.770117759704589844e-01,-7.938305377960205078e+00,8.249362707138061523e+01
1.579481549561023712e-02,-3.766846656799316406e-01,-7.939712047576904297e+00,8.249840617179870605e+01
1.605000160634517670e-02,-3.764511644840240479e-01,-7.941116809844970703e+00,8.250337409973144531e+01
1.632654853165149689e-02,-3.761892914772033691e-01,-7.942524909973144531e+00,8.250834107398986816e+01
1.271043065935373306e-02,-3.792590200901031494e-01,-7.947009563446044922e+00,8.251338410377502441e+01
1.241563167423009872e-02,-3.793145120143890381e-01,-7.948701381683349609e+00,8.251851701736450195e+01
1.204080600291490555e-02,-3.794369995594024658e-01,-7.950395107269287109e+00,8.252352213859558105e+01
1.156916841864585876e-02,-3.795893490314483643e-01,-7.952119827270507812e+00,8.252863812446594238e+01
1.152689754962921143e-02,-3.795493543148040771e-01,-7.953428745269775391e+00,8.253347611427307129e+01
1.121946610510349274e-02,-3.796085119247436523e-01,-7.954892635345458984e+00,8.253850507736206055e+01
1.296316459774971008e-02,-3.795739412307739258e-01,-7.953489303588867188e+00,8.254341220855712891e+01
1.326651126146316528e-02,-3.794802129268646240e-01,-7.954554557800292969e+00,8.254855799674987793e+01
1.343571860343217850e-02,-3.794364631175994873e-01,-7.955567359924316406e+00,8.255347204208374023e+01
1.366805005818605423e-02,-3.793764710426330566e-01,-7.956500530242919922e+00,8.255864715576171875e+01
1.373492367565631866e-02,-3.795175254344940186e-01,-7.957781314849853516e+00,8.256364917755126953e+01
1.389188785105943680e-02,-3.796182572841644287e-01,-7.958931446075439453e+00,8.256897020339965820e+01
1.404044777154922485e-02,-3.797739148139953613e-01,-7.960139274597167969e+00,8.257354307174682617e+01
1.172389928251504898e-02,-3.799847960472106934e-01,-7.965216636657714844e+00,8.257850599288940430e+01
1.172417122870683670e-02,-3.799484670162200928e-01,-7.966847896575927734e+00,8.258360815048217773e+01
1.174081768840551376e-02,-3.798822164535522461e-01,-7.968507289886474609e+00,8.258873820304870605e+01
1.158831175416707993e-02,-3.801110088825225830e-01,-7.970225334167480469e+00,8.259373521804809570e+01
1.148471981287002563e-02,-3.802464902400970459e-01,-7.971976757049560547e+00,8.259865498542785645e+01
1.134430989623069763e-02,-3.804437518119812012e-01,-7.973763465881347656e+00,8.260360813140869141e+01
1.124062668532133102e-02,-3.803458511829376221e-01,-7.975341320037841797e+00,8.260890507698059082e+01
1.156028360128402710e-02,-3.799373507499694824e-01,-7.976154327392578125e+00,8.261363410949707031e+01
1.138641312718391418e-02,-3.797996938228607178e-01,-7.977725982666015625e+00,8.261883616447448730e+01
1.119120977818965912e-02,-3.796079754829406738e-01,-7.979290962219238281e+00,8.262368011474609375e+01
1.103027723729610443e-02,-3.798137903213500977e-01,-7.980751991271972656e+00,8.262886500358581543e+01
1.083120796829462051e-02,-3.798172771930694580e-01,-7.982228279113769531e+00,8.263366699218750000e+01
1.062734983861446381e-02,-3.798442184925079346e-01,-7.983696460723876953e+00,8.263873219490051270e+01
1.093515008687973022e-02,-3.806756734848022461e-01,-7.985643386840820312e+00,8.264359307289123535e+01
1.109525281935930252e-02,-3.806618750095367432e-01,-7.986894607543945312e+00,8.264870619773864746e+01
1.133486256003379822e-02,-3.806230723857879639e-01,-7.988071441650390625e+00,8.265373802185058594e+01
1.115735713392496109e-02,-3.808464705944061279e-01,-7.989603996276855469e+00,8.265882420539855957e+01
1.123282406479120255e-02,-3.809489309787750244e-01,-7.990943431854248047e+00,8.266373801231384277e+01
1.129523850977420807e-02,-3.811060190200805664e-01,-7.992302417755126953e+00,8.266874217987060547e+01
1.144979242235422134e-02,-3.811921179294586182e-01,-7.993782997131347656e+00,8.267357516288757324e+01
1.134656090289354324e-02,-3.809941112995147705e-01,-7.996894359588623047e+00,8.267874717712402344e+01
1.144639216363430023e-02,-3.809998631477355957e-01,-7.998589038848876953e+00,8.268372106552124023e+01
1.145439036190509796e-02,-3.810936212539672852e-01,-8.000178337097167969e+00,8.268874001502990723e+01
1.152720768004655838e-02,-3.811381161212921143e-01,-8.001834869384765625e+00,8.269393920898437500e+01
1.159894932061433792e-02,-3.811895549297332764e-01,-8.003483772277832031e+00,8.269871401786804199e+01
1.166731305420398712e-02,-3.812608420848846436e-01,-8.005130767822265625e+00,8.270371699333190918e+01
1.158415805548429489e-02,-3.812963366508483887e-01,-8.006901741027832031e+00,8.270871806144714355e+01
1.080192346125841141e-02,-3.815383017063140869e-01,-8.007770538330078125e+00,8.271369218826293945e+01
1.063564326614141464e-02,-3.817085623741149902e-01,-8.009481430053710938e+00,8.271882700920104980e+01
1.071856450289487839e-02,-3.817649781703948975e-01,-8.010706901550292969e+00,8.272372508049011230e+01
1.066289562731981277e-02,-3.818779587745666504e-01,-8.012138366699218750e+00,8.272898912429809570e+01
1.061871927231550217e-02,-3.819789290428161621e-01,-8.013499259948730469e+00,8.273370409011840820e+01
1.031514536589384079e-02,-3.820621371269226074e-01,-8.014801979064941406e+00,8.273890900611877441e+01
1.012289337813854218e-02,-3.815048038959503174e-01,-8.015899658203125000e+00,8.274390912055969238e+01
9.759639389812946320e-03,-3.815135061740875244e-01,-8.017108917236328125e+00,8.274890518188476562e+01
1.018767803907394409e-02,-3.815529346466064453e-01,-8.018360137939453125e+00,8.275390505790710449e+01
1.025708019733428955e-02,-3.815898001194000244e-01,-8.019538879394531250e+00,8.275902819633483887e+01
1.041984651237726212e-02,-3.816501498222351074e-01,-8.020688056945800781e+00,8.276408600807189941e+01
1.037123985588550568e-02,-3.817372918128967285e-01,-8.022059440612792969e+00,8.276889801025390625e+01
1.045061554759740829e-02,-3.818071484565734863e-01,-8.023353576660156250e+00,8.277391004562377930e+01
1.133240573108196259e-02,-3.817732632160186768e-01,-8.025362968444824219e+00,8.277896499633789062e+01
1.145341992378234863e-02,-3.817922770977020264e-01,-8.026839256286621094e+00,8.278410100936889648e+01
1.128420326858758926e-02,-3.820126950740814209e-01,-8.028633117675781250e+00,8.278905200958251953e+01
1.124284882098436356e-02,-3.821556568145751953e-01,-8.030330657958984375e+00,8.279416513442993164e+01
1.116275321692228317e-02,-3.823386132717132568e-01,-8.032116889953613281e+00,8.279920601844787598e+01
1.099477615207433701e-02,-3.823587894439697266e-01,-8.033879280090332031e+00,8.280402803421020508e+01
1.079670432955026627e-02,-3.824322819709777832e-01,-8.035728454589843750e+00,8.280904603004455566e+01
1.035365741699934006e-02,-3.810199201107025146e-01,-8.035772323608398438e+00,8.281403517723083496e+01
1.031770184636116028e-02,-3.810521662235260010e-01,-8.037475585937500000e+00,8.281907510757446289e+01
1.011401321738958359e-02,-3.809534311294555664e-01,-8.039238929748535156e+00,8.282406306266784668e+01
9.910373948514461517e-03,-3.808456361293792725e-01,-8.041058540344238281e+00,8.282917404174804688e+01
1.003497932106256485e-02,-3.806512057781219482e-01,-8.042567253112792969e+00,8.283396315574645996e+01
1.011261716485023499e-02,-3.804791867733001709e-01,-8.044156074523925781e+00,8.283905506134033203e+01
1.028472930192947388e-02,-3.802835643291473389e-01,-8.045675277709960938e+00,8.284410214424133301e+01
1.070052012801170349e-02,-3.819559514522552490e-01,-8.047046661376953125e+00,8.284905815124511719e+01
1.074093393981456757e-02,-3.820430934429168701e-01,-8.048210144042968750e+00,8.285415005683898926e+01
1.075094565749168396e-02,-3.821395337581634521e-01,-8.049316406250000000e+00,8.285927319526672363e+01
1.090361177921295166e-02,-3.822790384292602539e-01,-8.050664901733398438e+00,8.286436104774475098e+01
1.100565213710069656e-02,-3.824297785758972168e-01,-8.051879882812500000e+00,8.286903715133666992e+01
1.112357713282108307e-02,-3.826142549514770508e-01,-8.053098678588867188e+00,8.287412118911743164e+01
1.101562101393938065e-02,-3.824980258941650391e-01,-8.056516647338867188e+00,8.287910604476928711e+01
1.106178387999534607e-02,-3.824849128723144531e-01,-8.057914733886718750e+00,8.288421201705932617e+01
1.115310192108154297e-02,-3.825420439243316650e-01,-8.059347152709960938e+00,8.288914418220520020e+01
1.124912686645984650e-02,-3.825700283050537109e-01,-8.060793876647949219e+00,8.289438700675964355e+01
1.144055370241403580e-02,-3.826778233051300049e-01,-8.062256813049316406e+00,8.289909219741821289e+01
1.162673998624086380e-02,-3.827640414237976074e-01,-8.063719749450683594e+00,8.290921616554260254e+01
1.183855719864368439e-02,-3.828661143779754639e-01,-8.065198898315429688e+00,8.291067314147949219e+01
1.094484888017177582e-02,-3.831540942192077637e-01,-8.066148757934570312e+00,8.291414403915405273e+01
1.114846952259540558e-02,-3.834744691848754883e-01,-8.067676544189453125e+00,8.291926598548889160e+01
1.137853600084781647e-02,-3.838336467742919922e-01,-8.069216728210449219e+00,8.292431402206420898e+01
1.086252834647893906e-02,-3.839826583862304688e-01,-8.071022033691406250e+00,8.292951607704162598e+01
1.084423530846834183e-02,-3.842984139919281006e-01,-8.072693824768066406e+00,8.293428111076354980e+01
1.079485844820737839e-02,-3.846060037612915039e-01,-8.074384689331054688e+00,8.293926405906677246e+01
1.069414801895618439e-02,-3.848977982997894287e-01,-8.076146125793457031e+00,8.294431519508361816e+01
9.819233790040016174e-03,-3.823036253452301025e-01,-8.076401710510253906e+00,8.294927120208740234e+01
9.561507031321525574e-03,-3.824200928211212158e-01,-8.078057289123535156e+00,8.295427417755126953e+01
9.265483357012271881e-03,-3.825562894344329834e-01,-8.079761505126953125e+00,8.295952105522155762e+01
9.399915114045143127e-03,-3.825171887874603271e-01,-8.081695556640625000e+00,8.296439599990844727e+01
9.290219284594058990e-03,-3.826016187667846680e-01,-8.083583831787109375e+00,8.296936821937561035e+01
9.212374687194824219e-03,-3.826797604560852051e-01,-8.085550308227539062e+00,8.297426319122314453e+01
1.115570310503244400e-02,-3.820778429508209229e-01,-8.085243225097656250e+00,8.297923898696899414e+01
1.129572745412588120e-02,-3.821798264980316162e-01,-8.086689949035644531e+00,8.298427510261535645e+01
1.146702747792005539e-02,-3.822921812534332275e-01,-8.088076591491699219e+00,8.298935604095458984e+01
1.121517643332481384e-02,-3.820748031139373779e-01,-8.089047431945800781e+00,8.299453520774841309e+01
1.115507353097200394e-02,-3.820551335811614990e-01,-8.090093612670898438e+00,8.299952316284179688e+01
1.104205939918756485e-02,-3.820257186889648438e-01,-8.091016769409179688e+00,8.300442504882812500e+01
1.115292217582464218e-02,-3.821745216846466064e-01,-8.092398643493652344e+00,8.300947713851928711e+01
1.023063808679580688e-02,-3.821922540664672852e-01,-8.094959259033203125e+00,8.301437020301818848e+01
1.030155643820762634e-02,-3.821971714496612549e-01,-8.096443176269531250e+00,8.301949620246887207e+01
1.025987416505813599e-02,-3.821930885314941406e-01,-8.098269462585449219e+00,8.302443814277648926e+01
1.029004342854022980e-02,-3.821473717689514160e-01,-8.100070953369140625e+00,8.302947902679443359e+01
1.032916177064180374e-02,-3.821040093898773193e-01,-8.101969718933105469e+00,8.303441405296325684e+01
1.037474907934665680e-02,-3.820665776729583740e-01,-8.103948593139648438e+00,8.303946709632873535e+01
1.067578047513961792e-02,-3.822018206119537354e-01,-8.105799674987792969e+00,8.304449009895324707e+01
9.905708953738212585e-03,-3.829961717128753662e-01,-8.107132911682128906e+00,8.304960918426513672e+01
1.015123352408409119e-02,-3.832599520683288574e-01,-8.109037399291992188e+00,8.305454516410827637e+01
1.011159084737300873e-02,-3.831885159015655518e-01,-8.110033035278320312e+00,8.305964303016662598e+01
1.026580296456813812e-02,-3.832890689373016357e-01,-8.111488342285156250e+00,8.306457519531250000e+01
1.041645277291536331e-02,-3.833760619163513184e-01,-8.112848281860351562e+00,8.306952309608459473e+01
1.058189291507005692e-02,-3.836094141006469727e-01,-8.113858222961425781e+00,8.307452607154846191e+01
1.037568971514701843e-02,-3.825910389423370361e-01,-8.113653182983398438e+00,8.307952117919921875e+01
1.048433501273393631e-02,-3.826646506786346436e-01,-8.114147186279296875e+00,8.308451104164123535e+01
1.037326641380786896e-02,-3.827274441719055176e-01,-8.115471839904785156e+00,8.308954620361328125e+01
1.034548040479421616e-02,-3.828018903732299805e-01,-8.116276741027832031e+00,8.309475517272949219e+01
1.027920562773942947e-02,-3.829174339771270752e-01,-8.117084503173828125e+00,8.309957718849182129e+01
1.016697660088539124e-02,-3.831909000873565674e-01,-8.118246078491210938e+00,8.310454416275024414e+01
1.002504397183656693e-02,-3.834179937839508057e-01,-8.119362831115722656e+00,8.310952305793762207e+01
9.628557600080966949e-03,-3.827457129955291748e-01,-8.125642776489257812e+00,8.311452913284301758e+01
9.448925964534282684e-03,-3.825012445449829102e-01,-8.127290725708007812e+00,8.311972212791442871e+01
9.192929603159427643e-03,-3.825059533119201660e-01,-8.129126548767089844e+00,8.312458014488220215e+01
8.935079909861087799e-03,-3.824712634086608887e-01,-8.131002426147460938e+00,8.312961411476135254e+01
8.675406686961650848e-03,-3.823729157447814941e-01,-8.132929801940917969e+00,8.313456606864929199e+01
8.659427985548973083e-03,-3.824636340141296387e-01,-8.134771347045898438e+00,8.313960909843444824e+01
8.542424999177455902e-03,-3.824698925018310547e-01,-8.136695861816406250e+00,8.314461421966552734e+01
1.039904356002807617e-02,-3.813251256942749023e-01,-8.136249542236328125e+00,8.314963912963867188e+01
1.025087758898735046e-02,-3.811432719230651855e-01,-8.137391090393066406e+00,8.315449810028076172e+01
1.024413295090198517e-02,-3.809799551963806152e-01,-8.138837814331054688e+00,8.315968298912048340e+01
1.022887043654918671e-02,-3.808173537254333496e-01,-8.140180587768554688e+00,8.316469311714172363e+01
1.040986739099025726e-02,-3.807814717292785645e-01,-8.141440391540527344e+00,8.316957116127014160e+01
1.054705679416656494e-02,-3.807116448879241943e-01,-8.142628669738769531e+00,8.317455005645751953e+01
1.014728657901287079e-02,-3.829543590545654297e-01,-8.145104408264160156e+00,8.317957019805908203e+01
9.948344901204109192e-03,-3.829748928546905518e-01,-8.146526336669921875e+00,8.318469810485839844e+01
9.934580884873867035e-03,-3.830737173557281494e-01,-8.147829055786132812e+00,8.318968510627746582e+01
9.889525361359119415e-03,-3.831631839275360107e-01,-8.149105072021484375e+00,8.319484210014343262e+01
9.863947518169879913e-03,-3.832308053970336914e-01,-8.150589942932128906e+00,8.319960713386535645e+01
9.804063476622104645e-03,-3.832967579364776611e-01,-8.152025222778320312e+00,8.320473217964172363e+01
9.729041717946529388e-03,-3.833539783954620361e-01,-8.153502464294433594e+00,8.320969414710998535e+01
9.627370163798332214e-03,-3.825260996818542480e-01,-8.155024528503417969e+00,8.321472620964050293e+01
9.670307859778404236e-03,-3.826670646667480469e-01,-8.156616210937500000e+00,8.321973800659179688e+01
9.640176780521869659e-03,-3.827323615550994873e-01,-8.158250808715820312e+00,8.322480821609497070e+01
9.615654125809669495e-03,-3.827934563159942627e-01,-8.159932136535644531e+00,8.322974300384521484e+01
9.549702517688274384e-03,-3.826872110366821289e-01,-8.161526679992675781e+00,8.323472809791564941e+01
9.492099285125732422e-03,-3.826204240322113037e-01,-8.163199424743652344e+00,8.323973512649536133e+01
9.427366778254508972e-03,-3.825138509273529053e-01,-8.164886474609375000e+00,8.324472999572753906e+01
9.120620787143707275e-03,-3.819445073604583740e-01,-8.164704322814941406e+00,8.324990415573120117e+01
8.955934084951877594e-03,-3.818956315517425537e-01,-8.166322708129882812e+00,8.325481319427490234e+01
8.759820833802223206e-03,-3.818575143814086914e-01,-8.167969703674316406e+00,8.326001119613647461e+01
8.713370189070701599e-03,-3.818316161632537842e-01,-8.169625282287597656e+00,8.326482415199279785e+01
8.613758720457553864e-03,-3.818120658397674561e-01,-8.171302795410156250e+00,8.326986598968505859e+01
8.537488989531993866e-03,-3.818014562129974365e-01,-8.172992706298828125e+00,8.327481222152709961e+01
9.172774851322174072e-03,-3.824058473110198975e-01,-8.175057411193847656e+00,8.327990317344665527e+01
9.235720150172710419e-03,-3.824476599693298340e-01,-8.176541328430175781e+00,8.328477311134338379e+01
9.335340932011604309e-03,-3.824747800827026367e-01,-8.177968978881835938e+00,8.328991508483886719e+01
9.470747783780097961e-03,-3.824775516986846924e-01,-8.179353713989257812e+00,8.329500913619995117e+01
9.532737545669078827e-03,-3.825321495532989502e-01,-8.180631637573242188e+00,8.329984521865844727e+01
9.659478440880775452e-03,-3.825611472129821777e-01,-8.181878089904785156e+00,8.330808115005493164e+01
9.797238744795322418e-03,-3.825946152210235596e-01,-8.183068275451660156e+00,8.330995202064514160e+01
9.304831735789775848e-03,-3.822945058345794678e-01,-8.185524940490722656e+00,8.331483912467956543e+01
9.398581460118293762e-03,-3.822429776191711426e-01,-8.186717033386230469e+00,8.331984615325927734e+01
9.500440210103988647e-03,-3.821928799152374268e-01,-8.187853813171386719e+00,8.332538008689880371e+01
8.255118504166603088e-03,-3.818661570549011230e-01,-8.190373420715332031e+00,8.332999420166015625e+01
7.878680713474750519e-03,-3.816493153572082520e-01,-8.191992759704589844e+00,8.333485698699951172e+01
7.415944244712591171e-03,-3.814100921154022217e-01,-8.193672180175781250e+00,8.334004020690917969e+01
7.296907715499401093e-03,-3.812022507190704346e-01,-8.195490837097167969e+00,8.334495902061462402e+01
8.173611015081405640e-03,-3.825950622558593750e-01,-8.196686744689941406e+00,8.334997010231018066e+01
8.174798451364040375e-03,-3.826426863670349121e-01,-8.198552131652832031e+00,8.335495305061340332e+01
8.263727650046348572e-03,-3.825632035732269287e-01,-8.199916839599609375e+00,8.336015510559082031e+01
8.381078951060771942e-03,-3.825207054615020752e-01,-8.201507568359375000e+00,8.336510515213012695e+01
8.549896068871021271e-03,-3.824525177478790283e-01,-8.203041076660156250e+00,8.336996603012084961e+01
8.550041355192661285e-03,-3.824477791786193848e-01,-8.204212188720703125e+00,8.337511706352233887e+01
6.779592949897050858e-03,-3.825787901878356934e-01,-8.204413414001464844e+00,8.338004016876220703e+01
6.654779892414808273e-03,-3.826307654380798340e-01,-8.205416679382324219e+00,8.338499999046325684e+01
6.525670178234577179e-03,-3.826858699321746826e-01,-8.206306457519531250e+00,8.339012908935546875e+01
6.157589610666036606e-03,-3.829897642135620117e-01,-8.208121299743652344e+00,8.339524006843566895e+01
5.879968870431184769e-03,-3.832095563411712646e-01,-8.209350585937500000e+00,8.340004110336303711e+01
5.553950089961290359e-03,-3.834601938724517822e-01,-8.210621833801269531e+00,8.340508913993835449e+01
5.098738241940736771e-03,-3.835367262363433838e-01,-8.211899757385253906e+00,8.341004705429077148e+01
6.691480986773967743e-03,-3.830515444278717041e-01,-8.213204383850097656e+00,8.341511607170104980e+01
6.225853227078914642e-03,-3.831491470336914062e-01,-8.214498519897460938e+00,8.342012715339660645e+01
6.487037520855665207e-03,-3.829555809497833252e-01,-8.215942382812500000e+00,8.342524600028991699e+01
6.387065164744853973e-03,-3.828890025615692139e-01,-8.217364311218261719e+00,8.343009400367736816e+01
6.357036065310239792e-03,-3.827824890613555908e-01,-8.218838691711425781e+00,8.343509507179260254e+01
6.427000742405653000e-03,-3.827158510684967041e-01,-8.220451354980468750e+00,8.344032120704650879e+01
7.713467814028263092e-03,-3.813196122646331787e-01,-8.221937179565429688e+00,8.344509506225585938e+01
8.083892986178398132e-03,-3.810458183288574219e-01,-8.223641395568847656e+00,8.345026516914367676e+01
7.991385646164417267e-03,-3.810019493103027344e-01,-8.225193977355957031e+00,8.345514202117919922e+01
8.145514875650405884e-03,-3.808082044124603271e-01,-8.226906776428222656e+00,8.346041011810302734e+01
8.275800384581089020e-03,-3.806145191192626953e-01,-8.228647232055664062e+00,8.346520018577575684e+01
8.384866639971733093e-03,-3.804406523704528809e-01,-8.230404853820800781e+00,8.347034406661987305e+01
8.786177262663841248e-03,-3.801484704017639160e-01,-8.232258796691894531e+00,8.347527313232421875e+01
7.764727808535099030e-03,-3.821785449981689453e-01,-8.234503746032714844e+00,8.348038220405578613e+01
8.017279207706451416e-03,-3.821176290512084961e-01,-8.236396789550781250e+00,8.348528003692626953e+01
7.819762453436851501e-03,-3.823303282260894775e-01,-8.238289833068847656e+00,8.349032616615295410e+01
7.860509678721427917e-03,-3.824254572391510010e-01,-8.240228652954101562e+00,8.349533104896545410e+01
7.857256568968296051e-03,-3.825640678405761719e-01,-8.242221832275390625e+00,8.350036501884460449e+01
7.830020971596240997e-03,-3.825630545616149902e-01,-8.243489265441894531e+00,8.350517320632934570e+01
7.006352301687002182e-03,-3.836841583251953125e-01,-8.243798255920410156e+00,8.351034212112426758e+01
6.781281903386116028e-03,-3.838061094284057617e-01,-8.244596481323242188e+00,8.351520609855651855e+01
6.455054972320795059e-03,-3.843399882316589355e-01,-8.245719909667968750e+00,8.352036809921264648e+01
6.109537556767463684e-03,-3.846092820167541504e-01,-8.246440887451171875e+00,8.352554607391357422e+01
5.717342253774404526e-03,-3.848850429058074951e-01,-8.247023582458496094e+00,8.353037714958190918e+01
5.452121607959270477e-03,-3.849779367446899414e-01,-8.247879028320312500e+00,8.353537821769714355e+01
5.115269217640161514e-03,-3.851534426212310791e-01,-8.248585700988769531e+00,8.354049801826477051e+01
6.636518053710460663e-03,-3.837755024433135986e-01,-8.251707077026367188e+00,8.354539513587951660e+01
6.465465296059846878e-03,-3.839880824089050293e-01,-8.252620697021484375e+00,8.355037403106689453e+01
6.269596982747316360e-03,-3.838210701942443848e-01,-8.254477500915527344e+00,8.355534505844116211e+01
6.070789881050586700e-03,-3.838516771793365479e-01,-8.255952835083007812e+00,8.356060814857482910e+01
5.877490155398845673e-03,-3.838547170162200928e-01,-8.257567405700683594e+00,8.356534719467163086e+01
5.963958799839019775e-03,-3.840475380420684814e-01,-8.259575843811035156e+00,8.357037305831909180e+01
5.991588812321424484e-03,-3.841817677021026611e-01,-8.261675834655761719e+00,8.357537317276000977e+01
7.037132512778043747e-03,-3.817818760871887207e-01,-8.265221595764160156e+00,8.358048415184020996e+01
7.155643310397863388e-03,-3.816870450973510742e-01,-8.266472816467285156e+00,8.358540606498718262e+01
7.476203143596649170e-03,-3.816054463386535645e-01,-8.268447875976562500e+00,8.359051299095153809e+01
7.841696962714195251e-03,-3.815074563026428223e-01,-8.270323753356933594e+00,8.359549021720886230e+01
8.215264417231082916e-03,-3.815214335918426514e-01,-8.271695137023925781e+00,8.360058403015136719e+01
8.633519522845745087e-03,-3.814975321292877197e-01,-8.273119926452636719e+00,8.360531616210937500e+01
7.452873513102531433e-03,-3.830247819423675537e-01,-8.273307800292968750e+00,8.361058211326599121e+01
7.523537147790193558e-03,-3.830862641334533691e-01,-8.274703025817871094e+00,8.361550402641296387e+01
7.705497555434703827e-03,-3.832532763481140137e-01,-8.275820732116699219e+00,8.362056899070739746e+01
7.870139554142951965e-03,-3.834436237812042236e-01,-8.276862144470214844e+00,8.362563109397888184e+01
7.971487939357757568e-03,-3.835445046424865723e-01,-8.278020858764648438e+00,8.363062906265258789e+01
8.065142668783664703e-03,-3.836582303047180176e-01,-8.279079437255859375e+00,8.363546204566955566e+01
8.128877729177474976e-03,-3.837522566318511963e-01,-8.280097007751464844e+00,8.364060211181640625e+01
6.913207471370697021e-03,-3.829644322395324707e-01,-8.283505439758300781e+00,8.364553308486938477e+01
6.868320051580667496e-03,-3.834398984909057617e-01,-8.285324096679687500e+00,8.365066003799438477e+01
6.749401334673166275e-03,-3.836500048637390137e-01,-8.286879539489746094e+00,8.365568804740905762e+01
6.603749003261327744e-03,-3.839228749275207520e-01,-8.288483619689941406e+00,8.366077303886413574e+01
6.385298911482095718e-03,-3.839061558246612549e-01,-8.290197372436523438e+00,8.366564917564392090e+01
6.147261243313550949e-03,-3.839938342571258545e-01,-8.291966438293457031e+00,8.367053604125976562e+01
5.863745231181383133e-03,-3.840444982051849365e-01,-8.293816566467285156e+00,8.367565107345581055e+01
5.810926202684640884e-03,-3.819363117218017578e-01,-8.294080734252929688e+00,8.368056416511535645e+01
5.650905426591634750e-03,-3.818142414093017578e-01,-8.296144485473632812e+00,8.368557810783386230e+01
5.514206364750862122e-03,-3.817006647586822510e-01,-8.298310279846191406e+00,8.369066405296325684e+01
5.280546844005584717e-03,-3.814813196659088135e-01,-8.300196647644042969e+00,8.369555521011352539e+01
5.086589138954877853e-03,-3.813172280788421631e-01,-8.302235603332519531e+00,8.370241117477416992e+01
4.882143810391426086e-03,-3.811336159706115723e-01,-8.304269790649414062e+00,8.370664215087890625e+01
4.977006465196609497e-03,-3.832831680774688721e-01,-8.303610801696777344e+00,8.371078419685363770e+01
4.926721099764108658e-03,-3.834749162197113037e-01,-8.304962158203125000e+00,8.371563816070556641e+01
4.918448161333799362e-03,-3.837456703186035156e-01,-8.306200027465820312e+00,8.372062420845031738e+01
4.926539957523345947e-03,-3.840264678001403809e-01,-8.307363510131835938e+00,8.372592711448669434e+01
5.121601279824972153e-03,-3.840615749359130859e-01,-8.308463096618652344e+00,8.373081111907958984e+01
5.297250580042600632e-03,-3.842492401599884033e-01,-8.309463500976562500e+00,8.373579216003417969e+01
5.531908944249153137e-03,-3.844044804573059082e-01,-8.310385704040527344e+00,8.374081206321716309e+01
5.554625764489173889e-03,-3.836871087551116943e-01,-8.315579414367675781e+00,8.374571418762207031e+01
5.516540724784135818e-03,-3.837837278842926025e-01,-8.317184448242187500e+00,8.375079417228698730e+01
5.451453849673271179e-03,-3.838993310928344727e-01,-8.318824768066406250e+00,8.375578022003173828e+01
5.615501664578914642e-03,-3.840786218643188477e-01,-8.320273399353027344e+00,8.376112103462219238e+01
5.653489846736192703e-03,-3.842384219169616699e-01,-8.321860313415527344e+00,8.376579499244689941e+01
5.705620162189006805e-03,-3.844035267829895020e-01,-8.323454856872558594e+00,8.377073812484741211e+01
5.440044216811656952e-03,-3.843197822570800781e-01,-8.325184822082519531e+00,8.377573204040527344e+01
6.223169621080160141e-03,-3.831201493740081787e-01,-8.324480056762695312e+00,8.378072500228881836e+01
5.962421186268329620e-03,-3.829454481601715088e-01,-8.326034545898437500e+00,8.378571915626525879e+01
5.988098215311765671e-03,-3.833983540534973145e-01,-8.327773094177246094e+00,8.379062509536743164e+01
5.811109207570552826e-03,-3.835920393466949463e-01,-8.329464912414550781e+00,8.379567503929138184e+01
5.627138074487447739e-03,-3.838613629341125488e-01,-8.331191062927246094e+00,8.380085110664367676e+01
5.433774553239345551e-03,-3.842411637306213379e-01,-8.332942008972167969e+00,8.380592513084411621e+01
5.032246466726064682e-03,-3.828636407852172852e-01,-8.335235595703125000e+00,8.381088519096374512e+01
4.694836214184761047e-03,-3.825876712799072266e-01,-8.336998939514160156e+00,8.381589508056640625e+01
4.316685721278190613e-03,-3.822539150714874268e-01,-8.338764190673828125e+00,8.382088708877563477e+01
4.235557280480861664e-03,-3.825514614582061768e-01,-8.340343475341796875e+00,8.382600998878479004e+01
3.962900955229997635e-03,-3.824870288372039795e-01,-8.342002868652343750e+00,8.383088517189025879e+01
3.695934778079390526e-03,-3.824597299098968506e-01,-8.343643188476562500e+00,8.383586215972900391e+01
3.735708538442850113e-03,-3.822389841079711914e-01,-8.345185279846191406e+00,8.384108400344848633e+01
3.791426075622439384e-03,-3.830789923667907715e-01,-8.347263336181640625e+00,8.384590101242065430e+01
4.021225962787866592e-03,-3.829182386398315430e-01,-8.348746299743652344e+00,8.385085511207580566e+01
4.214727785438299179e-03,-3.831929862499237061e-01,-8.350510597229003906e+00,8.385582518577575684e+01
4.542903508991003036e-03,-3.832577466964721680e-01,-8.352089881896972656e+00,8.386112713813781738e+01
4.944246262311935425e-03,-3.833878040313720703e-01,-8.353673934936523438e+00,8.386581707000732422e+01
5.082597024738788605e-03,-3.833708465099334717e-01,-8.355185508728027344e+00,8.387088608741760254e+01
5.331638734787702560e-03,-3.834244012832641602e-01,-8.356712341308593750e+00,8.387586402893066406e+01
3.283199854195117950e-03,-3.849592506885528564e-01,-8.358757972717285156e+00,8.388103199005126953e+01
3.298585535958409309e-03,-3.853477239608764648e-01,-8.359819412231445312e+00,8.388595414161682129e+01
3.268753876909613609e-03,-3.856342136859893799e-01,-8.361021995544433594e+00,8.389100098609924316e+01
3.222953295335173607e-03,-3.859639167785644531e-01,-8.362069129943847656e+00,8.389620399475097656e+01
3.160202410072088242e-03,-3.863552212715148926e-01,-8.362977027893066406e+00,8.390099310874938965e+01
3.097758628427982330e-03,-3.862581849098205566e-01,-8.364031791687011719e+00,8.390597414970397949e+01
4.009135067462921143e-03,-3.841586410999298096e-01,-8.364893913269042969e+00,8.391099309921264648e+01
3.988028503954410553e-03,-3.839535713195800781e-01,-8.365687370300292969e+00,8.391604018211364746e+01
3.763166023418307304e-03,-3.841769993305206299e-01,-8.367822647094726562e+00,8.392106604576110840e+01
3.590590553358197212e-03,-3.842054009437561035e-01,-8.369299888610839844e+00,8.392614316940307617e+01
3.372540697455406189e-03,-3.842590153217315674e-01,-8.370922088623046875e+00,8.393111109733581543e+01
3.092706203460693359e-03,-3.841077089309692383e-01,-8.372501373291015625e+00,8.393605899810791016e+01
2.768603153526782990e-03,-3.840148448944091797e-01,-8.374251365661621094e+00,8.394101715087890625e+01
2.308896509930491447e-03,-3.839070796966552734e-01,-8.376385688781738281e+00,8.394611716270446777e+01
2.344174310564994812e-03,-3.840448558330535889e-01,-8.378009796142578125e+00,8.395111107826232910e+01
2.166451420634984970e-03,-3.840886950492858887e-01,-8.379813194274902344e+00,8.395619320869445801e+01
2.023675711825489998e-03,-3.841475844383239746e-01,-8.381632804870605469e+00,8.396142601966857910e+01
2.057065023109316826e-03,-3.842016756534576416e-01,-8.383185386657714844e+00,8.396602320671081543e+01
2.107955282554030418e-03,-3.842659890651702881e-01,-8.384821891784667969e+00,8.397111105918884277e+01
3.345380304381251335e-03,-3.837895393371582031e-01,-8.386049270629882812e+00,8.397624015808105469e+01
3.644128795713186264e-03,-3.838594853878021240e-01,-8.387510299682617188e+00,8.398118209838867188e+01
3.341361880302429199e-03,-3.840876519680023193e-01,-8.388839721679687500e+00,8.398617720603942871e+01
3.426852868869900703e-03,-3.842073082923889160e-01,-8.390142440795898438e+00,8.399114704132080078e+01
3.491389565169811249e-03,-3.843309283256530762e-01,-8.391386032104492188e+00,8.399657511711120605e+01
3.361132694408297539e-03,-3.843521773815155029e-01,-8.392728805541992188e+00,8.400113105773925781e+01
3.243434708565473557e-03,-3.844365179538726807e-01,-8.393980979919433594e+00,8.400617098808288574e+01
1.461373060010373592e-03,-3.848709464073181152e-01,-8.396827697753906250e+00,8.401124715805053711e+01
1.453986740671098232e-03,-3.847496211528778076e-01,-8.398309707641601562e+00,8.401684904098510742e+01
1.218224177137017250e-03,-3.847412168979644775e-01,-8.399682998657226562e+00,8.402122902870178223e+01
9.887897176668047905e-04,-3.846797645092010498e-01,-8.401037216186523438e+00,8.402692914009094238e+01
8.624410838820040226e-04,-3.847408592700958252e-01,-8.402790069580078125e+00,8.403137516975402832e+01
7.210049079731106758e-04,-3.847686648368835449e-01,-8.404483795166015625e+00,8.403666114807128906e+01
6.070656236261129379e-04,-3.848278522491455078e-01,-8.406308174133300781e+00,8.404131412506103516e+01
1.070965779945254326e-03,-3.846409618854522705e-01,-8.408880233764648438e+00,8.404639101028442383e+01
1.014768495224416256e-03,-3.847327530384063721e-01,-8.411087989807128906e+00,8.405149221420288086e+01
9.551781695336103439e-04,-3.848038017749786377e-01,-8.413438796997070312e+00,8.405653500556945801e+01
9.931519161909818649e-04,-3.848678469657897949e-01,-8.415008544921875000e+00,8.406192207336425781e+01
1.021220348775386810e-03,-3.849216997623443604e-01,-8.416829109191894531e+00,8.406664419174194336e+01
1.075538224540650845e-03,-3.849558234214782715e-01,-8.418494224548339844e+00,8.407129621505737305e+01
1.357546309009194374e-03,-3.847118020057678223e-01,-8.415828704833984375e+00,8.407666015625000000e+01
1.349755795672535896e-03,-3.848544359207153320e-01,-8.416544914245605469e+00,8.408138418197631836e+01
1.435836078599095345e-03,-3.849718272686004639e-01,-8.417150497436523438e+00,8.408694720268249512e+01
1.535338233225047588e-03,-3.851054012775421143e-01,-8.417524337768554688e+00,8.409151101112365723e+01
1.579206902533769608e-03,-3.852910697460174561e-01,-8.418273925781250000e+00,8.409665918350219727e+01
1.645182259380817413e-03,-3.854868113994598389e-01,-8.418768882751464844e+00,8.410670804977416992e+01
1.703997491858899593e-03,-3.857148289680480957e-01,-8.419235229492187500e+00,8.410772609710693359e+01
5.370677681639790535e-04,-3.855504691600799561e-01,-8.425743103027343750e+00,8.411146306991577148e+01
3.924062766600400209e-04,-3.856869935989379883e-01,-8.427290916442871094e+00,8.411679601669311523e+01
2.260423789266496897e-04,-3.858239948749542236e-01,-8.428977966308593750e+00,8.412130212783813477e+01
7.053267472656443715e-05,-3.859273195266723633e-01,-8.430825233459472656e+00,8.412715005874633789e+01
-1.133781479438766837e-04,-3.860279917716979980e-01,-8.432753562927246094e+00,8.413143610954284668e+01
-3.051120147574692965e-04,-3.861235678195953369e-01,-8.434796333312988281e+00,8.413682603836059570e+01
-3.982053603976964951e-04,-3.860727250576019287e-01,-8.436709403991699219e+00,8.414126706123352051e+01
1.216107863001525402e-03,-3.833187222480773926e-01,-8.434412002563476562e+00,8.414698219299316406e+01
1.248837332241237164e-03,-3.830392658710479736e-01,-8.436296463012695312e+00,8.415154504776000977e+01
1.297663315199315548e-03,-3.827115297317504883e-01,-8.438247680664062500e+00,8.415674209594726562e+01
9.989230893552303314e-04,-3.827923834323883057e-01,-8.439650535583496094e+00,8.416162419319152832e+01
8.736870368011295795e-04,-3.826715350151062012e-01,-8.441353797912597656e+00,8.416686415672302246e+01
7.112555322237312794e-04,-3.826232552528381348e-01,-8.443012237548828125e+00,8.417142510414123535e+01
8.156948024407029152e-04,-3.826210796833038330e-01,-8.444440841674804688e+00,8.417687916755676270e+01
6.914086407050490379e-04,-3.843208253383636475e-01,-8.445514678955078125e+00,8.418149018287658691e+01
8.275682921521365643e-04,-3.842612802982330322e-01,-8.446833610534667969e+00,8.418682312965393066e+01
6.421068101190030575e-04,-3.843916058540344238e-01,-8.447849273681640625e+00,8.419164299964904785e+01
6.470212829299271107e-04,-3.844256401062011719e-01,-8.448907852172851562e+00,8.419678020477294922e+01
6.394140073098242283e-04,-3.844640254974365234e-01,-8.449851036071777344e+00,8.420141315460205078e+01
5.623697652481496334e-04,-3.843975663185119629e-01,-8.451093673706054688e+00,8.420676708221435547e+01
-2.594122197479009628e-04,-3.850657343864440918e-01,-8.454689979553222656e+00,8.421171212196350098e+01
-4.718614218290895224e-04,-3.851240873336791992e-01,-8.456102371215820312e+00,8.421672010421752930e+01
-3.642186056822538376e-04,-3.853497505187988281e-01,-8.457594871520996094e+00,8.422188901901245117e+01
-3.909016668330878019e-04,-3.854924142360687256e-01,-8.459090232849121094e+00,8.422696399688720703e+01
-3.801298444159328938e-04,-3.856381475925445557e-01,-8.460634231567382812e+00,8.423164606094360352e+01
-3.291190369054675102e-04,-3.857986330986022949e-01,-8.462204933166503906e+00,8.423698616027832031e+01
-4.434481670614331961e-04,-3.858619630336761475e-01,-8.463754653930664062e+00,8.424168610572814941e+01
2.975608367705717683e-05,-3.841150701045989990e-01,-8.463668823242187500e+00,8.424688911437988281e+01
2.129823587893042713e-05,-3.840454816818237305e-01,-8.465191841125488281e+00,8.425159311294555664e+01
4.148547886870801449e-04,-3.841503262519836426e-01,-8.466821670532226562e+00,8.425678205490112305e+01
6.558524328283965588e-04,-3.841532170772552490e-01,-8.468430519104003906e+00,8.426191115379333496e+01
9.539235616102814674e-04,-3.841645121574401855e-01,-8.470077514648437500e+00,8.426690506935119629e+01
9.846347384154796600e-04,-3.841266036033630371e-01,-8.471639633178710938e+00,8.427178812026977539e+01
1.124011934734880924e-03,-3.841331601142883301e-01,-8.473246574401855469e+00,8.427683806419372559e+01
-3.290024760644882917e-04,-3.844155371189117432e-01,-8.474661827087402344e+00,8.428173303604125977e+01
-5.179434083402156830e-04,-3.843027055263519287e-01,-8.476194381713867188e+00,8.428680205345153809e+01
-7.011423585936427116e-04,-3.842336237430572510e-01,-8.477721214294433594e+00,8.429184103012084961e+01
-9.314647177234292030e-04,-3.841626346111297607e-01,-8.479218482971191406e+00,8.429688119888305664e+01
-9.138106252066791058e-04,-3.843348920345306396e-01,-8.480565071105957031e+00,8.430172705650329590e+01
-9.891062509268522263e-04,-3.844318091869354248e-01,-8.481933593750000000e+00,8.430679202079772949e+01
-6.167272804304957390e-04,-3.854305446147918701e-01,-8.483911514282226562e+00,8.431175518035888672e+01
-7.259715348482131958e-04,-3.852863013744354248e-01,-8.485271453857421875e+00,8.431708002090454102e+01
-7.459387998096644878e-04,-3.853837549686431885e-01,-8.486594200134277344e+00,8.432174110412597656e+01
-7.633409113623201847e-04,-3.854676187038421631e-01,-8.487833976745605469e+00,8.432715106010437012e+01
-7.753091631457209587e-04,-3.855234384536743164e-01,-8.489036560058593750e+00,8.433183598518371582e+01
-8.950239280238747597e-04,-3.858872056007385254e-01,-8.490555763244628906e+00,8.433700013160705566e+01
-9.726018179208040237e-04,-3.861224651336669922e-01,-8.491897583007812500e+00,8.434179520606994629e+01
-2.612090611364692450e-04,-3.856557607650756836e-01,-8.493191719055175781e+00,8.434695816040039062e+01
-2.984299790114164352e-04,-3.855683505535125732e-01,-8.494742393493652344e+00,8.435189104080200195e+01
-3.759781538974493742e-04,-3.857081234455108643e-01,-8.496277809143066406e+00,8.435700201988220215e+01
-4.639776598196476698e-04,-3.858295977115631104e-01,-8.497853279113769531e+00,8.436203408241271973e+01
-5.444358102977275848e-04,-3.861099481582641602e-01,-8.499400138854980469e+00,8.436696314811706543e+01
-6.383741856552660465e-04,-3.863407373428344727e-01,-8.500988006591796875e+00,8.437190413475036621e+01
-7.388434605672955513e-04,-3.865967094898223877e-01,-8.502586364746093750e+00,8.437696313858032227e+01
-8.884137496352195740e-04,-3.844834268093109131e-01,-8.503057479858398438e+00,8.438186907768249512e+01
-1.058652647770941257e-03,-3.843766450881958008e-01,-8.504472732543945312e+00,8.438694000244140625e+01
-1.256228191778063774e-03,-3.842273056507110596e-01,-8.505861282348632812e+00,8.439209198951721191e+01
-1.319929375313222408e-03,-3.842658400535583496e-01,-8.507469177246093750e+00,8.439722418785095215e+01
-1.435058191418647766e-03,-3.842179775238037109e-01,-8.509018898010253906e+00,8.440183901786804199e+01
-1.532522030174732208e-03,-3.841777443885803223e-01,-8.510623931884765625e+00,8.440698409080505371e+01
-1.428194111213088036e-03,-3.844534456729888916e-01,-8.513424873352050781e+00,8.441184711456298828e+01
-1.350420061498880386e-03,-3.844421207904815674e-01,-8.514981269836425781e+00,8.441722202301025391e+01
-1.283359597437083721e-03,-3.844900131225585938e-01,-8.516656875610351562e+00,8.442199707031250000e+01
-1.176842139102518559e-03,-3.845763206481933594e-01,-8.518322944641113281e+00,8.442727112770080566e+01
-1.053155167028307915e-03,-3.846974372863769531e-01,-8.519834518432617188e+00,8.443211507797241211e+01
-9.012619266286492348e-04,-3.848093152046203613e-01,-8.521393775939941406e+00,8.443705821037292480e+01
-7.231975905597209930e-04,-3.849269151687622070e-01,-8.522918701171875000e+00,8.444205999374389648e+01
-2.528280310798436403e-04,-3.846345543861389160e-01,-8.522785186767578125e+00,8.444711112976074219e+01
-1.535139599582180381e-04,-3.846597969532012939e-01,-8.524168014526367188e+00,8.445210909843444824e+01
-7.399397145491093397e-05,-3.846920132637023926e-01,-8.525521278381347656e+00,8.445718002319335938e+01
1.189437680295668542e-04,-3.846134245395660400e-01,-8.526895523071289062e+00,8.446221113204956055e+01
2.737906179390847683e-04,-3.845684826374053955e-01,-8.528226852416992188e+00,8.446713113784790039e+01
4.434400470927357674e-04,-3.845028281211853027e-01,-8.529544830322265625e+00,8.447202706336975098e+01
5.880174576304852962e-04,-3.845191001892089844e-01,-8.530935287475585938e+00,8.447717618942260742e+01
-5.625358317047357559e-04,-3.849766254425048828e-01,-8.533306121826171875e+00,8.448219013214111328e+01
-4.091754381079226732e-04,-3.849513232707977295e-01,-8.534613609313964844e+00,8.448724007606506348e+01
-2.445124846417456865e-04,-3.848985433578491211e-01,-8.535903930664062500e+00,8.449231505393981934e+01
-2.279281150549650192e-03,-3.850314617156982422e-01,-8.537935256958007812e+00,8.449733400344848633e+01
-2.875911304727196693e-03,-3.850457072257995605e-01,-8.539420127868652344e+00,8.450717210769653320e+01
-3.600429510697722435e-03,-3.850877881050109863e-01,-8.540913581848144531e+00,8.450830101966857910e+01
-2.407826483249664307e-03,-3.844087421894073486e-01,-8.543488502502441406e+00,8.451210212707519531e+01
-2.693044720217585564e-03,-3.844152987003326416e-01,-8.545331954956054688e+00,8.451712703704833984e+01
-2.970160450786352158e-03,-3.844592869281768799e-01,-8.547233581542968750e+00,8.452220511436462402e+01
-3.454484743997454643e-03,-3.844465911388397217e-01,-8.548789978027343750e+00,8.452741503715515137e+01
-3.841585945338010788e-03,-3.844707608222961426e-01,-8.550559043884277344e+00,8.453221321105957031e+01
-4.255624953657388687e-03,-3.844935894012451172e-01,-8.552320480346679688e+00,8.453711915016174316e+01
-4.169070161879062653e-03,-3.844295442104339600e-01,-8.553635597229003906e+00,8.454221105575561523e+01
-2.840169705450534821e-03,-3.848711550235748291e-01,-8.553655624389648438e+00,8.454712104797363281e+01
-2.544517396017909050e-03,-3.848433196544647217e-01,-8.554688453674316406e+00,8.455219721794128418e+01
-2.426918130367994308e-03,-3.847512006759643555e-01,-8.555914878845214844e+00,8.455724120140075684e+01
-2.093451796099543571e-03,-3.846745789051055908e-01,-8.556859016418457031e+00,8.456244802474975586e+01
-1.699057873338460922e-03,-3.845520317554473877e-01,-8.557702064514160156e+00,8.456727719306945801e+01
-1.551840803585946560e-03,-3.845191895961761475e-01,-8.558814048767089844e+00,8.457261204719543457e+01
-1.295804046094417572e-03,-3.844672441482543945e-01,-8.559824943542480469e+00,8.457725000381469727e+01
-1.977069536224007607e-03,-3.854131996631622314e-01,-8.563313484191894531e+00,8.458230018615722656e+01
-1.902975025586783886e-03,-3.855523467063903809e-01,-8.564738273620605469e+00,8.458737802505493164e+01
-1.637517474591732025e-03,-3.852873444557189941e-01,-8.566630363464355469e+00,8.459259319305419922e+01
-1.482490450143814087e-03,-3.852206170558929443e-01,-8.568386077880859375e+00,8.459746813774108887e+01
-1.318334834650158882e-03,-3.850970268249511719e-01,-8.570247650146484375e+00,8.460243821144104004e+01
-1.307855593040585518e-03,-3.851256668567657471e-01,-8.572287559509277344e+00,8.460730409622192383e+01
-1.511474256403744221e-03,-3.845562338829040527e-01,-8.572009086608886719e+00,8.461229705810546875e+01
-1.558432471938431263e-03,-3.846524953842163086e-01,-8.574147224426269531e+00,8.461747503280639648e+01
-1.390679623000323772e-03,-3.843880891799926758e-01,-8.575852394104003906e+00,8.462243700027465820e+01
-1.358258188702166080e-03,-3.843173682689666748e-01,-8.577860832214355469e+00,8.462757611274719238e+01
-1.318351947702467442e-03,-3.841971755027770996e-01,-8.579917907714843750e+00,8.463247609138488770e+01
-1.570110558532178402e-03,-3.842750191688537598e-01,-8.581513404846191406e+00,8.463742613792419434e+01
-1.765445224009454250e-03,-3.842944204807281494e-01,-8.583192825317382812e+00,8.464243221282958984e+01
-2.991009037941694260e-03,-3.851650953292846680e-01,-8.583057403564453125e+00,8.464748716354370117e+01
-3.133130259811878204e-03,-3.851084709167480469e-01,-8.583958625793457031e+00,8.465243721008300781e+01
-3.460319945588707924e-03,-3.851365745067596436e-01,-8.584868431091308594e+00,8.465742301940917969e+01
-3.831634763628244400e-03,-3.852058649063110352e-01,-8.585608482360839844e+00,8.466257119178771973e+01
-4.226659424602985382e-03,-3.852798640727996826e-01,-8.586213111877441406e+00,8.466761803627014160e+01
-3.850767156109213829e-03,-3.854449093341827393e-01,-8.587255477905273438e+00,8.467246198654174805e+01
-2.109427237883210182e-03,-3.859903812408447266e-01,-8.592066764831542969e+00,8.467748713493347168e+01
-1.645419048145413399e-03,-3.862035274505615234e-01,-8.593230247497558594e+00,8.468256115913391113e+01
-2.073387149721384048e-03,-3.862372338771820068e-01,-8.595018386840820312e+00,8.468759417533874512e+01
-1.977725652977824211e-03,-3.863888978958129883e-01,-8.596524238586425781e+00,8.469270515441894531e+01
-1.926209894008934498e-03,-3.865259289741516113e-01,-8.598141670227050781e+00,8.469772601127624512e+01
-1.718842075206339359e-03,-3.866379559040069580e-01,-8.599995613098144531e+00,8.470253014564514160e+01
-1.570326858200132847e-03,-3.867678940296173096e-01,-8.601893424987792969e+00,8.470756816864013672e+01
-1.640584086999297142e-03,-3.853839933872222900e-01,-8.600748062133789062e+00,8.471262502670288086e+01
-1.400634762831032276e-03,-3.853017389774322510e-01,-8.602205276489257812e+00,8.471769809722900391e+01
-1.150339376181364059e-03,-3.853103816509246826e-01,-8.603831291198730469e+00,8.472263407707214355e+01
-8.719220641069114208e-04,-3.853068649768829346e-01,-8.605463981628417969e+00,8.472789812088012695e+01
-1.025503384880721569e-03,-3.854386210441589355e-01,-8.606958389282226562e+00,8.473257017135620117e+01
-1.080727553926408291e-03,-3.855277895927429199e-01,-8.608522415161132812e+00,8.473773503303527832e+01
-3.050818806514143944e-03,-3.850319981575012207e-01,-8.610602378845214844e+00,8.474270606040954590e+01
-3.521692473441362381e-03,-3.849844932556152344e-01,-8.612277030944824219e+00,8.474772810935974121e+01
-3.551869187504053116e-03,-3.847228288650512695e-01,-8.613049507141113281e+00,8.475271701812744141e+01
-3.907116595655679703e-03,-3.845738768577575684e-01,-8.614243507385253906e+00,8.475778102874755859e+01
-4.288000985980033875e-03,-3.843906819820404053e-01,-8.615345954895019531e+00,8.476256704330444336e+01
-3.918154165148735046e-03,-3.844402432441711426e-01,-8.616493225097656250e+00,8.476809000968933105e+01
-3.705756971612572670e-03,-3.844058215618133545e-01,-8.617518424987792969e+00,8.477272820472717285e+01
-1.113015110604465008e-03,-3.861410617828369141e-01,-8.619537353515625000e+00,8.477776908874511719e+01
-9.077070862986147404e-04,-3.857837021350860596e-01,-8.621124267578125000e+00,8.478273701667785645e+01
-1.938426139531657100e-04,-3.857111036777496338e-01,-8.622348785400390625e+00,8.478776216506958008e+01
5.689157405868172646e-04,-3.855664432048797607e-01,-8.623583793640136719e+00,8.479293417930603027e+01
6.277778884395956993e-04,-3.856732845306396484e-01,-8.625154495239257812e+00,8.479786610603332520e+01
8.444884442724287510e-04,-3.856841921806335449e-01,-8.626717567443847656e+00,8.480255508422851562e+01
8.954029181040823460e-04,-3.857241868972778320e-01,-8.628405570983886719e+00,8.480771613121032715e+01
-3.149924334138631821e-03,-3.851834237575531006e-01,-8.631088256835937500e+00,8.481264901161193848e+01
-3.675628919154405594e-03,-3.851928710937500000e-01,-8.632983207702636719e+00,8.481783509254455566e+01
-4.281264729797840118e-03,-3.851706087589263916e-01,-8.634921073913574219e+00,8.482280707359313965e+01
-4.313360434025526047e-03,-3.852070569992065430e-01,-8.636670112609863281e+00,8.482815599441528320e+01
-4.534950479865074158e-03,-3.852155208587646484e-01,-8.638493537902832031e+00,8.483282017707824707e+01
-4.661134909838438034e-03,-3.852423131465911865e-01,-8.640288352966308594e+00,8.483779406547546387e+01
-2.323883585631847382e-03,-3.850173354148864746e-01,-8.639914512634277344e+00,8.484273815155029297e+01
-2.458567265421152115e-03,-3.849660456180572510e-01,-8.641406059265136719e+00,8.484773516654968262e+01
-2.288649789988994598e-03,-3.849284648895263672e-01,-8.642938613891601562e+00,8.485273003578186035e+01
-2.087921835482120514e-03,-3.848971724510192871e-01,-8.644426345825195312e+00,8.485780310630798340e+01
-2.136438153684139252e-03,-3.849244713783264160e-01,-8.645884513854980469e+00,8.486287212371826172e+01
-2.123870886862277985e-03,-3.849445581436157227e-01,-8.647323608398437500e+00,8.486786317825317383e+01
-2.163066295906901360e-03,-3.849970400333404541e-01,-8.648730278015136719e+00,8.487281608581542969e+01
-3.454312914982438087e-03,-3.853215277194976807e-01,-8.649317741394042969e+00,8.487799906730651855e+01
-3.510450711473822594e-03,-3.852004408836364746e-01,-8.650283813476562500e+00,8.488296103477478027e+01
-3.555086208507418633e-03,-3.850390017032623291e-01,-8.651129722595214844e+00,8.488789820671081543e+01
-3.604327561333775520e-03,-3.851355910301208496e-01,-8.652519226074218750e+00,8.489302015304565430e+01
-3.637807909399271011e-03,-3.850879073143005371e-01,-8.653583526611328125e+00,8.489808511734008789e+01
-3.662554314360022545e-03,-3.850485384464263916e-01,-8.654636383056640625e+00,8.490657806396484375e+01
-3.583713667467236519e-03,-3.850618898868560791e-01,-8.656174659729003906e+00,8.490785908699035645e+01
-3.801054554060101509e-03,-3.860788345336914062e-01,-8.660504341125488281e+00,8.491286516189575195e+01
-3.684342838823795319e-03,-3.862764537334442139e-01,-8.662460327148437500e+00,8.491793704032897949e+01
-3.522949991747736931e-03,-3.864915370941162109e-01,-8.664541244506835938e+00,8.492302703857421875e+01
-3.810491412878036499e-03,-3.863631486892700195e-01,-8.666416168212890625e+00,8.492815613746643066e+01
-3.855576505884528160e-03,-3.864225447177886963e-01,-8.668578147888183594e+00,8.493296504020690918e+01
-3.930851351469755173e-03,-3.864665329456329346e-01,-8.670821189880371094e+00,8.493797302246093750e+01
-3.853499889373779297e-03,-3.866188824176788330e-01,-8.672638893127441406e+00,8.494296312332153320e+01
-4.227999597787857056e-03,-3.851409256458282471e-01,-8.669472694396972656e+00,8.494803500175476074e+01
-4.181210417300462723e-03,-3.851364254951477051e-01,-8.670831680297851562e+00,8.495306420326232910e+01
-4.314808640629053116e-03,-3.851098716259002686e-01,-8.671756744384765625e+00,8.495805907249450684e+01
-4.356928635388612747e-03,-3.850792944431304932e-01,-8.672847747802734375e+00,8.496307301521301270e+01
-4.415188916027545929e-03,-3.850340247154235840e-01,-8.673853874206542969e+00,8.496804213523864746e+01
-4.413488321006298065e-03,-3.851985037326812744e-01,-8.675259590148925781e+00,8.497307419776916504e+01
-5.128354765474796295e-03,-3.862475454807281494e-01,-8.679884910583496094e+00,8.497802901268005371e+01
-5.175110884010791779e-03,-3.865935504436492920e-01,-8.681318283081054688e+00,8.498308420181274414e+01
-5.175228230655193329e-03,-3.865551650524139404e-01,-8.682839393615722656e+00,8.498814606666564941e+01
-5.178415682166814804e-03,-3.867160975933074951e-01,-8.684322357177734375e+00,8.499318099021911621e+01
-5.166919901967048645e-03,-3.868430852890014648e-01,-8.685831069946289062e+00,8.499818921089172363e+01
-5.143578164279460907e-03,-3.869002163410186768e-01,-8.687376022338867188e+00,8.500307416915893555e+01
-5.196478683501482010e-03,-3.871610462665557861e-01,-8.688965797424316406e+00,8.500825905799865723e+01
-5.453345365822315216e-03,-3.852736353874206543e-01,-8.689906120300292969e+00,8.501308202743530273e+01
-5.483238957822322845e-03,-3.851813077926635742e-01,-8.691610336303710938e+00,8.501820921897888184e+01
-5.269878543913364410e-03,-3.850702941417694092e-01,-8.692963600158691406e+00,8.502319216728210449e+01
-5.161152686923742294e-03,-3.849657475948333740e-01,-8.694513320922851562e+00,8.502828311920166016e+01
-5.014784634113311768e-03,-3.848571181297302246e-01,-8.696015357971191406e+00,8.503319120407104492e+01
-5.037860479205846786e-03,-3.848383128643035889e-01,-8.697400093078613281e+00,8.503820300102233887e+01
-5.471768323332071304e-03,-3.851339519023895264e-01,-8.698857307434082031e+00,8.504318213462829590e+01
-5.561567377299070358e-03,-3.850517570972442627e-01,-8.700416564941406250e+00,8.504824709892272949e+01
-5.413342732936143875e-03,-3.851657807826995850e-01,-8.702141761779785156e+00,8.505318307876586914e+01
-5.374875850975513458e-03,-3.852213919162750244e-01,-8.703786849975585938e+00,8.505840110778808594e+01
-5.310566630214452744e-03,-3.853112161159515381e-01,-8.705458641052246094e+00,8.506316709518432617e+01
-5.575312301516532898e-03,-3.852820694446563721e-01,-8.707085609436035156e+00,8.506828117370605469e+01
-5.767857655882835388e-03,-3.852891325950622559e-01,-8.708745002746582031e+00,8.507307600975036621e+01
-7.550541777163743973e-03,-3.851059377193450928e-01,-8.708475112915039062e+00,8.507820510864257812e+01
-7.786676753312349319e-03,-3.851837515830993652e-01,-8.710146903991699219e+00,8.508344912528991699e+01
-8.249541744589805603e-03,-3.852564096450805664e-01,-8.711774826049804688e+00,8.508832311630249023e+01
-8.706564083695411682e-03,-3.853637874126434326e-01,-8.713439941406250000e+00,8.509344720840454102e+01
-9.159655310213565826e-03,-3.855092823505401611e-01,-8.715116500854492188e+00,8.509836506843566895e+01
-9.989670477807521820e-03,-3.853437602519989014e-01,-8.716817855834960938e+00,8.510331416130065918e+01
-8.153125643730163574e-03,-3.850184977054595947e-01,-8.718003273010253906e+00,8.510837817192077637e+01
-8.844530209898948669e-03,-3.848501741886138916e-01,-8.719690322875976562e+00,8.511331820487976074e+01
-8.673342876136302948e-03,-3.847740292549133301e-01,-8.720596313476562500e+00,8.511826014518737793e+01
-8.952135220170021057e-03,-3.846698999404907227e-01,-8.721834182739257812e+00,8.512329101562500000e+01
-9.153976105153560638e-03,-3.845810592174530029e-01,-8.722969055175781250e+00,8.512851214408874512e+01
-9.270279668271541595e-03,-3.845938146114349365e-01,-8.724062919616699219e+00,8.513331413269042969e+01
-9.313908405601978302e-03,-3.845756053924560547e-01,-8.725047111511230469e+00,8.513833713531494141e+01
-6.108090281486511230e-03,-3.856536746025085449e-01,-8.727073669433593750e+00,8.514332604408264160e+01
-6.271011661738157272e-03,-3.857705891132354736e-01,-8.729030609130859375e+00,8.514833998680114746e+01
-6.148878950625658035e-03,-3.859141170978546143e-01,-8.730451583862304688e+00,8.515345120429992676e+01
-6.034349557012319565e-03,-3.861468434333801270e-01,-8.731912612915039062e+00,8.515858817100524902e+01
-5.986202042549848557e-03,-3.863819837570190430e-01,-8.733284950256347656e+00,8.516345119476318359e+01
-5.969484802335500717e-03,-3.866101205348968506e-01,-8.734836578369140625e+00,8.516850805282592773e+01
-5.986852105706930161e-03,-3.868450522422790527e-01,-8.736450195312500000e+00,8.517334413528442383e+01
-5.192950833588838577e-03,-3.848209977149963379e-01,-8.737083435058593750e+00,8.517846608161926270e+01
-4.831249825656414032e-03,-3.847962319850921631e-01,-8.738183021545410156e+00,8.518345499038696289e+01
-4.663082305341959000e-03,-3.846757709980010986e-01,-8.739666938781738281e+00,8.518854212760925293e+01
-4.466528538614511490e-03,-3.845079243183135986e-01,-8.741113662719726562e+00,8.519369411468505859e+01
-4.211816471070051193e-03,-3.843521773815155029e-01,-8.742453575134277344e+00,8.519855999946594238e+01
-3.950804937630891800e-03,-3.842065632343292236e-01,-8.743771553039550781e+00,8.520344519615173340e+01
-5.941929761320352554e-03,-3.856571614742279053e-01,-8.745817184448242188e+00,8.520850014686584473e+01
-5.920693278312683105e-03,-3.859897553920745850e-01,-8.747197151184082031e+00,8.521344304084777832e+01
-5.814004689455032349e-03,-3.862884342670440674e-01,-8.748430252075195312e+00,8.521856617927551270e+01
-5.709199234843254089e-03,-3.866278231143951416e-01,-8.749658584594726562e+00,8.522344517707824707e+01
-5.705937277525663376e-03,-3.866341412067413330e-01,-8.750905036926269531e+00,8.522911119461059570e+01
-5.694148130714893341e-03,-3.867640197277069092e-01,-8.752132415771484375e+00,8.523355603218078613e+01
-5.715742707252502441e-03,-3.868482112884521484e-01,-8.753356933593750000e+00,8.523856401443481445e+01
-7.653197739273309708e-03,-3.854730725288391113e-01,-8.756283760070800781e+00,8.524354505538940430e+01
-8.049235679209232330e-03,-3.855662345886230469e-01,-8.757781028747558594e+00,8.524856615066528320e+01
-8.526267483830451965e-03,-3.857286274433135986e-01,-8.759341239929199219e+00,8.525354814529418945e+01
-9.101797826588153839e-03,-3.859033882617950439e-01,-8.761002540588378906e+00,8.525869107246398926e+01
-8.861628361046314240e-03,-3.856579959392547607e-01,-8.762333869934082031e+00,8.526369619369506836e+01
-8.994052186608314514e-03,-3.855965733528137207e-01,-8.763841629028320312e+00,8.526856398582458496e+01
-9.037944488227367401e-03,-3.854443132877349854e-01,-8.765311241149902344e+00,8.527354407310485840e+01
-7.287114392966032028e-03,-3.842252790927886963e-01,-8.766624450683593750e+00,8.527856516838073730e+01
-7.296598050743341446e-03,-3.840388655662536621e-01,-8.768285751342773438e+00,8.528369116783142090e+01
-7.310365326702594757e-03,-3.838420212268829346e-01,-8.769984245300292969e+00,8.528871417045593262e+01
-7.371850311756134033e-03,-3.840807378292083740e-01,-8.771939277648925781e+00,8.529381608963012695e+01
-7.419655099511146545e-03,-3.841229975223541260e-01,-8.773838996887207031e+00,8.529867601394653320e+01
-7.478285115212202072e-03,-3.842259943485260010e-01,-8.775812149047851562e+00,8.530709910392761230e+01
-7.632004097104072571e-03,-3.841320276260375977e-01,-8.777570724487304688e+00,8.530858206748962402e+01
-8.446209132671356201e-03,-3.853514492511749268e-01,-8.777620315551757812e+00,8.531369805335998535e+01
-8.683182299137115479e-03,-3.853790760040283203e-01,-8.779269218444824219e+00,8.531874608993530273e+01
-8.713191375136375427e-03,-3.857236504554748535e-01,-8.780685424804687500e+00,8.532410001754760742e+01
-8.860252797603607178e-03,-3.859420418739318848e-01,-8.782153129577636719e+00,8.532885909080505371e+01
-8.996763266623020172e-03,-3.862154185771942139e-01,-8.783544540405273438e+00,8.533361005783081055e+01
-9.100641123950481415e-03,-3.861654996871948242e-01,-8.784660339355468750e+00,8.533879303932189941e+01
-8.423388935625553131e-03,-3.852516114711761475e-01,-8.786280632019042969e+00,8.534368920326232910e+01
-8.404155261814594269e-03,-3.851851522922515869e-01,-8.787291526794433594e+00,8.534876608848571777e+01
-8.371082134544849396e-03,-3.850851655006408691e-01,-8.788188934326171875e+00,8.535377311706542969e+01
-8.266363292932510376e-03,-3.856594860553741455e-01,-8.789999008178710938e+00,8.535895514488220215e+01
-8.169846609234809875e-03,-3.858194649219512939e-01,-8.791296005249023438e+00,8.536382412910461426e+01
-8.047510869801044464e-03,-3.859964013099670410e-01,-8.792637825012207031e+00,8.536885213851928711e+01
-8.181224577128887177e-03,-3.859730362892150879e-01,-8.794203758239746094e+00,8.537380599975585938e+01
-1.072237454354763031e-02,-3.852663636207580566e-01,-8.798490524291992188e+00,8.537874221801757812e+01
-1.110715698450803757e-02,-3.853643834590911865e-01,-8.800513267517089844e+00,8.538376998901367188e+01
-1.127452496439218521e-02,-3.854452371597290039e-01,-8.802240371704101562e+00,8.538884210586547852e+01
-1.160380989313125610e-02,-3.855505883693695068e-01,-8.804206848144531250e+00,8.539393806457519531e+01
-1.194110233336687088e-02,-3.856796324253082275e-01,-8.806201934814453125e+00,8.539885520935058594e+01
-1.224902272224426270e-02,-3.858704268932342529e-01,-8.808040618896484375e+00,8.540382218360900879e+01
-1.257359329611063004e-02,-3.860486149787902832e-01,-8.809940338134765625e+00,8.540886616706848145e+01
-1.057122740894556046e-02,-3.850465118885040283e-01,-8.808721542358398438e+00,8.541382408142089844e+01
-1.059184316545724869e-02,-3.849815726280212402e-01,-8.810116767883300781e+00,8.541898322105407715e+01
-1.065061055123806000e-02,-3.849436342716217041e-01,-8.811595916748046875e+00,8.542404317855834961e+01
-1.068404782563447952e-02,-3.848801255226135254e-01,-8.813027381896972656e+00,8.542900300025939941e+01
-1.069089956581592560e-02,-3.848217427730560303e-01,-8.814401626586914062e+00,8.543396401405334473e+01
-1.113595999777317047e-02,-3.849421739578247070e-01,-8.815968513488769531e+00,8.543898510932922363e+01
-1.318450924009084702e-02,-3.854522705078125000e-01,-8.818693161010742188e+00,8.544404101371765137e+01
-1.373187359422445297e-02,-3.856920599937438965e-01,-8.820257186889648438e+00,8.544898915290832520e+01
-1.354694180190563202e-02,-3.856906294822692871e-01,-8.821578979492187500e+00,8.545394921302795410e+01
-1.374606415629386902e-02,-3.858140408992767334e-01,-8.823005676269531250e+00,8.545916104316711426e+01
-1.388604193925857544e-02,-3.859187364578247070e-01,-8.824393272399902344e+00,8.546418118476867676e+01
-1.405192445963621140e-02,-3.860396146774291992e-01,-8.825957298278808594e+00,8.546896219253540039e+01
-1.414994057267904282e-02,-3.861606717109680176e-01,-8.827452659606933594e+00,8.547394800186157227e+01
-1.221369393169879913e-02,-3.852132260799407959e-01,-8.828816413879394531e+00,8.547897815704345703e+01
-1.214720867574214935e-02,-3.853901326656341553e-01,-8.830791473388671875e+00,8.548412418365478516e+01
-1.202139724045991898e-02,-3.855298757553100586e-01,-8.832617759704589844e+00,8.548913216590881348e+01
-1.187064498662948608e-02,-3.856847584247589111e-01,-8.834528923034667969e+00,8.549430203437805176e+01
-1.178184524178504944e-02,-3.855970799922943115e-01,-8.836073875427246094e+00,8.549920821189880371e+01
-1.166237052530050278e-02,-3.855888247489929199e-01,-8.837777137756347656e+00,8.550409221649169922e+01
-1.273735519498586655e-02,-3.849942982196807861e-01,-8.837905883789062500e+00,8.550912404060363770e+01
-1.272401586174964905e-02,-3.848732113838195801e-01,-8.839326858520507812e+00,8.551407003402709961e+01
-1.262108609080314636e-02,-3.849402368068695068e-01,-8.840259552001953125e+00,8.551912617683410645e+01
-1.257289014756679535e-02,-3.848478198051452637e-01,-8.841397285461425781e+00,8.552415704727172852e+01
-1.251471228897571564e-02,-3.847180306911468506e-01,-8.842444419860839844e+00,8.552925920486450195e+01
-1.256112381815910339e-02,-3.846243321895599365e-01,-8.843945503234863281e+00,8.553407216072082520e+01
-1.257582101970911026e-02,-3.845073878765106201e-01,-8.845254898071289062e+00,8.553914499282836914e+01
-1.379192434251308441e-02,-3.856994807720184326e-01,-8.852012634277343750e+00,8.554412317276000977e+01
-1.382111385464668274e-02,-3.857952356338500977e-01,-8.853951454162597656e+00,8.554924321174621582e+01
-1.394981425255537033e-02,-3.859502077102661133e-01,-8.855996131896972656e+00,8.555415415763854980e+01
-1.406908594071865082e-02,-3.861176967620849609e-01,-8.858066558837890625e+00,8.555939912796020508e+01
-1.440004073083400726e-02,-3.860990405082702637e-01,-8.860107421875000000e+00,8.556424117088317871e+01
-1.468861289322376251e-02,-3.861188888549804688e-01,-8.862186431884765625e+00,8.556924605369567871e+01
-1.502928696572780609e-02,-3.860989212989807129e-01,-8.864279747009277344e+00,8.557415699958801270e+01
-1.417996641248464584e-02,-3.851904869079589844e-01,-8.860615730285644531e+00,8.557932305335998535e+01
-1.455143932253122330e-02,-3.853500485420227051e-01,-8.862264633178710938e+00,8.558423113822937012e+01
-1.497022248804569244e-02,-3.855832517147064209e-01,-8.863924980163574219e+00,8.558928418159484863e+01
-1.512586884200572968e-02,-3.853427171707153320e-01,-8.865235328674316406e+00,8.559454417228698730e+01
-1.536621153354644775e-02,-3.852920532226562500e-01,-8.866595268249511719e+00,8.559924721717834473e+01
-1.556184329092502594e-02,-3.851795494556427002e-01,-8.867836952209472656e+00,8.560409617424011230e+01
-1.477595604956150055e-02,-3.846457004547119141e-01,-8.868895530700683594e+00,8.560927700996398926e+01
-1.485772524029016495e-02,-3.852462172508239746e-01,-8.870725631713867188e+00,8.561419010162353516e+01
-1.485623512417078018e-02,-3.853662908077239990e-01,-8.872083663940429688e+00,8.561939811706542969e+01
-1.482743024826049805e-02,-3.855642676353454590e-01,-8.873450279235839844e+00,8.562420916557312012e+01
-1.482755132019519806e-02,-3.854340612888336182e-01,-8.874796867370605469e+00,8.562941122055053711e+01
-1.479307003319263458e-02,-3.854268193244934082e-01,-8.876166343688964844e+00,8.563427519798278809e+01
-1.474810391664505005e-02,-3.853779137134552002e-01,-8.877543449401855469e+00,8.563940501213073730e+01
-1.542328950017690659e-02,-3.854836821556091309e-01,-8.878966331481933594e+00,8.564433407783508301e+01
-1.547962706536054611e-02,-3.854604363441467285e-01,-8.880416870117187500e+00,8.564938712120056152e+01
-1.554192230105400085e-02,-3.854597210884094238e-01,-8.881872177124023438e+00,8.565433907508850098e+01
-1.540505420416593552e-02,-3.853775560855865479e-01,-8.883350372314453125e+00,8.565946507453918457e+01
-1.530615147203207016e-02,-3.853172361850738525e-01,-8.884859085083007812e+00,8.566446113586425781e+01
-1.515625044703483582e-02,-3.852395415306091309e-01,-8.886389732360839844e+00,8.566940402984619141e+01
-1.507158856838941574e-02,-3.851287066936492920e-01,-8.888059616088867188e+00,8.567430520057678223e+01
-1.520125661045312881e-02,-3.852961957454681396e-01,-8.890779495239257812e+00,8.567936420440673828e+01
-1.505902688950300217e-02,-3.851532340049743652e-01,-8.892635345458984375e+00,8.568447113037109375e+01
-1.489188615232706070e-02,-3.849948942661285400e-01,-8.894534111022949219e+00,8.568948101997375488e+01
-1.534809451550245285e-02,-3.851811587810516357e-01,-8.896277427673339844e+00,8.569451618194580078e+01
-1.551274303346872330e-02,-3.851966857910156250e-01,-8.898180007934570312e+00,8.569946718215942383e+01
-1.574490964412689209e-02,-3.852350413799285889e-01,-8.900107383728027344e+00,8.570711207389831543e+01
-1.579716429114341736e-02,-3.850443363189697266e-01,-8.901739120483398438e+00,8.570957517623901367e+01
-1.609350368380546570e-02,-3.856104016304016113e-01,-8.901599884033203125e+00,8.571446919441223145e+01
-1.622569933533668518e-02,-3.854928910732269287e-01,-8.902969360351562500e+00,8.571938705444335938e+01
-1.627362146973609924e-02,-3.858008086681365967e-01,-8.904364585876464844e+00,8.572448921203613281e+01
-1.635980978608131409e-02,-3.859110474586486816e-01,-8.905650138854980469e+00,8.572969818115234375e+01
-1.643589884042739868e-02,-3.860836923122406006e-01,-8.906878471374511719e+00,8.573436808586120605e+01
-1.629218086600303650e-02,-3.861144781112670898e-01,-8.908287048339843750e+00,8.573937201499938965e+01
-1.632510125637054443e-02,-3.870114386081695557e-01,-8.912348747253417969e+00,8.574442005157470703e+01
-1.606561057269573212e-02,-3.870922923088073730e-01,-8.913977622985839844e+00,8.574966716766357422e+01
-1.666185818612575531e-02,-3.873451650142669678e-01,-8.915908813476562500e+00,8.575455498695373535e+01
-1.689112186431884766e-02,-3.874978125095367432e-01,-8.917795181274414062e+00,8.575964903831481934e+01
-1.722552999854087830e-02,-3.876664936542510986e-01,-8.919767379760742188e+00,8.576448321342468262e+01
-1.766459643840789795e-02,-3.878674805164337158e-01,-8.921813964843750000e+00,8.576960301399230957e+01
-1.766738854348659515e-02,-3.877961039543151855e-01,-8.923189163208007812e+00,8.577445316314697266e+01
-1.738382503390312195e-02,-3.865684568881988525e-01,-8.921610832214355469e+00,8.577964305877685547e+01
-1.758856512606143951e-02,-3.865801990032196045e-01,-8.922854423522949219e+00,8.578450918197631836e+01
-1.765223778784275055e-02,-3.868159949779510498e-01,-8.923871040344238281e+00,8.578957819938659668e+01
-1.778895780444145203e-02,-3.868783414363861084e-01,-8.924924850463867188e+00,8.579471516609191895e+01
-1.789658330380916595e-02,-3.869329988956451416e-01,-8.925887107849121094e+00,8.579959201812744141e+01
-1.777368225157260895e-02,-3.869482576847076416e-01,-8.927257537841796875e+00,8.580450010299682617e+01
-1.765618473291397095e-02,-3.865429759025573730e-01,-8.932305335998535156e+00,8.580958604812622070e+01
-1.739371567964553833e-02,-3.865716755390167236e-01,-8.934003829956054688e+00,8.581445121765136719e+01
-1.766074821352958679e-02,-3.865407109260559082e-01,-8.935775756835937500e+00,8.581956410408020020e+01
-1.764138042926788330e-02,-3.865646123886108398e-01,-8.937572479248046875e+00,8.582461214065551758e+01
-1.765570417046546936e-02,-3.865902423858642578e-01,-8.939421653747558594e+00,8.582969999313354492e+01
-1.750526949763298035e-02,-3.865944743156433105e-01,-8.941166877746582031e+00,8.583459806442260742e+01
-1.742016896605491638e-02,-3.865952789783477783e-01,-8.942985534667968750e+00,8.583961200714111328e+01
-1.744998991489410400e-02,-3.865676820278167725e-01,-8.942028999328613281e+00,8.584460115432739258e+01
-1.754312776029109955e-02,-3.866075873374938965e-01,-8.943452835083007812e+00,8.584973812103271484e+01
-1.753474213182926178e-02,-3.865826427936553955e-01,-8.944949150085449219e+00,8.585463500022888184e+01
-1.754871010780334473e-02,-3.865539133548736572e-01,-8.946405410766601562e+00,8.585981512069702148e+01
-1.758570596575737000e-02,-3.865303099155426025e-01,-8.947825431823730469e+00,8.586472821235656738e+01
-1.759014651179313660e-02,-3.865459263324737549e-01,-8.949230194091796875e+00,8.586966013908386230e+01
-1.763437502086162567e-02,-3.865232765674591064e-01,-8.950623512268066406e+00,8.587460017204284668e+01
-1.873353309929370880e-02,-3.869913518428802490e-01,-8.953042030334472656e+00,8.587961506843566895e+01
-1.886410079896450043e-02,-3.869955241680145264e-01,-8.954546928405761719e+00,8.588477516174316406e+01
-1.900431700050830841e-02,-3.870270848274230957e-01,-8.955945014953613281e+00,8.588981699943542480e+01
-1.915917173027992249e-02,-3.870533704757690430e-01,-8.957342147827148438e+00,8.589486813545227051e+01
-1.943478733301162720e-02,-3.871861994266510010e-01,-8.958824157714843750e+00,8.589981102943420410e+01
-1.971015892922878265e-02,-3.872976899147033691e-01,-8.960289955139160156e+00,8.590475511550903320e+01
-1.983964443206787109e-02,-3.873816132545471191e-01,-8.961656570434570312e+00,8.590978002548217773e+01
-1.975824683904647827e-02,-3.872065842151641846e-01,-8.963229179382324219e+00,8.591475510597229004e+01
-1.986943930387496948e-02,-3.871768116950988770e-01,-8.964776039123535156e+00,8.591990017890930176e+01
-1.993803866207599640e-02,-3.870914876461029053e-01,-8.966336250305175781e+00,8.592484402656555176e+01
-2.015305869281291962e-02,-3.872027993202209473e-01,-8.968058586120605469e+00,8.592976212501525879e+01
-2.030352316796779633e-02,-3.872416317462921143e-01,-8.969793319702148438e+00,8.593479108810424805e+01
-2.056313119828701019e-02,-3.872299194335937500e-01,-8.971876144409179688e+00,8.593973422050476074e+01
-2.075544744729995728e-02,-3.873592317104339600e-01,-8.973835945129394531e+00,8.594474411010742188e+01
-2.046847157180309296e-02,-3.871135115623474121e-01,-8.975171089172363281e+00,8.594976401329040527e+01
-2.041283808648586273e-02,-3.870742321014404297e-01,-8.976887702941894531e+00,8.595480799674987793e+01
-2.030242606997489929e-02,-3.870077729225158691e-01,-8.978587150573730469e+00,8.596010303497314453e+01
-2.034905366599559784e-02,-3.870915472507476807e-01,-8.980027198791503906e+00,8.596495819091796875e+01
-2.030329592525959015e-02,-3.871105611324310303e-01,-8.981481552124023438e+00,8.596998500823974609e+01
-2.026205882430076599e-02,-3.871424198150634766e-01,-8.982851982116699219e+00,8.597490119934082031e+01
-2.074801921844482422e-02,-3.873474299907684326e-01,-8.982880592346191406e+00,8.597998404502868652e+01
-2.083362452685832977e-02,-3.873800337314605713e-01,-8.984107971191406250e+00,8.598496317863464355e+01
-2.093639038503170013e-02,-3.874182701110839844e-01,-8.985305786132812500e+00,8.598995518684387207e+01
-2.098464965820312500e-02,-3.875260353088378906e-01,-8.986691474914550781e+00,8.599503016471862793e+01
-2.106194570660591125e-02,-3.876159191131591797e-01,-8.988034248352050781e+00,8.600006103515625000e+01
-2.113652601838111877e-02,-3.877259790897369385e-01,-8.989419937133789062e+00,8.600486612319946289e+01
-2.126290462911128998e-02,-3.874039053916931152e-01,-8.991759300231933594e+00,8.600996708869934082e+01
-2.137572504580020905e-02,-3.874368369579315186e-01,-8.993383407592773438e+00,8.601493406295776367e+01
-2.150755561888217926e-02,-3.874490857124328613e-01,-8.995058059692382812e+00,8.601999807357788086e+01
-2.165998145937919617e-02,-3.874197602272033691e-01,-8.996796607971191406e+00,8.602507710456848145e+01
-2.158153057098388672e-02,-3.874995112419128418e-01,-8.998385429382324219e+00,8.603005218505859375e+01
-2.159779891371726990e-02,-3.875234723091125488e-01,-9.000085830688476562e+00,8.603500413894653320e+01
-2.096672914922237396e-02,-3.869417905807495117e-01,-9.000861167907714844e+00,8.604009318351745605e+01
-2.147489227354526520e-02,-3.869175314903259277e-01,-9.002415657043457031e+00,8.604503417015075684e+01
-2.170480601489543915e-02,-3.868241608142852783e-01,-9.004097938537597656e+00,8.604997515678405762e+01
-2.200053259730339050e-02,-3.866860866546630859e-01,-9.005792617797851562e+00,8.605499815940856934e+01
-2.188918367028236389e-02,-3.866067826747894287e-01,-9.007287025451660156e+00,8.606015920639038086e+01
-2.191504277288913727e-02,-3.865225911140441895e-01,-9.008810997009277344e+00,8.606503701210021973e+01
-2.187427133321762085e-02,-3.864618539810180664e-01,-9.010276794433593750e+00,8.606992101669311523e+01
-2.213479019701480865e-02,-3.863901197910308838e-01,-9.011785507202148438e+00,8.607494711875915527e+01
-2.226898446679115295e-02,-3.877827823162078857e-01,-9.012633323669433594e+00,8.608010220527648926e+01
-2.243555150926113129e-02,-3.878307342529296875e-01,-9.013941764831542969e+00,8.608500003814697266e+01
-2.251703664660453796e-02,-3.878846764564514160e-01,-9.015324592590332031e+00,8.609009003639221191e+01
-2.268479205667972565e-02,-3.879270255565643311e-01,-9.016663551330566406e+00,8.609523200988769531e+01
-2.286825142800807953e-02,-3.879632949829101562e-01,-9.018009185791015625e+00,8.610022711753845215e+01
-2.297840081155300140e-02,-3.878817558288574219e-01,-9.019333839416503906e+00,8.610718321800231934e+01
-2.356912009418010712e-02,-3.875200748443603516e-01,-9.020839691162109375e+00,8.611008000373840332e+01
-2.369838953018188477e-02,-3.874160647392272949e-01,-9.022095680236816406e+00,8.611518621444702148e+01
-2.381622418761253357e-02,-3.872741162776947021e-01,-9.023333549499511719e+00,8.612053608894348145e+01
-2.372590266168117523e-02,-3.876793682575225830e-01,-9.025117874145507812e+00,8.612527418136596680e+01
-2.370972372591495514e-02,-3.878067433834075928e-01,-9.026640892028808594e+00,8.613027310371398926e+01
-2.365315146744251251e-02,-3.879768848419189453e-01,-9.028236389160156250e+00,8.613512516021728516e+01
-2.393811009824275970e-02,-3.878805339336395264e-01,-9.030003547668457031e+00,8.614012408256530762e+01
-2.486425451934337616e-02,-3.878036439418792725e-01,-9.031970024108886719e+00,8.614513015747070312e+01
-2.529918961226940155e-02,-3.877147138118743896e-01,-9.033891677856445312e+00,8.615014910697937012e+01
-2.492122724652290344e-02,-3.880742490291595459e-01,-9.035445213317871094e+00,8.615520501136779785e+01
-2.494412474334239960e-02,-3.882413506507873535e-01,-9.037221908569335938e+00,8.616044020652770996e+01
-2.488360553979873657e-02,-3.884550631046295166e-01,-9.039014816284179688e+00,8.616523408889770508e+01
-2.513927780091762543e-02,-3.883759975433349609e-01,-9.040328025817871094e+00,8.617031121253967285e+01
-2.523610740900039673e-02,-3.884209692478179932e-01,-9.041706085205078125e+00,8.617527818679809570e+01
-2.479832060635089874e-02,-3.876630067825317383e-01,-9.041240692138671875e+00,8.618029403686523438e+01
-2.452920749783515930e-02,-3.879720270633697510e-01,-9.042801856994628906e+00,8.618528509140014648e+01
-2.439002506434917450e-02,-3.879991173744201660e-01,-9.043904304504394531e+00,8.619031500816345215e+01
-2.421786449849605560e-02,-3.880654275417327881e-01,-9.045001029968261719e+00,8.619547700881958008e+01
-2.400747500360012054e-02,-3.881734311580657959e-01,-9.046094894409179688e+00,8.620032000541687012e+01
-2.388586476445198059e-02,-3.880136907100677490e-01,-9.047514915466308594e+00,8.620522904396057129e+01
-2.406167425215244293e-02,-3.885436952114105225e-01,-9.050741195678710938e+00,8.621031618118286133e+01
-2.388908341526985168e-02,-3.885934650897979736e-01,-9.052248001098632812e+00,8.621520400047302246e+01
-2.422084473073482513e-02,-3.890474736690521240e-01,-9.053881645202636719e+00,8.622031402587890625e+01
-2.431925944983959198e-02,-3.892759084701538086e-01,-9.055524826049804688e+00,8.622546410560607910e+01
-2.447978034615516663e-02,-3.895361721515655518e-01,-9.057210922241210938e+00,8.623034620285034180e+01
-2.441624552011489868e-02,-3.895430862903594971e-01,-9.058850288391113281e+00,8.623533511161804199e+01
-2.445746213197708130e-02,-3.896422386169433594e-01,-9.060555458068847656e+00,8.624042916297912598e+01
-2.375715039670467377e-02,-3.876202702522277832e-01,-9.061062812805175781e+00,8.624535202980041504e+01
-2.395678311586380005e-02,-3.877919614315032959e-01,-9.062609672546386719e+00,8.625050210952758789e+01
-2.403349056839942932e-02,-3.877977132797241211e-01,-9.064257621765136719e+00,8.625540208816528320e+01
-2.414805442094802856e-02,-3.878375589847564697e-01,-9.065910339355468750e+00,8.626069808006286621e+01
-2.399632148444652557e-02,-3.877221643924713135e-01,-9.067362785339355469e+00,8.626540017127990723e+01
-2.393170818686485291e-02,-3.876619040966033936e-01,-9.068858146667480469e+00,8.627041316032409668e+01
-2.523270435631275177e-02,-3.885615468025207520e-01,-9.070761680603027344e+00,8.627538418769836426e+01
-2.510909922420978546e-02,-3.885325789451599121e-01,-9.072130203247070312e+00,8.628044009208679199e+01
-2.515365183353424072e-02,-3.887723386287689209e-01,-9.073598861694335938e+00,8.628549218177795410e+01
-2.505998313426971436e-02,-3.888627588748931885e-01,-9.074939727783203125e+00,8.629053020477294922e+01
-2.495045028626918793e-02,-3.889757394790649414e-01,-9.076242446899414062e+00,8.629560303688049316e+01
-2.482364885509014130e-02,-3.889612257480621338e-01,-9.077780723571777344e+00,8.630048704147338867e+01
-2.467859163880348206e-02,-3.889903426170349121e-01,-9.079247474670410156e+00,8.630550503730773926e+01
-2.480291575193405151e-02,-3.881829679012298584e-01,-9.081885337829589844e+00,8.631053805351257324e+01
-2.474663965404033661e-02,-3.882921338081359863e-01,-9.083871841430664062e+00,8.631547117233276367e+01
-2.463929913938045502e-02,-3.882947862148284912e-01,-9.085798263549804688e+00,8.632053399085998535e+01
-2.452637068927288055e-02,-3.883044421672821045e-01,-9.087800025939941406e+00,8.632565999031066895e+01
-2.452593110501766205e-02,-3.882375657558441162e-01,-9.089488983154296875e+00,8.633057022094726562e+01
-2.450891025364398956e-02,-3.882024884223937988e-01,-9.091318130493164062e+00,8.633551216125488281e+01
-2.452071011066436768e-02,-3.881623148918151855e-01,-9.093122482299804688e+00,8.634057521820068359e+01
-2.499920129776000977e-02,-3.893539905548095703e-01,-9.091901779174804688e+00,8.634551405906677246e+01
-2.502683736383914948e-02,-3.894984722137451172e-01,-9.093087196350097656e+00,8.635069417953491211e+01
-2.504770085215568542e-02,-3.896411955356597900e-01,-9.094130516052246094e+00,8.635563206672668457e+01
-2.542065083980560303e-02,-3.899169564247131348e-01,-9.095184326171875000e+00,8.636075401306152344e+01
-2.573809586465358734e-02,-3.901716768741607666e-01,-9.096159934997558594e+00,8.636555314064025879e+01
-2.614571899175643921e-02,-3.904438316822052002e-01,-9.097104072570800781e+00,8.637070107460021973e+01
-2.778449095785617828e-02,-3.900556862354278564e-01,-9.100823402404785156e+00,8.637554907798767090e+01
-2.776425145566463470e-02,-3.899916410446166992e-01,-9.102315902709960938e+00,8.638070201873779297e+01
-2.814836986362934113e-02,-3.901773393154144287e-01,-9.103549003601074219e+00,8.638555312156677246e+01
-2.852129191160202026e-02,-3.903734982013702393e-01,-9.104784011840820312e+00,8.639064407348632812e+01
-2.852790430188179016e-02,-3.906843662261962891e-01,-9.106202125549316406e+00,8.639591312408447266e+01
-2.857942692935466766e-02,-3.909636735916137695e-01,-9.107606887817382812e+00,8.640064120292663574e+01
-2.852338925004005432e-02,-3.912697434425354004e-01,-9.109063148498535156e+00,8.640562701225280762e+01
-2.560843154788017273e-02,-3.895224034786224365e-01,-9.110512733459472656e+00,8.641066122055053711e+01
-2.501686848700046539e-02,-3.896757662296295166e-01,-9.112154960632324219e+00,8.641573119163513184e+01
-2.431119605898857117e-02,-3.898483514785766602e-01,-9.113844871520996094e+00,8.642067098617553711e+01
-2.568015083670616150e-02,-3.898860812187194824e-01,-9.115236282348632812e+00,8.642581510543823242e+01
-2.560727111995220184e-02,-3.900121152400970459e-01,-9.116872787475585938e+00,8.643076801300048828e+01
-2.559119276702404022e-02,-3.901617228984832764e-01,-9.118535041809082031e+00,8.643579316139221191e+01
-2.532203122973442078e-02,-3.902682065963745117e-01,-9.120122909545898438e+00,8.644080209732055664e+01
-2.549666352570056915e-02,-3.891310393810272217e-01,-9.121595382690429688e+00,8.644570612907409668e+01
-2.529189363121986389e-02,-3.891236484050750732e-01,-9.123183250427246094e+00,8.645085716247558594e+01
-2.504401281476020813e-02,-3.891004323959350586e-01,-9.124758720397949219e+00,8.645581817626953125e+01
-2.573586814105510712e-02,-3.891905546188354492e-01,-9.126486778259277344e+00,8.646089220046997070e+01
-2.597941458225250244e-02,-3.892292380332946777e-01,-9.128170967102050781e+00,8.646572208404541016e+01
-2.633328549563884735e-02,-3.892659842967987061e-01,-9.129896163940429688e+00,8.647084307670593262e+01
-2.643731608986854553e-02,-3.897377550601959229e-01,-9.131111145019531250e+00,8.647574210166931152e+01
-2.649553120136260986e-02,-3.898147046566009521e-01,-9.132474899291992188e+00,8.648079800605773926e+01
-2.652521617710590363e-02,-3.898866772651672363e-01,-9.133762359619140625e+00,8.648571205139160156e+01
-2.693895623087882996e-02,-3.899804949760437012e-01,-9.135262489318847656e+00,8.649080109596252441e+01
-2.716415002942085266e-02,-3.900673091411590576e-01,-9.136574745178222656e+00,8.649587702751159668e+01
-2.742705494165420532e-02,-3.901928961277008057e-01,-9.137841224670410156e+00,8.650085210800170898e+01
-2.758520469069480896e-02,-3.904372751712799072e-01,-9.139104843139648438e+00,8.650832200050354004e+01
-2.747111395001411438e-02,-3.894248306751251221e-01,-9.141480445861816406e+00,8.651098513603210449e+01
-2.763332054018974304e-02,-3.893923163414001465e-01,-9.142966270446777344e+00,8.651576304435729980e+01
-2.740195766091346741e-02,-3.892086148262023926e-01,-9.144330024719238281e+00,8.652105116844177246e+01
-2.730055898427963257e-02,-3.890726566314697266e-01,-9.145770072937011719e+00,8.652693414688110352e+01
-2.712513878941535950e-02,-3.888891041278839111e-01,-9.147208213806152344e+00,8.653115105628967285e+01
-2.714653871953487396e-02,-3.889447152614593506e-01,-9.148977279663085938e+00,8.653669118881225586e+01
-2.705537155270576477e-02,-3.889302313327789307e-01,-9.150666236877441406e+00,8.654097414016723633e+01
-2.781130746006965637e-02,-3.902421295642852783e-01,-9.153674125671386719e+00,8.654590821266174316e+01
-2.779207378625869751e-02,-3.905102908611297607e-01,-9.155588150024414062e+00,8.655098414421081543e+01
-2.775654755532741547e-02,-3.904255032539367676e-01,-9.157068252563476562e+00,8.655598616600036621e+01
-2.774208039045333862e-02,-3.905232250690460205e-01,-9.158828735351562500e+00,8.656107401847839355e+01
-2.773299999535083771e-02,-3.906052410602569580e-01,-9.160582542419433594e+00,8.656586599349975586e+01
-2.786970883607864380e-02,-3.907237946987152100e-01,-9.161965370178222656e+00,8.657110619544982910e+01
-2.846240811049938202e-02,-3.899904787540435791e-01,-9.160505294799804688e+00,8.657595920562744141e+01
-2.866360731422901154e-02,-3.900144696235656738e-01,-9.161515235900878906e+00,8.658113813400268555e+01
-2.848257124423980713e-02,-3.900990486145019531e-01,-9.162706375122070312e+00,8.658600115776062012e+01
-2.849793434143066406e-02,-3.901419043540954590e-01,-9.163714408874511719e+00,8.659118103981018066e+01
-2.848092280328273773e-02,-3.901890516281127930e-01,-9.164676666259765625e+00,8.659604620933532715e+01
-2.846588753163814545e-02,-3.902492523193359375e-01,-9.166025161743164062e+00,8.660115313529968262e+01
-2.841878123581409454e-02,-3.903240561485290527e-01,-9.167258262634277344e+00,8.660603618621826172e+01
-2.978716045618057251e-02,-3.904937207698822021e-01,-9.171257972717285156e+00,8.661116313934326172e+01
-3.043932653963565826e-02,-3.906006515026092529e-01,-9.173073768615722656e+00,8.661668014526367188e+01
-3.087124414741992950e-02,-3.906840682029724121e-01,-9.174903869628906250e+00,8.662112903594970703e+01
-3.140465170145034790e-02,-3.907881677150726318e-01,-9.176856040954589844e+00,8.662662220001220703e+01
-3.203883767127990723e-02,-3.909213840961456299e-01,-9.178920745849609375e+00,8.663119411468505859e+01
-3.194420039653778076e-02,-3.907600045204162598e-01,-9.180482864379882812e+00,8.663605904579162598e+01
-3.221691399812698364e-02,-3.907498717308044434e-01,-9.182337760925292969e+00,8.664119100570678711e+01
-2.622047811746597290e-02,-3.893726766109466553e-01,-9.178953170776367188e+00,8.664624714851379395e+01
-2.550271898508071899e-02,-3.894869089126586914e-01,-9.179963111877441406e+00,8.665121316909790039e+01
-2.472865395247936249e-02,-3.893949091434478760e-01,-9.181029319763183594e+00,8.665628004074096680e+01
-2.387462556362152100e-02,-3.893435895442962646e-01,-9.182027816772460938e+00,8.666133713722229004e+01
-2.346439659595489502e-02,-3.893017470836639404e-01,-9.183161735534667969e+00,8.666624021530151367e+01
-2.290165796875953674e-02,-3.892826735973358154e-01,-9.184219360351562500e+00,8.667119717597961426e+01
-2.989455498754978180e-02,-3.905931413173675537e-01,-9.190298080444335938e+00,8.667620921134948730e+01
-2.997831441462039948e-02,-3.906297981739044189e-01,-9.191679954528808594e+00,8.668116116523742676e+01
-3.018185682594776154e-02,-3.906278908252716064e-01,-9.193071365356445312e+00,8.668625116348266602e+01
-3.041423112154006958e-02,-3.906484246253967285e-01,-9.194415092468261719e+00,8.669122219085693359e+01
-3.057782724499702454e-02,-3.906822204589843750e-01,-9.195725440979003906e+00,8.669649004936218262e+01
-3.079508617520332336e-02,-3.907079994678497314e-01,-9.197014808654785156e+00,8.670117211341857910e+01
-3.101922757923603058e-02,-3.907339572906494141e-01,-9.198274612426757812e+00,8.670661520957946777e+01
-3.054061159491539001e-02,-3.909322917461395264e-01,-9.199894905090332031e+00,8.671124505996704102e+01
-3.060962818562984467e-02,-3.910401165485382080e-01,-9.201629638671875000e+00,8.671648120880126953e+01
-3.071362711489200592e-02,-3.910937905311584473e-01,-9.203162193298339844e+00,8.672125720977783203e+01
-3.081802278757095337e-02,-3.911536931991577148e-01,-9.204730987548828125e+00,8.672672915458679199e+01
-3.072290495038032532e-02,-3.912464082241058350e-01,-9.206313133239746094e+00,8.673124003410339355e+01
-3.064675815403461456e-02,-3.913388848304748535e-01,-9.207945823669433594e+00,8.673670101165771484e+01
-3.050444275140762329e-02,-3.914515376091003418e-01,-9.209620475769042969e+00,8.674128818511962891e+01
-3.061372973024845123e-02,-3.912960588932037354e-01,-9.210475921630859375e+00,8.674656319618225098e+01
-3.054425120353698730e-02,-3.913262188434600830e-01,-9.212077140808105469e+00,8.675132513046264648e+01
-3.048948384821414948e-02,-3.913305401802062988e-01,-9.213677406311035156e+00,8.675668907165527344e+01
-3.027313202619552612e-02,-3.913738429546356201e-01,-9.215265274047851562e+00,8.676153922080993652e+01
-3.010318055748939514e-02,-3.914027810096740723e-01,-9.216863632202148438e+00,8.676673603057861328e+01
-2.990164980292320251e-02,-3.914186060428619385e-01,-9.218481063842773438e+00,8.677117419242858887e+01
-3.119234554469585419e-02,-3.914490938186645508e-01,-9.219722747802734375e+00,8.677662611007690430e+01
-3.123624995350837708e-02,-3.914896845817565918e-01,-9.221258163452148438e+00,8.678141903877258301e+01
-3.129446506500244141e-02,-3.914983272552490234e-01,-9.222815513610839844e+00,8.678657412528991699e+01
-3.128563612699508667e-02,-3.915881216526031494e-01,-9.224179267883300781e+00,8.679188203811645508e+01
-3.131364285945892334e-02,-3.916192352771759033e-01,-9.225566864013671875e+00,8.679669904708862305e+01
-3.133893385529518127e-02,-3.916451036930084229e-01,-9.226894378662109375e+00,8.680141305923461914e+01
-3.136605769395828247e-02,-3.916717767715454102e-01,-9.228166580200195312e+00,8.680661106109619141e+01
-3.137802705168724060e-02,-3.917686343193054199e-01,-9.229701995849609375e+00,8.681139302253723145e+01
-3.184856846928596497e-02,-3.920357525348663330e-01,-9.230678558349609375e+00,8.681677508354187012e+01
-3.188875690102577209e-02,-3.921183347702026367e-01,-9.232024192810058594e+00,8.682157707214355469e+01
-3.235542401671409607e-02,-3.921093046665191650e-01,-9.233709335327148438e+00,8.682709598541259766e+01
-3.265314549207687378e-02,-3.921579122543334961e-01,-9.235257148742675781e+00,8.683158421516418457e+01
-3.301867470145225525e-02,-3.922044932842254639e-01,-9.236850738525390625e+00,8.683682203292846680e+01
-3.307821974158287048e-02,-3.922733962535858154e-01,-9.238605499267578125e+00,8.684160017967224121e+01
-3.269520029425621033e-02,-3.918952643871307373e-01,-9.240367889404296875e+00,8.684676814079284668e+01
-3.271910920739173889e-02,-3.918940722942352295e-01,-9.242336273193359375e+00,8.685159707069396973e+01
-3.261467814445495605e-02,-3.919837772846221924e-01,-9.243976593017578125e+00,8.685690617561340332e+01
-3.249482065439224243e-02,-3.920148909091949463e-01,-9.245860099792480469e+00,8.686151814460754395e+01
-3.231690824031829834e-02,-3.920408189296722412e-01,-9.247766494750976562e+00,8.686645603179931641e+01
-3.228086978197097778e-02,-3.919259309768676758e-01,-9.249279975891113281e+00,8.687155699729919434e+01
-3.215425461530685425e-02,-3.918545842170715332e-01,-9.250869750976562500e+00,8.687684416770935059e+01
-3.177263215184211731e-02,-3.918771743774414062e-01,-9.249794960021972656e+00,8.688152813911437988e+01
-3.164909034967422485e-02,-3.917738795280456543e-01,-9.250850677490234375e+00,8.688680815696716309e+01
-3.209628909826278687e-02,-3.920141160488128662e-01,-9.252490043640136719e+00,8.689173007011413574e+01
-3.230502083897590637e-02,-3.920890092849731445e-01,-9.253754615783691406e+00,8.689682006835937500e+01
-3.260198235511779785e-02,-3.921778202056884766e-01,-9.255029678344726562e+00,8.690162014961242676e+01
-3.260258585214614868e-02,-3.920768797397613525e-01,-9.256237983703613281e+00,8.690685606002807617e+01
-3.272867202758789062e-02,-3.920454084873199463e-01,-9.257435798645019531e+00,8.691173100471496582e+01
-3.199454769492149353e-02,-3.928939402103424072e-01,-9.260748863220214844e+00,8.691685819625854492e+01
-3.234328329563140869e-02,-3.931082189083099365e-01,-9.262355804443359375e+00,8.692173814773559570e+01
-3.250496089458465576e-02,-3.932544291019439697e-01,-9.263790130615234375e+00,8.692698121070861816e+01
-3.270789608359336853e-02,-3.934223949909210205e-01,-9.265251159667968750e+00,8.693168115615844727e+01
-3.292922303080558777e-02,-3.936277925968170166e-01,-9.266907691955566406e+00,8.693693399429321289e+01
-3.319361805915832520e-02,-3.938398063182830811e-01,-9.268568038940429688e+00,8.694174218177795410e+01
-3.349538519978523254e-02,-3.940672874450683594e-01,-9.270302772521972656e+00,8.694701409339904785e+01
-3.369155898690223694e-02,-3.927223384380340576e-01,-9.272146224975585938e+00,8.695153307914733887e+01
-3.375822305679321289e-02,-3.927054703235626221e-01,-9.273908615112304688e+00,8.695676207542419434e+01
-3.376008197665214539e-02,-3.926697373390197754e-01,-9.275669097900390625e+00,8.696191501617431641e+01
-3.369892016053199768e-02,-3.926159143447875977e-01,-9.277444839477539062e+00,8.696693706512451172e+01
-3.362189233303070068e-02,-3.926326036453247070e-01,-9.278950691223144531e+00,8.697174811363220215e+01
-3.268589824438095093e-02,-3.927169442176818848e-01,-9.278915405273437500e+00,8.697712612152099609e+01
-3.242911398410797119e-02,-3.927358090877532959e-01,-9.280298233032226562e+00,8.698183012008666992e+01
-3.260011598467826843e-02,-3.929626345634460449e-01,-9.281572341918945312e+00,8.698714613914489746e+01
-3.251605480909347534e-02,-3.930738866329193115e-01,-9.282854080200195312e+00,8.699203920364379883e+01
-3.245066106319427490e-02,-3.932065665721893311e-01,-9.284089088439941406e+00,8.699690008163452148e+01
-3.217294439673423767e-02,-3.933506906032562256e-01,-9.285428047180175781e+00,8.700184512138366699e+01
-3.194692730903625488e-02,-3.935324549674987793e-01,-9.286702156066894531e+00,8.700708818435668945e+01
-3.224799036979675293e-02,-3.941099643707275391e-01,-9.290125846862792969e+00,8.701186418533325195e+01
-3.213091939687728882e-02,-3.940241932868957520e-01,-9.291609764099121094e+00,8.701706814765930176e+01
-3.190450742840766907e-02,-3.940876126289367676e-01,-9.293055534362792969e+00,8.702182006835937500e+01
-3.166813030838966370e-02,-3.941228091716766357e-01,-9.294492721557617188e+00,8.702716302871704102e+01
-3.173192217946052551e-02,-3.942906558513641357e-01,-9.295985221862792969e+00,8.703182101249694824e+01
-3.174084797501564026e-02,-3.944105505943298340e-01,-9.297472953796386719e+00,8.703700709342956543e+01
-3.183157742023468018e-02,-3.945529162883758545e-01,-9.298980712890625000e+00,8.704186105728149414e+01
-3.327381238341331482e-02,-3.932628631591796875e-01,-9.300737380981445312e+00,8.704730916023254395e+01
-3.347970917820930481e-02,-3.930851221084594727e-01,-9.302254676818847656e+00,8.705181002616882324e+01
-3.370109200477600098e-02,-3.928629457950592041e-01,-9.303743362426757812e+00,8.705704116821289062e+01
-3.394024074077606201e-02,-3.926070928573608398e-01,-9.305222511291503906e+00,8.706207108497619629e+01
-3.416683897376060486e-02,-3.926539719104766846e-01,-9.306911468505859375e+00,8.706707215309143066e+01
-3.441704064607620239e-02,-3.925052285194396973e-01,-9.308538436889648438e+00,8.707202410697937012e+01
-3.413705155253410339e-02,-3.942115306854248047e-01,-9.309792518615722656e+00,8.707702612876892090e+01
-3.469898551702499390e-02,-3.941214084625244141e-01,-9.311654090881347656e+00,8.708196306228637695e+01
-3.514386340975761414e-02,-3.941588401794433594e-01,-9.313465118408203125e+00,8.708701300621032715e+01
-3.565753623843193054e-02,-3.941856622695922852e-01,-9.315328598022460938e+00,8.709224319458007812e+01
-3.570115193724632263e-02,-3.943516016006469727e-01,-9.317038536071777344e+00,8.709714221954345703e+01
-3.588777035474777222e-02,-3.944700658321380615e-01,-9.318853378295898438e+00,8.710191512107849121e+01
-3.598625585436820984e-02,-3.945987224578857422e-01,-9.320689201354980469e+00,8.710702919960021973e+01
-3.418078646063804626e-02,-3.944607377052307129e-01,-9.320930480957031250e+00,8.711183404922485352e+01
-3.399763256311416626e-02,-3.944630622863769531e-01,-9.322396278381347656e+00,8.711715102195739746e+01
-3.376462683081626892e-02,-3.944434225559234619e-01,-9.323810577392578125e+00,8.712208318710327148e+01
-3.337646275758743286e-02,-3.945097923278808594e-01,-9.325132369995117188e+00,8.712708902359008789e+01
-3.296292945742607117e-02,-3.945242464542388916e-01,-9.326380729675292969e+00,8.713212609291076660e+01
-3.246532380580902100e-02,-3.945519626140594482e-01,-9.327509880065917969e+00,8.713718605041503906e+01
-3.188542649149894714e-02,-3.945800065994262695e-01,-9.328526496887207031e+00,8.714212417602539062e+01
-3.407450765371322632e-02,-3.952688872814178467e-01,-9.332036972045898438e+00,8.714715504646301270e+01
-3.427765518426895142e-02,-3.952989280223846436e-01,-9.333383560180664062e+00,8.715212106704711914e+01
-3.458423539996147156e-02,-3.953301906585693359e-01,-9.334711074829101562e+00,8.715723419189453125e+01
-3.448873013257980347e-02,-3.954420685768127441e-01,-9.336394309997558594e+00,8.716225004196166992e+01
-3.468801453709602356e-02,-3.954726755619049072e-01,-9.337927818298339844e+00,8.716720008850097656e+01
-3.490417450666427612e-02,-3.954922854900360107e-01,-9.339502334594726562e+00,8.717230105400085449e+01
-3.387812152504920959e-02,-3.953411281108856201e-01,-9.339211463928222656e+00,8.717721009254455566e+01
-3.388763219118118286e-02,-3.954162299633026123e-01,-9.340916633605957031e+00,8.718224501609802246e+01
-3.389363363385200500e-02,-3.954998850822448730e-01,-9.342706680297851562e+00,8.718727517127990723e+01
-3.398734331130981445e-02,-3.954343199729919434e-01,-9.344433784484863281e+00,8.719237399101257324e+01
-3.403607010841369629e-02,-3.954275548458099365e-01,-9.346280097961425781e+00,8.719731712341308594e+01
-3.409412875771522522e-02,-3.954010903835296631e-01,-9.348181724548339844e+00,8.720222616195678711e+01
-3.448498994112014771e-02,-3.954131901264190674e-01,-9.349970817565917969e+00,8.720718717575073242e+01
-3.592177852988243103e-02,-3.953326046466827393e-01,-9.350482940673828125e+00,8.721229314804077148e+01
-3.651321306824684143e-02,-3.953292369842529297e-01,-9.352182388305664062e+00,8.721724510192871094e+01
-3.721285611391067505e-02,-3.953126370906829834e-01,-9.353899955749511719e+00,8.722232317924499512e+01
-3.658555820584297180e-02,-3.953593671321868896e-01,-9.355286598205566406e+00,8.722752499580383301e+01
-3.669044375419616699e-02,-3.953879475593566895e-01,-9.356815338134765625e+00,8.723231601715087891e+01
-3.670047968626022339e-02,-3.954389095306396484e-01,-9.358303070068359375e+00,8.723713517189025879e+01
-3.673101589083671570e-02,-3.954370319843292236e-01,-9.359717369079589844e+00,8.724199318885803223e+01
-3.546065092086791992e-02,-3.960317075252532959e-01,-9.361716270446777344e+00,8.724729704856872559e+01
-3.519121557474136353e-02,-3.959930837154388428e-01,-9.363005638122558594e+00,8.725223803520202637e+01
-3.491304069757461548e-02,-3.961870670318603516e-01,-9.364165306091308594e+00,8.725732016563415527e+01
-3.455082699656486511e-02,-3.962624669075012207e-01,-9.365304946899414062e+00,8.726238608360290527e+01
-3.413524478673934937e-02,-3.963678181171417236e-01,-9.366363525390625000e+00,8.726729202270507812e+01
-3.393046930432319641e-02,-3.963654637336730957e-01,-9.367448806762695312e+00,8.727233004570007324e+01
-3.511996567249298096e-02,-3.969298601150512695e-01,-9.369427680969238281e+00,8.727735209465026855e+01
-3.504266217350959778e-02,-3.969282507896423340e-01,-9.370549201965332031e+00,8.728232502937316895e+01
-3.532663360238075256e-02,-3.971998393535614014e-01,-9.372032165527343750e+00,8.728739213943481445e+01
-3.551833331584930420e-02,-3.973515331745147705e-01,-9.373371124267578125e+00,8.729258012771606445e+01
-3.579473495483398438e-02,-3.975438475608825684e-01,-9.374746322631835938e+00,8.729748511314392090e+01
-3.610759228467941284e-02,-3.975420296192169189e-01,-9.376426696777343750e+00,8.730271506309509277e+01
-3.650806471705436707e-02,-3.975959718227386475e-01,-9.378105163574218750e+00,8.730720114707946777e+01
-3.697921335697174072e-02,-3.976010978221893311e-01,-9.379899024963378906e+00,8.731247806549072266e+01
-3.695214539766311646e-02,-3.961648046970367432e-01,-9.381715774536132812e+00,8.731760621070861816e+01
-3.685639798641204834e-02,-3.965486288070678711e-01,-9.383762359619140625e+00,8.732245612144470215e+01
-3.711402416229248047e-02,-3.966335654258728027e-01,-9.385936737060546875e+00,8.732761120796203613e+01
-3.732025250792503357e-02,-3.967791497707366943e-01,-9.388183593750000000e+00,8.733268308639526367e+01
-3.759069368243217468e-02,-3.966249823570251465e-01,-9.389871597290039062e+00,8.733768701553344727e+01
-3.779746592044830322e-02,-3.965673744678497314e-01,-9.391780853271484375e+00,8.734248805046081543e+01
-3.799922019243240356e-02,-3.964490592479705811e-01,-9.393608093261718750e+00,8.734752011299133301e+01
-3.729229792952537537e-02,-3.963287770748138428e-01,-9.391977310180664062e+00,8.735251522064208984e+01
-3.751200437545776367e-02,-3.962972164154052734e-01,-9.393224716186523438e+00,8.735749602317810059e+01
-3.775177896022796631e-02,-3.963306248188018799e-01,-9.394371986389160156e+00,8.736262321472167969e+01
-3.751924261450767517e-02,-3.963635563850402832e-01,-9.395755767822265625e+00,8.736749219894409180e+01
-3.737925738096237183e-02,-3.964288234710693359e-01,-9.396953582763671875e+00,8.737250614166259766e+01
-3.567889332771301270e-02,-3.982391953468322754e-01,-9.400292396545410156e+00,8.737762117385864258e+01
-3.570253774523735046e-02,-3.983201086521148682e-01,-9.401480674743652344e+00,8.738261198997497559e+01
-3.540818393230438232e-02,-3.983732759952545166e-01,-9.402681350708007812e+00,8.738758206367492676e+01
-3.510653600096702576e-02,-3.983810245990753174e-01,-9.403840065002441406e+00,8.739270305633544922e+01
-3.479925543069839478e-02,-3.983545005321502686e-01,-9.404953002929687500e+00,8.739758706092834473e+01
-3.462594002485275269e-02,-3.985067009925842285e-01,-9.406282424926757812e+00,8.740258121490478516e+01
-3.439664468169212341e-02,-3.985087275505065918e-01,-9.407468795776367188e+00,8.740759515762329102e+01
-3.711334988474845886e-02,-3.980735242366790771e-01,-9.409624099731445312e+00,8.741257715225219727e+01
-3.733355179429054260e-02,-3.978585898876190186e-01,-9.411619186401367188e+00,8.741787219047546387e+01
-3.752515092492103577e-02,-3.977627754211425781e-01,-9.413362503051757812e+00,8.742257213592529297e+01
-3.775352239608764648e-02,-3.976530730724334717e-01,-9.415201187133789062e+00,8.742783713340759277e+01
-3.775694593787193298e-02,-3.977489173412322998e-01,-9.417098999023437500e+00,8.743257713317871094e+01
-3.782683983445167542e-02,-3.977864980697631836e-01,-9.419099807739257812e+00,8.743766903877258301e+01
-3.599541261792182922e-02,-3.980152904987335205e-01,-9.418029785156250000e+00,8.744255208969116211e+01
-3.590881824493408203e-02,-3.978809416294097900e-01,-9.419376373291015625e+00,8.744788408279418945e+01
-3.574679419398307800e-02,-3.978416323661804199e-01,-9.421043395996093750e+00,8.745262598991394043e+01
-3.556588664650917053e-02,-3.977714478969573975e-01,-9.422704696655273438e+00,8.745784401893615723e+01
-3.566212579607963562e-02,-3.977421522140502930e-01,-9.424045562744140625e+00,8.746270203590393066e+01
-3.568927198648452759e-02,-3.976817131042480469e-01,-9.425388336181640625e+00,8.746772599220275879e+01
-3.577672317624092102e-02,-3.976252675056457520e-01,-9.426567077636718750e+00,8.747271013259887695e+01
-3.718943521380424500e-02,-3.982269465923309326e-01,-9.427856445312500000e+00,8.747772717475891113e+01
-3.705799952149391174e-02,-3.982653617858886719e-01,-9.429512977600097656e+00,8.748271107673645020e+01
-3.721623122692108154e-02,-3.982783854007720947e-01,-9.430787086486816406e+00,8.748774600028991699e+01
-3.736153244972229004e-02,-3.983269631862640381e-01,-9.432025909423828125e+00,8.749294614791870117e+01
-3.752639144659042358e-02,-3.982957303524017334e-01,-9.433212280273437500e+00,8.749781703948974609e+01
-3.767304494976997375e-02,-3.982900679111480713e-01,-9.434374809265136719e+00,8.750269699096679688e+01
-3.782070055603981018e-02,-3.982720077037811279e-01,-9.435511589050292969e+00,8.750785517692565918e+01
-3.699116036295890808e-02,-3.986526429653167725e-01,-9.436820983886718750e+00,8.751272106170654297e+01
-3.714656829833984375e-02,-3.986775875091552734e-01,-9.438372611999511719e+00,8.751784706115722656e+01
-3.732423484325408936e-02,-3.987180590629577637e-01,-9.440022468566894531e+00,8.752280116081237793e+01
-3.763980045914649963e-02,-3.987162113189697266e-01,-9.441771507263183594e+00,8.752824807167053223e+01
-3.793952241539955139e-02,-3.987207412719726562e-01,-9.443622589111328125e+00,8.753284406661987305e+01
-3.828559070825576782e-02,-3.987421691417694092e-01,-9.445571899414062500e+00,8.753783822059631348e+01
-3.816162794828414917e-02,-3.986814618110656738e-01,-9.447435379028320312e+00,8.754284214973449707e+01
-3.716567158699035645e-02,-3.982136845588684082e-01,-9.446516036987304688e+00,8.754809021949768066e+01
-3.687987476587295532e-02,-3.980524241924285889e-01,-9.448308944702148438e+00,8.755285811424255371e+01
-3.683875873684883118e-02,-3.981372416019439697e-01,-9.449686050415039062e+00,8.755843305587768555e+01
-3.657363355159759521e-02,-3.980974555015563965e-01,-9.451271057128906250e+00,8.756299710273742676e+01
-3.627071157097816467e-02,-3.980796635150909424e-01,-9.452807426452636719e+00,8.756783199310302734e+01
-3.593419492244720459e-02,-3.981244266033172607e-01,-9.454308509826660156e+00,8.757285213470458984e+01
-3.737258538603782654e-02,-3.992983996868133545e-01,-9.456369400024414062e+00,8.757785415649414062e+01
-3.729033470153808594e-02,-3.993312120437622070e-01,-9.457523345947265625e+00,8.758295512199401855e+01
-3.721317276358604431e-02,-3.993567824363708496e-01,-9.458578109741210938e+00,8.758822202682495117e+01
-3.715141862630844116e-02,-3.996894657611846924e-01,-9.460103034973144531e+00,8.759308910369873047e+01
-3.709012642502784729e-02,-3.998998701572418213e-01,-9.461298942565917969e+00,8.759792709350585938e+01
-3.703607618808746338e-02,-4.001721739768981934e-01,-9.462497711181640625e+00,8.760298299789428711e+01
-3.715609386563301086e-02,-4.002501368522644043e-01,-9.463793754577636719e+00,8.760802602767944336e+01
-3.729561343789100647e-02,-3.994984924793243408e-01,-9.466476440429687500e+00,8.761298108100891113e+01
-3.748349100351333618e-02,-3.993600904941558838e-01,-9.467786788940429688e+00,8.761798405647277832e+01
-3.749885410070419312e-02,-3.994495272636413574e-01,-9.469653129577636719e+00,8.762296819686889648e+01
-3.764936700463294983e-02,-3.993999660015106201e-01,-9.471351623535156250e+00,8.762826919555664062e+01
-3.781284019351005554e-02,-3.993390202522277832e-01,-9.473170280456542969e+00,8.763288998603820801e+01
-3.802862390875816345e-02,-3.992936611175537109e-01,-9.475028991699218750e+00,8.763809108734130859e+01
-3.824937343597412109e-02,-3.992517590522766113e-01,-9.477003097534179688e+00,8.764294505119323730e+01
-3.832694515585899353e-02,-3.999535143375396729e-01,-9.478208541870117188e+00,8.764803004264831543e+01
-3.859677538275718689e-02,-4.001082181930541992e-01,-9.480258941650390625e+00,8.765308213233947754e+01
-3.832419589161872864e-02,-3.999441862106323242e-01,-9.481605529785156250e+00,8.765807819366455078e+01
-3.831934556365013123e-02,-3.999446332454681396e-01,-9.483386993408203125e+00,8.766307520866394043e+01
-3.825892135500907898e-02,-3.999108672142028809e-01,-9.485150337219238281e+00,8.766809105873107910e+01
-3.841087967157363892e-02,-3.999822735786437988e-01,-9.486704826354980469e+00,8.767305421829223633e+01
-3.769866377115249634e-02,-4.000737965106964111e-01,-9.486956596374511719e+00,8.767821002006530762e+01
-3.777587041258811951e-02,-4.001604020595550537e-01,-9.488152503967285156e+00,8.768302512168884277e+01
-3.762080147862434387e-02,-4.002756774425506592e-01,-9.489684104919433594e+00,8.768809199333190918e+01
-3.757261112332344055e-02,-4.004108011722564697e-01,-9.490946769714355469e+00,8.769319009780883789e+01
-3.749931231141090393e-02,-4.005714952945709229e-01,-9.492182731628417969e+00,8.769845914840698242e+01
-3.749056905508041382e-02,-4.007035791873931885e-01,-9.493505477905273438e+00,8.770305919647216797e+01
-3.744583576917648315e-02,-4.008574485778808594e-01,-9.494794845581054688e+00,8.770810103416442871e+01
-3.792118281126022339e-02,-4.006757736206054688e-01,-9.498917579650878906e+00,8.771305203437805176e+01
-3.786739334464073181e-02,-4.006510674953460693e-01,-9.500733375549316406e+00,8.771814417839050293e+01
-3.783712536096572876e-02,-4.006568491458892822e-01,-9.502483367919921875e+00,8.772319507598876953e+01
-3.780119493603706360e-02,-4.006522893905639648e-01,-9.504289627075195312e+00,8.772875499725341797e+01
-3.775959461927413940e-02,-4.006457924842834473e-01,-9.506160736083984375e+00,8.773315215110778809e+01
-3.785699978470802307e-02,-4.007874131202697754e-01,-9.508027076721191406e+00,8.773817205429077148e+01
-3.789503499865531921e-02,-4.008660912513732910e-01,-9.509968757629394531e+00,8.774318718910217285e+01
-3.792219236493110657e-02,-4.007359743118286133e-01,-9.509912490844726562e+00,8.774819111824035645e+01
-3.799579292535781860e-02,-4.004902541637420654e-01,-9.511338233947753906e+00,8.775321221351623535e+01
-3.810272365808486938e-02,-4.004476666450500488e-01,-9.513012886047363281e+00,8.775853300094604492e+01
-3.822823241353034973e-02,-4.003724157810211182e-01,-9.514680862426757812e+00,8.776333403587341309e+01
-3.825718164443969727e-02,-4.004980623722076416e-01,-9.516252517700195312e+00,8.776819610595703125e+01
-3.832064196467399597e-02,-4.005547761917114258e-01,-9.517803192138671875e+00,8.777316117286682129e+01
-3.749938681721687317e-02,-4.013961553573608398e-01,-9.518778800964355469e+00,8.777843713760375977e+01
-3.771373629570007324e-02,-4.015152454376220703e-01,-9.520063400268554688e+00,8.778335404396057129e+01
-3.781798109412193298e-02,-4.017082452774047852e-01,-9.521273612976074219e+00,8.778834319114685059e+01
-3.796055912971496582e-02,-4.019438624382019043e-01,-9.522409439086914062e+00,8.779342913627624512e+01
-3.792198002338409424e-02,-4.021472334861755371e-01,-9.523657798767089844e+00,8.779830002784729004e+01
-3.794300183653831482e-02,-4.023620486259460449e-01,-9.524824142456054688e+00,8.780328416824340820e+01
-3.793562948703765869e-02,-4.025776684284210205e-01,-9.525975227355957031e+00,8.780833816528320312e+01
-3.782103955745697021e-02,-4.014023244380950928e-01,-9.529280662536621094e+00,8.781356811523437500e+01
-3.774601593613624573e-02,-4.014121294021606445e-01,-9.530744552612304688e+00,8.781829905509948730e+01
-3.767872229218482971e-02,-4.013781547546386719e-01,-9.532268524169921875e+00,8.782331609725952148e+01
-3.760342299938201904e-02,-4.013296961784362793e-01,-9.533817291259765625e+00,8.782863521575927734e+01
-3.768349811434745789e-02,-4.013392925262451172e-01,-9.535493850708007812e+00,8.783332610130310059e+01
-3.770883381366729736e-02,-4.012981653213500977e-01,-9.537199974060058594e+00,8.783828902244567871e+01
-3.910787776112556458e-02,-4.011454284191131592e-01,-9.538596153259277344e+00,8.784331703186035156e+01
-3.908385708928108215e-02,-4.009818136692047119e-01,-9.540389060974121094e+00,8.784845304489135742e+01
-3.917369246482849121e-02,-4.008679091930389404e-01,-9.542207717895507812e+00,8.785346221923828125e+01
-3.924735635519027710e-02,-4.007315635681152344e-01,-9.544065475463867188e+00,8.785872316360473633e+01
-3.943691030144691467e-02,-4.007093608379364014e-01,-9.545834541320800781e+00,8.786349916458129883e+01
-3.959181159734725952e-02,-4.006536900997161865e-01,-9.547677040100097656e+00,8.786849403381347656e+01
-3.976961225271224976e-02,-4.006276130676269531e-01,-9.549533843994140625e+00,8.787343621253967285e+01
-3.954424709081649780e-02,-4.022864997386932373e-01,-9.550696372985839844e+00,8.787862205505371094e+01
-3.976783156394958496e-02,-4.025032520294189453e-01,-9.552495956420898438e+00,8.788345718383789062e+01
-4.001662135124206543e-02,-4.027470648288726807e-01,-9.554308891296386719e+00,8.788844704627990723e+01
-3.927515074610710144e-02,-4.029095470905303955e-01,-9.555236816406250000e+00,8.789361619949340820e+01
-3.915626928210258484e-02,-4.031942188739776611e-01,-9.556685447692871094e+00,8.789858007431030273e+01
-3.898089751601219177e-02,-4.034941494464874268e-01,-9.558066368103027344e+00,8.790346908569335938e+01
-3.874719515442848206e-02,-4.038293361663818359e-01,-9.559377670288085938e+00,8.790847921371459961e+01
-3.870457783341407776e-02,-4.023526012897491455e-01,-9.560767173767089844e+00,8.791346001625061035e+01
-3.850499168038368225e-02,-4.024055302143096924e-01,-9.561975479125976562e+00,8.791857814788818359e+01
-3.828383237123489380e-02,-4.024651646614074707e-01,-9.563124656677246094e+00,8.792357802391052246e+01
-3.857612982392311096e-02,-4.026761651039123535e-01,-9.564663887023925781e+00,8.792886805534362793e+01
-3.863371908664703369e-02,-4.028077423572540283e-01,-9.565975189208984375e+00,8.793361806869506836e+01
-3.875463828444480896e-02,-4.029550254344940186e-01,-9.567302703857421875e+00,8.793857908248901367e+01
-3.902289643883705139e-02,-4.030145406723022461e-01,-9.568915367126464844e+00,8.794357800483703613e+01
-4.020455479621887207e-02,-4.027638137340545654e-01,-9.571161270141601562e+00,8.794859004020690918e+01
-4.072920233011245728e-02,-4.028212726116180420e-01,-9.573026657104492188e+00,8.795358610153198242e+01
-4.043734073638916016e-02,-4.028769433498382568e-01,-9.574764251708984375e+00,8.795884203910827637e+01
-4.053781926631927490e-02,-4.029043614864349365e-01,-9.576683044433593750e+00,8.796370601654052734e+01
-4.055923596024513245e-02,-4.029268920421600342e-01,-9.578660011291503906e+00,8.796856713294982910e+01
-4.071424528956413269e-02,-4.028743207454681396e-01,-9.580500602722167969e+00,8.797359514236450195e+01
-3.972090035676956177e-02,-4.025740027427673340e-01,-9.579605102539062500e+00,8.797854208946228027e+01
-3.966923803091049194e-02,-4.025749862194061279e-01,-9.581232070922851562e+00,8.798369503021240234e+01
-3.957685455679893494e-02,-4.025602638721466064e-01,-9.582844734191894531e+00,8.798863220214843750e+01
-3.942282125353813171e-02,-4.028130769729614258e-01,-9.583971023559570312e+00,8.799383401870727539e+01
-3.926653414964675903e-02,-4.029207229614257812e-01,-9.585304260253906250e+00,8.799870800971984863e+01
-3.908079117536544800e-02,-4.030556082725524902e-01,-9.586564064025878906e+00,8.800368118286132812e+01
-3.904356434941291809e-02,-4.030927419662475586e-01,-9.587677955627441406e+00,8.800867199897766113e+01
-3.942178562283515930e-02,-4.037924408912658691e-01,-9.589821815490722656e+00,8.801370000839233398e+01
-3.944667428731918335e-02,-4.039252698421478271e-01,-9.590771675109863281e+00,8.801869416236877441e+01
-3.968347236514091492e-02,-4.042245447635650635e-01,-9.592293739318847656e+00,8.802366900444030762e+01
-3.986246138811111450e-02,-4.044571220874786377e-01,-9.593466758728027344e+00,8.802885913848876953e+01
-4.009954631328582764e-02,-4.047061204910278320e-01,-9.594662666320800781e+00,8.803369402885437012e+01
-4.043878987431526184e-02,-4.048215150833129883e-01,-9.596243858337402344e+00,8.803869199752807617e+01
-4.082131013274192810e-02,-4.049898684024810791e-01,-9.597786903381347656e+00,8.804370713233947754e+01
-4.141310229897499084e-02,-4.034267365932464600e-01,-9.601411819458007812e+00,8.804870915412902832e+01
-4.116547852754592896e-02,-4.033310115337371826e-01,-9.603079795837402344e+00,8.805380010604858398e+01
-4.124218970537185669e-02,-4.032368957996368408e-01,-9.604990005493164062e+00,8.805898213386535645e+01
-4.123595356941223145e-02,-4.031086564064025879e-01,-9.606953620910644531e+00,8.806384515762329102e+01
-4.124434664845466614e-02,-4.029125571250915527e-01,-9.608828544616699219e+00,8.806905221939086914e+01
-4.115054011344909668e-02,-4.026975929737091064e-01,-9.610780715942382812e+00,8.807379603385925293e+01
-4.149956256151199341e-02,-4.032208323478698730e-01,-9.610691070556640625e+00,8.807869219779968262e+01
-4.133292287588119507e-02,-4.030544459819793701e-01,-9.612500190734863281e+00,8.808376502990722656e+01
-4.137844592332839966e-02,-4.034152328968048096e-01,-9.613852500915527344e+00,8.808880615234375000e+01
-4.124850779771804810e-02,-4.035148024559020996e-01,-9.615415573120117188e+00,8.809403014183044434e+01
-4.110035300254821777e-02,-4.036580026149749756e-01,-9.616948127746582031e+00,8.809887504577636719e+01
-4.110593348741531372e-02,-4.035791754722595215e-01,-9.618205070495605469e+00,8.810385608673095703e+01
-4.107538238167762756e-02,-4.036042988300323486e-01,-9.619434356689453125e+00,8.810894298553466797e+01
-4.080356284976005554e-02,-4.045510590076446533e-01,-9.620054244995117188e+00,8.811382818222045898e+01
-4.054645448923110962e-02,-4.049378633499145508e-01,-9.621485710144042969e+00,8.811898303031921387e+01
-4.045293852686882019e-02,-4.051965475082397461e-01,-9.622520446777343750e+00,8.812401700019836426e+01
-4.032801464200019836e-02,-4.055136442184448242e-01,-9.623516082763671875e+00,8.812914299964904785e+01
-4.028206691145896912e-02,-4.055859446525573730e-01,-9.624755859375000000e+00,8.813399004936218262e+01
-4.019331559538841248e-02,-4.057271778583526611e-01,-9.625937461853027344e+00,8.813899207115173340e+01
-4.010463133454322815e-02,-4.058362245559692383e-01,-9.627159118652343750e+00,8.814403319358825684e+01
-4.123907536268234253e-02,-4.048840105533599854e-01,-9.632021903991699219e+00,8.814896106719970703e+01
-4.154452681541442871e-02,-4.049458801746368408e-01,-9.633810043334960938e+00,8.815395617485046387e+01
-4.195822030305862427e-02,-4.050615429878234863e-01,-9.635689735412597656e+00,8.815926599502563477e+01
-4.247451946139335632e-02,-4.052278399467468262e-01,-9.637624740600585938e+00,8.816410899162292480e+01
-4.261657968163490295e-02,-4.049476087093353271e-01,-9.639308929443359375e+00,8.816911816596984863e+01
-4.301369562745094299e-02,-4.048718810081481934e-01,-9.641160964965820312e+00,8.817398500442504883e+01
-4.133040457963943481e-02,-4.040796160697937012e-01,-9.639207839965820312e+00,8.817896103858947754e+01
-4.135978594422340393e-02,-4.044123291969299316e-01,-9.640601158142089844e+00,8.818416118621826172e+01
-4.146897420287132263e-02,-4.044540226459503174e-01,-9.642045021057128906e+00,8.818909811973571777e+01
-4.156105592846870422e-02,-4.045519530773162842e-01,-9.643465042114257812e+00,8.819419813156127930e+01
-4.144327342510223389e-02,-4.045654535293579102e-01,-9.644716262817382812e+00,8.819910812377929688e+01
-4.133292660117149353e-02,-4.046465456485748291e-01,-9.645970344543457031e+00,8.820416021347045898e+01
-4.114856943488121033e-02,-4.047357738018035889e-01,-9.647156715393066406e+00,8.820904111862182617e+01
-4.118506610393524170e-02,-4.060524702072143555e-01,-9.650780677795410156e+00,8.821413421630859375e+01
-4.102636873722076416e-02,-4.061671793460845947e-01,-9.652020454406738281e+00,8.821907210350036621e+01
-4.086315631866455078e-02,-4.062730669975280762e-01,-9.653217315673828125e+00,8.822418022155761719e+01
-4.073328897356987000e-02,-4.063618481159210205e-01,-9.654549598693847656e+00,8.822910809516906738e+01
-4.058877378702163696e-02,-4.064535200595855713e-01,-9.655813217163085938e+00,8.823398804664611816e+01
-4.044403508305549622e-02,-4.065484702587127686e-01,-9.657074928283691406e+00,8.823913812637329102e+01
-4.091230034828186035e-02,-4.055987894535064697e-01,-9.658772468566894531e+00,8.824415206909179688e+01
-4.093065485358238220e-02,-4.054879844188690186e-01,-9.660611152648925781e+00,8.824926519393920898e+01
-4.090980440378189087e-02,-4.053994417190551758e-01,-9.662242889404296875e+00,8.825417613983154297e+01
-4.089627414941787720e-02,-4.052908122539520264e-01,-9.663930892944335938e+00,8.825927710533142090e+01
-4.091141000390052795e-02,-4.052585661411285400e-01,-9.665829658508300781e+00,8.826419806480407715e+01
-4.093971475958824158e-02,-4.051955640316009521e-01,-9.667772293090820312e+00,8.826916217803955078e+01
-4.098203778266906738e-02,-4.051483571529388428e-01,-9.669816017150878906e+00,8.827415418624877930e+01
-4.140849784016609192e-02,-4.061765074729919434e-01,-9.671283721923828125e+00,8.827915310859680176e+01
-4.135736823081970215e-02,-4.062202870845794678e-01,-9.673218727111816406e+00,8.828418517112731934e+01
-4.128269851207733154e-02,-4.062563180923461914e-01,-9.675180435180664062e+00,8.828907418251037598e+01
-4.189001023769378662e-02,-4.061575829982757568e-01,-9.676218986511230469e+00,8.829437613487243652e+01
-4.222129285335540771e-02,-4.060720801353454590e-01,-9.677688598632812500e+00,8.829906606674194336e+01
-4.265420883893966675e-02,-4.059122800827026367e-01,-9.679053306579589844e+00,8.830418014526367188e+01
-4.272755980491638184e-02,-4.057804644107818604e-01,-9.680283546447753906e+00,8.830907106399536133e+01
-4.310372471809387207e-02,-4.070333540439605713e-01,-9.680552482604980469e+00,8.831412816047668457e+01
-4.331161826848983765e-02,-4.071748852729797363e-01,-9.681200027465820312e+00,8.831926512718200684e+01
-4.333120211958885193e-02,-4.074060320854187012e-01,-9.682620048522949219e+00,8.832452106475830078e+01
-4.338052496314048767e-02,-4.075934290885925293e-01,-9.683564186096191406e+00,8.832924699783325195e+01
-4.337520152330398560e-02,-4.077927470207214355e-01,-9.684541702270507812e+00,8.833424520492553711e+01
-4.331681504845619202e-02,-4.079858958721160889e-01,-9.685534477233886719e+00,8.833924603462219238e+01
-4.338014870882034302e-02,-4.083089232444763184e-01,-9.686995506286621094e+00,8.834429907798767090e+01
-4.334449768066406250e-02,-4.073906242847442627e-01,-9.692063331604003906e+00,8.834925007820129395e+01
-4.331190884113311768e-02,-4.075767993927001953e-01,-9.693908691406250000e+00,8.835424804687500000e+01
-4.319737106561660767e-02,-4.074870944023132324e-01,-9.695591926574707031e+00,8.835956120491027832e+01
-4.309433326125144958e-02,-4.075130522251129150e-01,-9.697502136230468750e+00,8.836431002616882324e+01
-4.296598955988883972e-02,-4.075272083282470703e-01,-9.699457168579101562e+00,8.836925601959228516e+01
-4.288883507251739502e-02,-4.078034162521362305e-01,-9.701340675354003906e+00,8.837425112724304199e+01
-4.236309602856636047e-02,-4.060563445091247559e-01,-9.700460433959960938e+00,8.837934207916259766e+01
-4.223673790693283081e-02,-4.060487747192382812e-01,-9.702353477478027344e+00,8.838451600074768066e+01
-4.213993996381759644e-02,-4.057157635688781738e-01,-9.703608512878417969e+00,8.838947105407714844e+01
-4.202597588300704956e-02,-4.055288136005401611e-01,-9.705136299133300781e+00,8.839460611343383789e+01
-4.191306233406066895e-02,-4.053149819374084473e-01,-9.706553459167480469e+00,8.839945220947265625e+01
-4.172000661492347717e-02,-4.054127037525177002e-01,-9.707982063293457031e+00,8.840451407432556152e+01
-4.154210165143013000e-02,-4.053957462310791016e-01,-9.709342002868652344e+00,8.840946912765502930e+01
-4.249052330851554871e-02,-4.072374701499938965e-01,-9.711862564086914062e+00,8.841447901725769043e+01
-4.236261546611785889e-02,-4.074812233448028564e-01,-9.713255882263183594e+00,8.841959810256958008e+01
-4.285470768809318542e-02,-4.073464274406433105e-01,-9.714459419250488281e+00,8.842452621459960938e+01
-4.304262995719909668e-02,-4.074432551860809326e-01,-9.715694427490234375e+00,8.842960309982299805e+01
-4.330099374055862427e-02,-4.075425863265991211e-01,-9.716872215270996094e+00,8.843447399139404297e+01
-4.328766837716102600e-02,-4.077101349830627441e-01,-9.718106269836425781e+00,8.843947720527648926e+01
-4.340007156133651733e-02,-4.078517556190490723e-01,-9.719272613525390625e+00,8.844447803497314453e+01
-4.209696874022483826e-02,-4.071106314659118652e-01,-9.720129966735839844e+00,8.844958019256591797e+01
-4.195363447070121765e-02,-4.072490632534027100e-01,-9.721800804138183594e+00,8.845456600189208984e+01
-4.180471226572990417e-02,-4.073431789875030518e-01,-9.723241806030273438e+00,8.845972299575805664e+01
-4.162673652172088623e-02,-4.074332118034362793e-01,-9.724752426147460938e+00,8.846452307701110840e+01
-4.169031605124473572e-02,-4.073724746704101562e-01,-9.726332664489746094e+00,8.846958613395690918e+01
-4.168873280286788940e-02,-4.073509275913238525e-01,-9.727987289428710938e+00,8.847456312179565430e+01
-4.300281777977943420e-02,-4.071018099784851074e-01,-9.730163574218750000e+00,8.847960114479064941e+01
-4.303326085209846497e-02,-4.072094857692718506e-01,-9.731745719909667969e+00,8.848457002639770508e+01
-4.318416863679885864e-02,-4.072565436363220215e-01,-9.733478546142578125e+00,8.848963904380798340e+01
-4.334213584661483765e-02,-4.073120355606079102e-01,-9.735224723815917969e+00,8.849481701850891113e+01
-4.350966587662696838e-02,-4.073527455329895020e-01,-9.736993789672851562e+00,8.849962806701660156e+01
-4.371437430381774902e-02,-4.072984457015991211e-01,-9.738612174987792969e+00,8.850460815429687500e+01
-4.307264834642410278e-02,-4.066804051399230957e-01,-9.740145683288574219e+00,8.850972604751586914e+01
-4.322702065110206604e-02,-4.064847826957702637e-01,-9.741824150085449219e+00,8.851457118988037109e+01
-4.336703941226005554e-02,-4.067686498165130615e-01,-9.743508338928222656e+00,8.851976013183593750e+01
-4.353574290871620178e-02,-4.068144559860229492e-01,-9.745172500610351562e+00,8.852465915679931641e+01
-4.370796307921409607e-02,-4.069110155105590820e-01,-9.746814727783203125e+00,8.852971005439758301e+01
-4.378290846943855286e-02,-4.068550169467926025e-01,-9.748247146606445312e+00,8.853472304344177246e+01
-4.387957602739334106e-02,-4.068754911422729492e-01,-9.749697685241699219e+00,8.853970599174499512e+01
-4.457913339138031006e-02,-4.079270064830780029e-01,-9.751545906066894531e+00,8.854469704627990723e+01
-4.470781981945037842e-02,-4.081801176071166992e-01,-9.752990722656250000e+00,8.854973816871643066e+01
-4.479705542325973511e-02,-4.083610475063323975e-01,-9.754329681396484375e+00,8.855470204353332520e+01
-4.487683996558189392e-02,-4.085878729820251465e-01,-9.755611419677734375e+00,8.855981922149658203e+01
-4.499259963631629944e-02,-4.086033403873443604e-01,-9.756910324096679688e+00,8.856486701965332031e+01
-4.509156942367553711e-02,-4.086813926696777344e-01,-9.758160591125488281e+00,8.856974911689758301e+01
-4.519584774971008301e-02,-4.087251126766204834e-01,-9.759388923645019531e+00,8.857467913627624512e+01
-4.544751346111297607e-02,-4.076176583766937256e-01,-9.761303901672363281e+00,8.858012104034423828e+01
-4.558517411351203918e-02,-4.076038300991058350e-01,-9.762866973876953125e+00,8.858473610877990723e+01
-4.573468118906021118e-02,-4.076341986656188965e-01,-9.764505386352539062e+00,8.858982110023498535e+01
-4.588982462882995605e-02,-4.076968431472778320e-01,-9.766186714172363281e+00,8.859496402740478516e+01
-4.584562405943870544e-02,-4.074997901916503906e-01,-9.767905235290527344e+00,8.859990811347961426e+01
-4.587217792868614197e-02,-4.074307680130004883e-01,-9.769685745239257812e+00,8.860488009452819824e+01
-4.572952538728713989e-02,-4.077194035053253174e-01,-9.770445823669433594e+00,8.860989403724670410e+01
-4.563485831022262573e-02,-4.077992737293243408e-01,-9.771921157836914062e+00,8.861486816406250000e+01
-4.550750553607940674e-02,-4.077947735786437988e-01,-9.773562431335449219e+00,8.861987209320068359e+01
-4.534710943698883057e-02,-4.077976942062377930e-01,-9.775218009948730469e+00,8.862494421005249023e+01
-4.531124234199523926e-02,-4.078280329704284668e-01,-9.776765823364257812e+00,8.862975215911865234e+01
-4.521620273590087891e-02,-4.078558981418609619e-01,-9.778317451477050781e+00,8.863486814498901367e+01
-4.513062164187431335e-02,-4.078886806964874268e-01,-9.779825210571289062e+00,8.863976502418518066e+01
-4.612722992897033691e-02,-4.085463881492614746e-01,-9.781545639038085938e+00,8.864480113983154297e+01
-4.613760113716125488e-02,-4.087021350860595703e-01,-9.782915115356445312e+00,8.864995503425598145e+01
-4.615828022360801697e-02,-4.088831543922424316e-01,-9.784262657165527344e+00,8.865491509437561035e+01
-4.603146389126777649e-02,-4.090045690536499023e-01,-9.785734176635742188e+00,8.866002917289733887e+01
-4.593297094106674194e-02,-4.091348052024841309e-01,-9.787152290344238281e+00,8.866493606567382812e+01
-4.578965157270431519e-02,-4.092504382133483887e-01,-9.788578033447265625e+00,8.866997814178466797e+01
-4.560870677232742310e-02,-4.093438684940338135e-01,-9.790008544921875000e+00,8.867493820190429688e+01
-4.677127301692962646e-02,-4.084647595882415771e-01,-9.792728424072265625e+00,8.868002200126647949e+01
-4.725320637226104736e-02,-4.085703492164611816e-01,-9.794523239135742188e+00,8.868495416641235352e+01
-4.785586521029472351e-02,-4.086868464946746826e-01,-9.796381950378417969e+00,8.868998122215270996e+01
-4.759850725531578064e-02,-4.084628522396087646e-01,-9.797906875610351562e+00,8.869504904747009277e+01
-4.786049202084541321e-02,-4.084136486053466797e-01,-9.799653053283691406e+00,8.870004200935363770e+01
-4.808915033936500549e-02,-4.083426594734191895e-01,-9.801400184631347656e+00,8.870496606826782227e+01
-4.693530872464179993e-02,-4.083206057548522949e-01,-9.801462173461914062e+00,8.870994210243225098e+01
-4.689742252230644226e-02,-4.083191752433776855e-01,-9.803065299987792969e+00,8.871497821807861328e+01
-4.681700468063354492e-02,-4.083167016506195068e-01,-9.804668426513671875e+00,8.872013616561889648e+01
-4.700949043035507202e-02,-4.084951877593994141e-01,-9.806144714355468750e+00,8.872508311271667480e+01
-4.705210030078887939e-02,-4.086389243602752686e-01,-9.807678222656250000e+00,8.873010301589965820e+01
-4.711702838540077209e-02,-4.088265895843505859e-01,-9.809209823608398438e+00,8.873508715629577637e+01
-4.731671139597892761e-02,-4.088729619979858398e-01,-9.810475349426269531e+00,8.874016904830932617e+01
-4.852886497974395752e-02,-4.088329970836639404e-01,-9.811995506286621094e+00,8.874504017829895020e+01
-4.888138920068740845e-02,-4.087896049022674561e-01,-9.813076972961425781e+00,8.875010609626770020e+01
-4.929325729608535767e-02,-4.087101817131042480e-01,-9.814058303833007812e+00,8.875508022308349609e+01
-4.878538474440574646e-02,-4.089807569980621338e-01,-9.815337181091308594e+00,8.876028919219970703e+01
-4.875111952424049377e-02,-4.090151488780975342e-01,-9.816330909729003906e+00,8.876508116722106934e+01
-4.864973947405815125e-02,-4.090849757194519043e-01,-9.817268371582031250e+00,8.877009606361389160e+01
-4.867057874798774719e-02,-4.090281426906585693e-01,-9.818393707275390625e+00,8.877504706382751465e+01
-4.903358593583106995e-02,-4.089247882366180420e-01,-9.821519851684570312e+00,8.878011417388916016e+01
-4.898185282945632935e-02,-4.087431728839874268e-01,-9.822974205017089844e+00,8.878507900238037109e+01
-4.916122555732727051e-02,-4.087528586387634277e-01,-9.824930191040039062e+00,8.879022312164306641e+01
-4.922106489539146423e-02,-4.086317718029022217e-01,-9.826778411865234375e+00,8.879532814025878906e+01
-4.930365830659866333e-02,-4.085026681423187256e-01,-9.828767776489257812e+00,8.880025815963745117e+01
-4.932554438710212708e-02,-4.083339273929595947e-01,-9.830754280090332031e+00,8.880520701408386230e+01
-4.979629814624786377e-02,-4.083468914031982422e-01,-9.831318855285644531e+00,8.881017613410949707e+01
-4.988010227680206299e-02,-4.082431495189666748e-01,-9.833293914794921875e+00,8.881512713432312012e+01
-5.003304034471511841e-02,-4.082784652709960938e-01,-9.834854125976562500e+00,8.882031106948852539e+01
-5.015860870480537415e-02,-4.082581102848052979e-01,-9.836626052856445312e+00,8.882532620429992676e+01
-5.029658973217010498e-02,-4.082527756690979004e-01,-9.838364601135253906e+00,8.883021712303161621e+01
-5.024265125393867493e-02,-4.082863032817840576e-01,-9.839680671691894531e+00,8.883531117439270020e+01
-5.023680999875068665e-02,-4.083189964294433594e-01,-9.841050148010253906e+00,8.884027504920959473e+01
-5.005086213350296021e-02,-4.093238413333892822e-01,-9.843399047851562500e+00,8.884519004821777344e+01
-4.994003102183341980e-02,-4.094248712062835693e-01,-9.844646453857421875e+00,8.885035514831542969e+01
-5.027534440159797668e-02,-4.094760715961456299e-01,-9.846373558044433594e+00,8.885520815849304199e+01
-5.035948380827903748e-02,-4.095686674118041992e-01,-9.847723960876464844e+00,8.886052799224853516e+01
-5.047383159399032593e-02,-4.096597731113433838e-01,-9.849057197570800781e+00,8.886530399322509766e+01
-5.072994530200958252e-02,-4.097250103950500488e-01,-9.850351333618164062e+00,8.887018299102783203e+01
-5.040960758924484253e-02,-4.094806909561157227e-01,-9.849732398986816406e+00,8.887534022331237793e+01
-5.071358382701873779e-02,-4.095645844936370850e-01,-9.850698471069335938e+00,8.888025522232055664e+01
-5.079215019941329956e-02,-4.095479547977447510e-01,-9.851935386657714844e+00,8.888522219657897949e+01
-5.102694779634475708e-02,-4.095573425292968750e-01,-9.852998733520507812e+00,8.889037108421325684e+01
-5.126954615116119385e-02,-4.095352888107299805e-01,-9.854067802429199219e+00,8.889545416831970215e+01
-5.144105851650238037e-02,-4.095616936683654785e-01,-9.855484008789062500e+00,8.890035605430603027e+01
-5.163202434778213501e-02,-4.095759093761444092e-01,-9.856854438781738281e+00,8.890556907653808594e+01
-5.142418667674064636e-02,-4.093347191810607910e-01,-9.860512733459472656e+00,8.891035318374633789e+01
-5.111363157629966736e-02,-4.092518389225006104e-01,-9.861995697021484375e+00,8.891532921791076660e+01
-5.092039331793785095e-02,-4.092583060264587402e-01,-9.863682746887207031e+00,8.892057013511657715e+01
-5.063125863671302795e-02,-4.092384576797485352e-01,-9.865411758422851562e+00,8.892553615570068359e+01
-5.024670436978340149e-02,-4.091919064521789551e-01,-9.867167472839355469e+00,8.893052721023559570e+01
-5.022135749459266663e-02,-4.094245433807373047e-01,-9.868416786193847656e+00,8.893542313575744629e+01
-4.994971677660942078e-02,-4.095602631568908691e-01,-9.869870185852050781e+00,8.894056510925292969e+01
-5.123721435666084290e-02,-4.098805189132690430e-01,-9.869935989379882812e+00,8.894547820091247559e+01
-5.132367089390754700e-02,-4.097906649112701416e-01,-9.870798110961914062e+00,8.895046114921569824e+01
-5.131757631897926331e-02,-4.098596870899200439e-01,-9.871705055236816406e+00,8.895549321174621582e+01
-5.133818462491035461e-02,-4.099231362342834473e-01,-9.872501373291015625e+00,8.896074414253234863e+01
-5.116794258356094360e-02,-4.101508557796478271e-01,-9.873614311218261719e+00,8.896548819541931152e+01
-5.104625597596168518e-02,-4.103361666202545166e-01,-9.874548912048339844e+00,8.897047805786132812e+01
-5.039630457758903503e-02,-4.098466336727142334e-01,-9.878528594970703125e+00,8.897547721862792969e+01
-5.038463324308395386e-02,-4.098609387874603271e-01,-9.879972457885742188e+00,8.898056316375732422e+01
-5.024162679910659790e-02,-4.099272787570953369e-01,-9.881419181823730469e+00,8.898556804656982422e+01
-5.010974779725074768e-02,-4.099591970443725586e-01,-9.882903099060058594e+00,8.899064016342163086e+01
-5.019604787230491638e-02,-4.099523127079010010e-01,-9.884419441223144531e+00,8.899558019638061523e+01
-5.026755854487419128e-02,-4.099421501159667969e-01,-9.885980606079101562e+00,8.900065708160400391e+01
-5.041007325053215027e-02,-4.099124073982238770e-01,-9.887584686279296875e+00,8.900557708740234375e+01
-5.237380787730216980e-02,-4.089366793632507324e-01,-9.885855674743652344e+00,8.901061606407165527e+01
-5.250773578882217407e-02,-4.088920950889587402e-01,-9.887133598327636719e+00,8.901560521125793457e+01
-5.285776779055595398e-02,-4.088312387466430664e-01,-9.888502120971679688e+00,8.902057003974914551e+01
-5.323474481701850891e-02,-4.087692201137542725e-01,-9.889892578125000000e+00,8.902582621574401855e+01
-5.345963314175605774e-02,-4.087781310081481934e-01,-9.891153335571289062e+00,8.903078818321228027e+01
-5.373542383313179016e-02,-4.087731838226318359e-01,-9.892460823059082031e+00,8.903551721572875977e+01
-5.398876965045928955e-02,-4.087814688682556152e-01,-9.893749237060546875e+00,8.904059410095214844e+01
-5.204423516988754272e-02,-4.093346893787384033e-01,-9.894951820373535156e+00,8.904555106163024902e+01
-5.204213410615921021e-02,-4.094235599040985107e-01,-9.896159172058105469e+00,8.905063819885253906e+01
-5.201651901006698608e-02,-4.095286726951599121e-01,-9.897338867187500000e+00,8.905573916435241699e+01
-5.173463001847267151e-02,-4.095076918601989746e-01,-9.898068428039550781e+00,8.906086921691894531e+01
-5.156804993748664856e-02,-4.095908403396606445e-01,-9.899009704589843750e+00,8.906562614440917969e+01
-5.135932937264442444e-02,-4.096570312976837158e-01,-9.899917602539062500e+00,8.907072806358337402e+01
-5.199274793267250061e-02,-4.100445210933685303e-01,-9.901556015014648438e+00,8.907563710212707520e+01
-5.178976058959960938e-02,-4.102081358432769775e-01,-9.902358055114746094e+00,8.908072519302368164e+01
-5.154313519597053528e-02,-4.103862643241882324e-01,-9.903091430664062500e+00,8.908568501472473145e+01
-5.178532004356384277e-02,-4.102971255779266357e-01,-9.905138015747070312e+00,8.909094309806823730e+01
-5.167431384325027466e-02,-4.103940129280090332e-01,-9.906304359436035156e+00,8.909584712982177734e+01
-5.156702920794487000e-02,-4.105008244514465332e-01,-9.907529830932617188e+00,8.910070800781250000e+01
-5.145943537354469299e-02,-4.105897247791290283e-01,-9.908802986145019531e+00,8.910566520690917969e+01
-5.320421233773231506e-02,-4.090802669525146484e-01,-9.908941268920898438e+00,8.911072707176208496e+01
-5.339629203081130981e-02,-4.090485572814941406e-01,-9.910219192504882812e+00,8.911561107635498047e+01
-5.361459776759147644e-02,-4.090127944946289062e-01,-9.911553382873535156e+00,8.912071514129638672e+01
-5.347738787531852722e-02,-4.088499248027801514e-01,-9.912775039672851562e+00,8.912587499618530273e+01
-5.351632833480834961e-02,-4.087394773960113525e-01,-9.914112091064453125e+00,8.913080406188964844e+01
-5.351846665143966675e-02,-4.086088240146636963e-01,-9.915472030639648438e+00,8.913568210601806641e+01
-5.350334942340850830e-02,-4.086371660232543945e-01,-9.916623115539550781e+00,8.914084100723266602e+01
-5.357244610786437988e-02,-4.094468057155609131e-01,-9.916276931762695312e+00,8.914587020874023438e+01
-5.347495153546333313e-02,-4.095499217510223389e-01,-9.917263031005859375e+00,8.915075421333312988e+01
-5.348999053239822388e-02,-4.095823466777801514e-01,-9.917900085449218750e+00,8.915577411651611328e+01
-5.342331156134605408e-02,-4.096692800521850586e-01,-9.918603897094726562e+00,8.916103720664978027e+01
-5.335077643394470215e-02,-4.097618758678436279e-01,-9.919205665588378906e+00,8.916579914093017578e+01
-5.324170365929603577e-02,-4.098745286464691162e-01,-9.919984817504882812e+00,8.917080807685852051e+01
-5.341659486293792725e-02,-4.102433025836944580e-01,-9.922156333923339844e+00,8.917578220367431641e+01
-5.331441387534141541e-02,-4.104170799255371094e-01,-9.922935485839843750e+00,8.918076109886169434e+01
-5.319715291261672974e-02,-4.106081426143646240e-01,-9.923688888549804688e+00,8.918587398529052734e+01
-5.304356291890144348e-02,-4.106411635875701904e-01,-9.924634933471679688e+00,8.919096612930297852e+01
-5.288852378726005554e-02,-4.107748270034790039e-01,-9.925475120544433594e+00,8.919603204727172852e+01
-5.271506682038307190e-02,-4.109037518501281738e-01,-9.926332473754882812e+00,8.920083212852478027e+01
-5.278275907039642334e-02,-4.110795855522155762e-01,-9.927232742309570312e+00,8.920594120025634766e+01
-5.325081199407577515e-02,-4.097140133380889893e-01,-9.927252769470214844e+00,8.921093511581420898e+01
-5.344445258378982544e-02,-4.097757935523986816e-01,-9.928105354309082031e+00,8.921603107452392578e+01
-5.342386662960052490e-02,-4.097183346748352051e-01,-9.928675651550292969e+00,8.922093701362609863e+01
-5.356186628341674805e-02,-4.097203910350799561e-01,-9.929354667663574219e+00,8.922605609893798828e+01
-5.371052771806716919e-02,-4.097189307212829590e-01,-9.929985046386718750e+00,8.923095107078552246e+01
-5.381501838564872742e-02,-4.098029136657714844e-01,-9.930625915527343750e+00,8.923602914810180664e+01
-5.394021049141883850e-02,-4.098517000675201416e-01,-9.931221008300781250e+00,8.924084806442260742e+01
-5.385995283722877502e-02,-4.095697999000549316e-01,-9.932430267333984375e+00,8.924583911895751953e+01
-5.388687178492546082e-02,-4.095821976661682129e-01,-9.933208465576171875e+00,8.925094103813171387e+01
-5.392473563551902771e-02,-4.096033275127410889e-01,-9.933928489685058594e+00,8.925603413581848145e+01
-5.395251139998435974e-02,-4.096299409866333008e-01,-9.934654235839843750e+00,8.926127409934997559e+01
-5.396792292594909668e-02,-4.096570909023284912e-01,-9.935384750366210938e+00,8.926614904403686523e+01
-5.417520552873611450e-02,-4.096927046775817871e-01,-9.936128616333007812e+00,8.927110219001770020e+01
-5.412768200039863586e-02,-4.095697402954101562e-01,-9.936172485351562500e+00,8.927616000175476074e+01
-5.431367829442024231e-02,-4.095751047134399414e-01,-9.936848640441894531e+00,8.928102803230285645e+01
-5.436531081795692444e-02,-4.094077646732330322e-01,-9.937302589416503906e+00,8.928609108924865723e+01
-5.451747030019760132e-02,-4.093335568904876709e-01,-9.937862396240234375e+00,8.929111099243164062e+01
-5.467399209737777710e-02,-4.092425405979156494e-01,-9.938398361206054688e+00,8.929681515693664551e+01
-5.472571775317192078e-02,-4.092901647090911865e-01,-9.938900947570800781e+00,8.930111312866210938e+01
-5.479926243424415588e-02,-4.092843234539031982e-01,-9.939377784729003906e+00,8.930615901947021484e+01
-5.396442860364913940e-02,-4.099436700344085693e-01,-9.940662384033203125e+00,8.931108999252319336e+01
-5.395874008536338806e-02,-4.099915325641632080e-01,-9.941197395324707031e+00,8.931615400314331055e+01
-5.390418693423271179e-02,-4.100900888442993164e-01,-9.941698074340820312e+00,8.932165002822875977e+01
-5.383327975869178772e-02,-4.101867973804473877e-01,-9.942173957824707031e+00,8.932670903205871582e+01
-5.381533131003379822e-02,-4.103000164031982422e-01,-9.942640304565429688e+00,8.933119106292724609e+01
-5.377234518527984619e-02,-4.104125797748565674e-01,-9.943080902099609375e+00,8.933670020103454590e+01
-5.373454466462135315e-02,-4.105304181575775146e-01,-9.943503379821777344e+00,8.934120917320251465e+01
-5.488209426403045654e-02,-4.094429016113281250e-01,-9.943504333496093750e+00,8.934679603576660156e+01
-5.492498725652694702e-02,-4.094535708427429199e-01,-9.943903923034667969e+00,8.935119104385375977e+01
-5.496093258261680603e-02,-4.094624817371368408e-01,-9.944290161132812500e+00,8.935662007331848145e+01
-5.499025434255599976e-02,-4.094772636890411377e-01,-9.944677352905273438e+00,8.936143422126770020e+01
-5.501097813248634338e-02,-4.095006287097930908e-01,-9.945178031921386719e+00,8.936678814888000488e+01
-5.503077059984207153e-02,-4.095023572444915771e-01,-9.945637702941894531e+00,8.937124705314636230e+01
-5.481585487723350525e-02,-4.093873202800750732e-01,-9.945944786071777344e+00,8.937658405303955078e+01
-5.470031499862670898e-02,-4.093541502952575684e-01,-9.946490287780761719e+00,8.938124108314514160e+01
-5.462263152003288269e-02,-4.093637168407440186e-01,-9.947036743164062500e+00,8.938624310493469238e+01
-5.452235788106918335e-02,-4.093635678291320801e-01,-9.947612762451171875e+00,8.939129900932312012e+01
-5.450189858675003052e-02,-4.093705415725708008e-01,-9.948161125183105469e+00,8.939686203002929688e+01
-5.444446206092834473e-02,-4.093698263168334961e-01,-9.948740959167480469e+00,8.940122509002685547e+01
-5.480508133769035339e-02,-4.090272784233093262e-01,-9.948719024658203125e+00,8.940675902366638184e+01
-5.489156022667884827e-02,-4.090744256973266602e-01,-9.949174880981445312e+00,8.941125321388244629e+01
-5.496061965823173523e-02,-4.090777933597564697e-01,-9.949645042419433594e+00,8.941681098937988281e+01
-5.504409223794937134e-02,-4.091044068336486816e-01,-9.950106620788574219e+00,8.942133903503417969e+01
-5.507951974868774414e-02,-4.090557396411895752e-01,-9.950551986694335938e+00,8.942662119865417480e+01
-5.514400824904441833e-02,-4.090312421321868896e-01,-9.950987815856933594e+00,8.943145298957824707e+01
-5.520758777856826782e-02,-4.089955389499664307e-01,-9.951417922973632812e+00,8.943632221221923828e+01
-5.527157336473464966e-02,-4.089438915252685547e-01,-9.951841354370117188e+00,8.944132518768310547e+01
-5.487697944045066833e-02,-4.091153144836425781e-01,-9.952201843261718750e+00,8.944667816162109375e+01
-5.490979552268981934e-02,-4.090548157691955566e-01,-9.952611923217773438e+00,8.945132517814636230e+01
-5.494097992777824402e-02,-4.089770615100860596e-01,-9.953011512756347656e+00,8.945681118965148926e+01
-5.457635223865509033e-02,-4.090681374073028564e-01,-9.952485084533691406e+00,8.946152520179748535e+01
-5.446289479732513428e-02,-4.090186357498168945e-01,-9.952549934387207031e+00,8.946677803993225098e+01
-5.432207882404327393e-02,-4.089596569538116455e-01,-9.952528953552246094e+00,8.947148513793945312e+01
-5.462018400430679321e-02,-4.095903635025024414e-01,-9.953498840332031250e+00,8.947678518295288086e+01
-5.458286032080650330e-02,-4.096352458000183105e-01,-9.953506469726562500e+00,8.948138809204101562e+01
-5.453927442431449890e-02,-4.096852242946624756e-01,-9.953467369079589844e+00,8.948677802085876465e+01
-5.450936406850814819e-02,-4.097698926925659180e-01,-9.953576087951660156e+00,8.949153208732604980e+01
-5.446639657020568848e-02,-4.098440408706665039e-01,-9.953567504882812500e+00,8.949698710441589355e+01
-5.442101880908012390e-02,-4.099245667457580566e-01,-9.953551292419433594e+00,8.950155115127563477e+01
-5.432898923754692078e-02,-4.099495112895965576e-01,-9.953588485717773438e+00,8.950676512718200684e+01
-5.466171354055404663e-02,-4.094498455524444580e-01,-9.954003334045410156e+00,8.951146602630615234e+01
-5.457592383027076721e-02,-4.094404876232147217e-01,-9.954075813293457031e+00,8.951678705215454102e+01
-5.447509512305259705e-02,-4.094247221946716309e-01,-9.954152107238769531e+00,8.952136015892028809e+01
-5.447329953312873840e-02,-4.094874262809753418e-01,-9.954246520996093750e+00,8.952681422233581543e+01
-5.440546199679374695e-02,-4.095036387443542480e-01,-9.954338073730468750e+00,8.953154706954956055e+01
-5.433818325400352478e-02,-4.095233976840972900e-01,-9.954434394836425781e+00,8.953681921958923340e+01
-5.425842851400375366e-02,-4.095101654529571533e-01,-9.954470634460449219e+00,8.954147219657897949e+01
-5.475108698010444641e-02,-4.092510044574737549e-01,-9.953839302062988281e+00,8.954669308662414551e+01
-5.471316352486610413e-02,-4.092348814010620117e-01,-9.953831672668457031e+00,8.955158805847167969e+01
-5.470516532659530640e-02,-4.092651605606079102e-01,-9.953798294067382812e+00,8.955672311782836914e+01
-5.468130111694335938e-02,-4.092746973037719727e-01,-9.953758239746093750e+00,8.956175398826599121e+01
-5.466037616133689880e-02,-4.092897772789001465e-01,-9.953705787658691406e+00,8.956676411628723145e+01
-5.463194102048873901e-02,-4.092878699302673340e-01,-9.953678131103515625e+00,8.957160615921020508e+01
-5.481930449604988098e-02,-4.091299176216125488e-01,-9.953611373901367188e+00,8.957673406600952148e+01
-5.481131374835968018e-02,-4.091250896453857422e-01,-9.953592300415039062e+00,8.958159303665161133e+01
-5.482645705342292786e-02,-4.091333746910095215e-01,-9.953673362731933594e+00,8.958675718307495117e+01
-5.483327433466911316e-02,-4.091317951679229736e-01,-9.953718185424804688e+00,8.959178304672241211e+01
-5.484388768672943115e-02,-4.091299176216125488e-01,-9.953778266906738281e+00,8.959684801101684570e+01
-5.484008789062500000e-02,-4.091179072856903076e-01,-9.953867912292480469e+00,8.960163998603820801e+01
-5.484291538596153259e-02,-4.091085791587829590e-01,-9.953976631164550781e+00,8.960675120353698730e+01
-5.470189824700355530e-02,-4.089243113994598389e-01,-9.953425407409667969e+00,8.961167621612548828e+01
-5.469653382897377014e-02,-4.089104831218719482e-01,-9.953549385070800781e+00,8.961698102951049805e+01
-5.464327707886695862e-02,-4.089132547378540039e-01,-9.953575134277343750e+00,8.962159109115600586e+01
-5.460968986153602600e-02,-4.089062213897705078e-01,-9.953678131103515625e+00,8.962715220451354980e+01
-5.456925928592681885e-02,-4.089017510414123535e-01,-9.953786849975585938e+00,8.963172316551208496e+01
-5.455609783530235291e-02,-4.089021980762481689e-01,-9.953842163085937500e+00,8.963692903518676758e+01
-5.462380871176719666e-02,-4.089981019496917725e-01,-9.953418731689453125e+00,8.964167308807373047e+01
-5.462269112467765808e-02,-4.089962542057037354e-01,-9.953428268432617188e+00,8.964679718017578125e+01
-5.459601432085037231e-02,-4.090006947517395020e-01,-9.953387260437011719e+00,8.965169715881347656e+01
-5.458121001720428467e-02,-4.090042114257812500e-01,-9.953350067138671875e+00,8.965703916549682617e+01
-5.456367880105972290e-02,-4.090089499950408936e-01,-9.953297615051269531e+00,8.966204309463500977e+01
-5.455661192536354065e-02,-4.090133607387542725e-01,-9.953253746032714844e+00,8.966709017753601074e+01
-5.454516038298606873e-02,-4.090186953544616699e-01,-9.953188896179199219e+00,8.967157006263732910e+01
-5.459703132510185242e-02,-4.091464579105377197e-01,-9.953472137451171875e+00,8.967685699462890625e+01
-5.459209531545639038e-02,-4.091525971889495850e-01,-9.953482627868652344e+00,8.968191003799438477e+01
-5.459309741854667664e-02,-4.091648757457733154e-01,-9.953454971313476562e+00,8.968687415122985840e+01
-5.459179356694221497e-02,-4.091781973838806152e-01,-9.953426361083984375e+00,8.969199419021606445e+01
-5.458782613277435303e-02,-4.091901481151580811e-01,-9.953396797180175781e+00,8.969700908660888672e+01
-5.458779633045196533e-02,-4.092017114162445068e-01,-9.953394889831542969e+00,8.970181608200073242e+01
-5.458366498351097107e-02,-4.092113971710205078e-01,-9.953383445739746094e+00,8.970712304115295410e+01
-5.459441989660263062e-02,-4.089031219482421875e-01,-9.953143119812011719e+00,8.971182513236999512e+01
-5.458954721689224243e-02,-4.088959693908691406e-01,-9.953145980834960938e+00,8.971695804595947266e+01
-5.458545684814453125e-02,-4.088906943798065186e-01,-9.953142166137695312e+00,8.972207212448120117e+01
-5.458099022507667542e-02,-4.088846147060394287e-01,-9.953145980834960938e+00,8.972714519500732422e+01
-5.457105487585067749e-02,-4.088751971721649170e-01,-9.953163146972656250e+00,8.973186802864074707e+01
-5.456058681011199951e-02,-4.088667035102844238e-01,-9.953186035156250000e+00,8.973704910278320312e+01
-5.441122129559516907e-02,-4.088930785655975342e-01,-9.953153610229492188e+00,8.974201011657714844e+01
-5.439998954534530640e-02,-4.088917374610900879e-01,-9.953187942504882812e+00,8.974712920188903809e+01
-5.438296496868133545e-02,-4.088922441005706787e-01,-9.953237533569335938e+00,8.975207805633544922e+01
-5.436555668711662292e-02,-4.088939726352691650e-01,-9.953294754028320312e+00,8.975714802742004395e+01
-5.434787645936012268e-02,-4.088994264602661133e-01,-9.953324317932128906e+00,8.976200199127197266e+01
-5.432982370257377625e-02,-4.089041650295257568e-01,-9.953367233276367188e+00,8.976717400550842285e+01
-5.431132018566131592e-02,-4.089100360870361328e-01,-9.953407287597656250e+00,8.977212214469909668e+01
-5.447172001004219055e-02,-4.089903533458709717e-01,-9.953186988830566406e+00,8.977750706672668457e+01
-5.446114018559455872e-02,-4.089947938919067383e-01,-9.953186035156250000e+00,8.978202700614929199e+01
-5.444937571883201599e-02,-4.089998900890350342e-01,-9.953173637390136719e+00,8.978707718849182129e+01
-5.443645268678665161e-02,-4.090060293674468994e-01,-9.953147888183593750e+00,8.979228615760803223e+01
-5.441792309284210205e-02,-4.090159535408020020e-01,-9.953117370605468750e+00,8.979715204238891602e+01
-5.439996719360351562e-02,-4.090254306793212891e-01,-9.953073501586914062e+00,8.980194020271301270e+01
-5.438014119863510132e-02,-4.090376198291778564e-01,-9.953019142150878906e+00,8.980701613426208496e+01
-5.440496653318405151e-02,-4.090132713317871094e-01,-9.953136444091796875e+00,8.981208610534667969e+01
-5.438481271266937256e-02,-4.090286791324615479e-01,-9.953100204467773438e+00,8.981711411476135254e+01
-5.436266586184501648e-02,-4.090435206890106201e-01,-9.953060150146484375e+00,8.982202816009521484e+01
-5.434113368391990662e-02,-4.090516269207000732e-01,-9.953036308288574219e+00,8.982741022109985352e+01
-5.431771650910377502e-02,-4.090632796287536621e-01,-9.953007698059082031e+00,8.983208203315734863e+01
-5.429329350590705872e-02,-4.090749025344848633e-01,-9.952983856201171875e+00,8.983723211288452148e+01
-5.435797199606895447e-02,-4.088989198207855225e-01,-9.952952384948730469e+00,8.984209012985229492e+01
-5.433886125683784485e-02,-4.089024662971496582e-01,-9.952932357788085938e+00,8.984722018241882324e+01
-5.431856960058212280e-02,-4.089066386222839355e-01,-9.952916145324707031e+00,8.985212111473083496e+01
-5.429879203438758850e-02,-4.089078605175018311e-01,-9.952939987182617188e+00,8.985721015930175781e+01
-5.427740514278411865e-02,-4.089103639125823975e-01,-9.952953338623046875e+00,8.986227822303771973e+01
-5.425504595041275024e-02,-4.089119136333465576e-01,-9.952974319458007812e+00,8.986701703071594238e+01
-5.423158034682273865e-02,-4.089122414588928223e-01,-9.953001022338867188e+00,8.987227606773376465e+01
-5.436428263783454895e-02,-4.088585078716278076e-01,-9.952936172485351562e+00,8.987729001045227051e+01
-5.434970930218696594e-02,-4.088600873947143555e-01,-9.952956199645996094e+00,8.988223600387573242e+01
-5.433360487222671509e-02,-4.088620543479919434e-01,-9.952978134155273438e+00,8.988737106323242188e+01
-5.431807041168212891e-02,-4.088693559169769287e-01,-9.952977180480957031e+00,8.989236402511596680e+01
-5.430063232779502869e-02,-4.088746905326843262e-01,-9.952989578247070312e+00,8.989729213714599609e+01
-5.428225547075271606e-02,-4.088815748691558838e-01,-9.952997207641601562e+00,8.990224504470825195e+01
-5.426020920276641846e-02,-4.088904857635498047e-01,-9.952981948852539062e+00,8.990726208686828613e+01
-5.433137342333793640e-02,-4.089224636554718018e-01,-9.952832221984863281e+00,8.991227722167968750e+01
-5.431466177105903625e-02,-4.089291691780090332e-01,-9.952816009521484375e+00,8.991727304458618164e+01
-5.429643020033836365e-02,-4.089337587356567383e-01,-9.952798843383789062e+00,8.992227005958557129e+01
-5.427652969956398010e-02,-4.089404344558715820e-01,-9.952775955200195312e+00,8.992774510383605957e+01
-5.425503104925155640e-02,-4.089470505714416504e-01,-9.952749252319335938e+00,8.993216013908386230e+01
-5.423422902822494507e-02,-4.089559912681579590e-01,-9.952728271484375000e+00,8.993720316886901855e+01
-5.421154573559761047e-02,-4.089648425579071045e-01,-9.952701568603515625e+00,8.994234704971313477e+01
-5.433230474591255188e-02,-4.088582992553710938e-01,-9.952820777893066406e+00,8.994731020927429199e+01
-5.431819707155227661e-02,-4.088684320449829102e-01,-9.952804565429687500e+00,8.995242309570312500e+01
-5.430456995964050293e-02,-4.088749587535858154e-01,-9.952813148498535156e+00,8.995744514465332031e+01
-5.428986623883247375e-02,-4.088835418224334717e-01,-9.952809333801269531e+00,8.996239113807678223e+01
-5.427432432770729065e-02,-4.088917076587677002e-01,-9.952808380126953125e+00,8.996728920936584473e+01
-5.425624176859855652e-02,-4.088996648788452148e-01,-9.952815055847167969e+00,8.997241520881652832e+01
-5.429435521364212036e-02,-4.087727069854736328e-01,-9.952729225158691406e+00,8.997742605209350586e+01
-5.428041145205497742e-02,-4.087769687175750732e-01,-9.952744483947753906e+00,8.998236107826232910e+01
-5.427382886409759521e-02,-4.087671935558319092e-01,-9.952767372131347656e+00,8.998741006851196289e+01
-5.426310375332832336e-02,-4.087648093700408936e-01,-9.952792167663574219e+00,8.999263310432434082e+01
-5.425276979804039001e-02,-4.087609350681304932e-01,-9.952823638916015625e+00,8.999757218360900879e+01
-5.423700809478759766e-02,-4.087714254856109619e-01,-9.952837944030761719e+00,9.000223517417907715e+01
-5.422229692339897156e-02,-4.087775051593780518e-01,-9.952859878540039062e+00,9.000771808624267578e+01
-5.428193509578704834e-02,-4.087863862514495850e-01,-9.952773094177246094e+00,9.001250100135803223e+01
-5.425221100449562073e-02,-4.087904691696166992e-01,-9.952743530273437500e+00,9.001762914657592773e+01
-5.422688648104667664e-02,-4.087990522384643555e-01,-9.952724456787109375e+00,9.002235913276672363e+01
-5.419670790433883667e-02,-4.088073074817657471e-01,-9.952697753906250000e+00,9.002772903442382812e+01
-5.418147146701812744e-02,-4.088167548179626465e-01,-9.952685356140136719e+00,9.003276515007019043e+01
-5.415850505232810974e-02,-4.088271856307983398e-01,-9.952661514282226562e+00,9.003765010833740234e+01
-5.423670262098312378e-02,-4.088143110275268555e-01,-9.952739715576171875e+00,9.004235506057739258e+01
-5.423295497894287109e-02,-4.088281095027923584e-01,-9.952728271484375000e+00,9.004763817787170410e+01
-5.421370267868041992e-02,-4.088428914546966553e-01,-9.952774047851562500e+00,9.005239701271057129e+01
-5.420238897204399109e-02,-4.088586568832397461e-01,-9.952791213989257812e+00,9.005739521980285645e+01
-5.418955907225608826e-02,-4.088755846023559570e-01,-9.952813148498535156e+00,9.006250500679016113e+01
-5.417234078049659729e-02,-4.088867306709289551e-01,-9.952826499938964844e+00,9.006776118278503418e+01
-5.415404587984085083e-02,-4.089008271694183350e-01,-9.952851295471191406e+00,9.007264900207519531e+01
-5.415713787078857422e-02,-4.087672531604766846e-01,-9.952638626098632812e+00,9.007774019241333008e+01
-5.415340512990951538e-02,-4.087739586830139160e-01,-9.952644348144531250e+00,9.008265399932861328e+01
-5.414103716611862183e-02,-4.087791442871093750e-01,-9.952658653259277344e+00,9.008760213851928711e+01
-5.412958562374114990e-02,-4.087862968444824219e-01,-9.952671051025390625e+00,9.009279417991638184e+01
-5.411281064152717590e-02,-4.087928235530853271e-01,-9.952664375305175781e+00,9.009777212142944336e+01
-5.409795418381690979e-02,-4.088003933429718018e-01,-9.952661514282226562e+00,9.010267806053161621e+01
-5.408241227269172668e-02,-4.088093042373657227e-01,-9.952653884887695312e+00,9.010788822174072266e+01
-5.422167479991912842e-02,-4.087726771831512451e-01,-9.952573776245117188e+00,9.011266803741455078e+01
-5.420194938778877258e-02,-4.087762236595153809e-01,-9.952571868896484375e+00,9.011774301528930664e+01
-5.417747050523757935e-02,-4.087778031826019287e-01,-9.952568054199218750e+00,9.012290620803833008e+01
-5.414831265807151794e-02,-4.087757170200347900e-01,-9.952563285827636719e+00,9.012817502021789551e+01
-5.413962155580520630e-02,-4.087898135185241699e-01,-9.952580451965332031e+00,9.013269519805908203e+01
-5.411946028470993042e-02,-4.087953269481658936e-01,-9.952585220336914062e+00,9.013770318031311035e+01
-5.420801788568496704e-02,-4.086968004703521729e-01,-9.952304840087890625e+00,9.014278101921081543e+01
-5.417399480938911438e-02,-4.086951017379760742e-01,-9.952286720275878906e+00,9.014785504341125488e+01
-5.414986982941627502e-02,-4.086925089359283447e-01,-9.952283859252929688e+00,9.015280699729919434e+01
-5.412271246314048767e-02,-4.086903631687164307e-01,-9.952279090881347656e+00,9.015782403945922852e+01
-5.409904196858406067e-02,-4.086925089359283447e-01,-9.952265739440917969e+00,9.016278219223022461e+01
-5.407163128256797791e-02,-4.086927473545074463e-01,-9.952254295349121094e+00,9.016790103912353516e+01
-5.404347926378250122e-02,-4.086931347846984863e-01,-9.952240943908691406e+00,9.017282605171203613e+01
-5.424189940094947815e-02,-4.087600708007812500e-01,-9.952280998229980469e+00,9.017788219451904297e+01
-5.422693490982055664e-02,-4.087649583816528320e-01,-9.952290534973144531e+00,9.018279910087585449e+01
-5.421075597405433655e-02,-4.087684154510498047e-01,-9.952301979064941406e+00,9.018789100646972656e+01
-5.419842526316642761e-02,-4.087704122066497803e-01,-9.952316284179687500e+00,9.019289898872375488e+01
-5.418401584029197693e-02,-4.087744951248168945e-01,-9.952332496643066406e+00,9.019797921180725098e+01
-5.416977778077125549e-02,-4.087804555892944336e-01,-9.952350616455078125e+00,9.020279502868652344e+01
-5.415555834770202637e-02,-4.087883532047271729e-01,-9.952369689941406250e+00,9.020791506767272949e+01
-5.432219803333282471e-02,-4.087193012237548828e-01,-9.952278137207031250e+00,9.021291804313659668e+01
-5.432244390249252319e-02,-4.087223708629608154e-01,-9.952299118041992188e+00,9.021794414520263672e+01
-5.432285740971565247e-02,-4.087246656417846680e-01,-9.952320098876953125e+00,9.022290205955505371e+01
-5.431371927261352539e-02,-4.087558984756469727e-01,-9.952291488647460938e+00,9.022797608375549316e+01
-5.430940538644790649e-02,-4.087684750556945801e-01,-9.952284812927246094e+00,9.023288702964782715e+01
-5.430449172854423523e-02,-4.087862074375152588e-01,-9.952277183532714844e+00,9.023792600631713867e+01
-5.428693443536758423e-02,-4.086654782295227051e-01,-9.952105522155761719e+00,9.024289202690124512e+01
-5.426885932683944702e-02,-4.086650609970092773e-01,-9.952110290527343750e+00,9.024803709983825684e+01
-5.424885079264640808e-02,-4.086636304855346680e-01,-9.952116012573242188e+00,9.025288414955139160e+01
-5.423508211970329285e-02,-4.086619913578033447e-01,-9.952120780944824219e+00,9.025790214538574219e+01
-5.421704798936843872e-02,-4.086641371250152588e-01,-9.952131271362304688e+00,9.026295709609985352e+01
-5.419873073697090149e-02,-4.086697399616241455e-01,-9.952143669128417969e+00,9.026787209510803223e+01
-5.417302995920181274e-02,-4.086864292621612549e-01,-9.952146530151367188e+00,9.027286005020141602e+01
-5.424769222736358643e-02,-4.086247980594635010e-01,-9.951941490173339844e+00,9.027785706520080566e+01
-5.422238633036613464e-02,-4.086290299892425537e-01,-9.951922416687011719e+00,9.028296017646789551e+01
-5.420576035976409912e-02,-4.086259603500366211e-01,-9.951908111572265625e+00,9.028821706771850586e+01
-5.418406054377555847e-02,-4.086253046989440918e-01,-9.951889038085937500e+00,9.029314804077148438e+01
-5.416231602430343628e-02,-4.086211919784545898e-01,-9.951869010925292969e+00,9.029811716079711914e+01
-5.414050444960594177e-02,-4.086117744445800781e-01,-9.951849937438964844e+00,9.030301904678344727e+01
-5.411153659224510193e-02,-4.086204469203948975e-01,-9.951834678649902344e+00,9.030805802345275879e+01
-5.435831099748611450e-02,-4.086312949657440186e-01,-9.951897621154785156e+00,9.031297922134399414e+01
-5.434317514300346375e-02,-4.086287915706634521e-01,-9.951898574829101562e+00,9.031827211380004883e+01
-5.433888360857963562e-02,-4.086336493492126465e-01,-9.951921463012695312e+00,9.032297611236572266e+01
-5.432747676968574524e-02,-4.086349010467529297e-01,-9.951936721801757812e+00,9.032838106155395508e+01
-5.431651696562767029e-02,-4.086369872093200684e-01,-9.951958656311035156e+00,9.033300304412841797e+01
-5.429662391543388367e-02,-4.086429774761199951e-01,-9.951967239379882812e+00,9.033797621726989746e+01
-5.433652549982070923e-02,-4.085270464420318604e-01,-9.951703071594238281e+00,9.034298920631408691e+01
-5.431611463427543640e-02,-4.085339307785034180e-01,-9.951684951782226562e+00,9.034815621376037598e+01
-5.430020764470100403e-02,-4.085354208946228027e-01,-9.951656341552734375e+00,9.035307312011718750e+01
-5.427916347980499268e-02,-4.085402488708496094e-01,-9.951627731323242188e+00,9.035824418067932129e+01
-5.425683781504631042e-02,-4.085446000099182129e-01,-9.951595306396484375e+00,9.036304616928100586e+01
-5.423237010836601257e-02,-4.085514247417449951e-01,-9.951572418212890625e+00,9.036840605735778809e+01
-5.420681089162826538e-02,-4.085573256015777588e-01,-9.951543807983398438e+00,9.037306618690490723e+01
-5.437985062599182129e-02,-4.084788560867309570e-01,-9.951886177062988281e+00,9.037809014320373535e+01
-5.436084046959877014e-02,-4.084802269935607910e-01,-9.951903343200683594e+00,9.038304400444030762e+01
-5.434451624751091003e-02,-4.084787070751190186e-01,-9.951945304870605469e+00,9.038815903663635254e+01
-5.432502180337905884e-02,-4.084818363189697266e-01,-9.951977729797363281e+00,9.039323616027832031e+01
-5.430473387241363525e-02,-4.084871709346771240e-01,-9.952014923095703125e+00,9.039822506904602051e+01
-5.428040772676467896e-02,-4.084995388984680176e-01,-9.952046394348144531e+00,9.040305399894714355e+01
-5.431306734681129456e-02,-4.084742069244384766e-01,-9.951753616333007812e+00,9.040813422203063965e+01
-5.429227650165557861e-02,-4.084703922271728516e-01,-9.951747894287109375e+00,9.041323113441467285e+01
-5.427500233054161072e-02,-4.084661900997161865e-01,-9.951736450195312500e+00,9.041835021972656250e+01
-5.425433069467544556e-02,-4.084624052047729492e-01,-9.951730728149414062e+00,9.042323017120361328e+01
-5.423286929726600647e-02,-4.084584712982177734e-01,-9.951728820800781250e+00,9.042839407920837402e+01
-5.420947447419166565e-02,-4.084604084491729736e-01,-9.951739311218261719e+00,9.043321108818054199e+01
-5.418486893177032471e-02,-4.084601402282714844e-01,-9.951745033264160156e+00,9.043822622299194336e+01
-5.432989075779914856e-02,-4.085222482681274414e-01,-9.951680183410644531e+00,9.044318699836730957e+01
-5.432000383734703064e-02,-4.085251688957214355e-01,-9.951689720153808594e+00,9.044826912879943848e+01
-5.430718138813972473e-02,-4.085352718830108643e-01,-9.951695442199707031e+00,9.045318913459777832e+01
-5.429411679506301880e-02,-4.085479080677032471e-01,-9.951705932617187500e+00,9.045834517478942871e+01
-5.428078398108482361e-02,-4.085625708103179932e-01,-9.951719284057617188e+00,9.046332812309265137e+01
-5.426138639450073242e-02,-4.085718989372253418e-01,-9.951718330383300781e+00,9.046828103065490723e+01
-5.424395203590393066e-02,-4.085854291915893555e-01,-9.951725959777832031e+00,9.047320604324340820e+01
-5.436259508132934570e-02,-4.085327088832855225e-01,-9.951583862304687500e+00,9.047839903831481934e+01
-5.434169620275497437e-02,-4.085468053817749023e-01,-9.951569557189941406e+00,9.048334813117980957e+01
-5.432136729359626770e-02,-4.085605442523956299e-01,-9.951561927795410156e+00,9.048840808868408203e+01
-5.429966002702713013e-02,-4.085752964019775391e-01,-9.951553344726562500e+00,9.049359416961669922e+01
-5.428028479218482971e-02,-4.085895717144012451e-01,-9.951557159423828125e+00,9.049835610389709473e+01
-5.425850301980972290e-02,-4.086048901081085205e-01,-9.951556205749511719e+00,9.050331306457519531e+01
-5.423605442047119141e-02,-4.086200594902038574e-01,-9.951558113098144531e+00,9.050840306282043457e+01
-5.448049679398536682e-02,-4.084324240684509277e-01,-9.951522827148437500e+00,9.051333808898925781e+01
-5.446816608309745789e-02,-4.084381461143493652e-01,-9.951533317565917969e+00,9.051835012435913086e+01
-5.445449426770210266e-02,-4.084460735321044922e-01,-9.951546669006347656e+00,9.052364921569824219e+01
-5.444236472249031067e-02,-4.084573984146118164e-01,-9.951553344726562500e+00,9.052857899665832520e+01
-5.442849174141883850e-02,-4.084677994251251221e-01,-9.951565742492675781e+00,9.053351616859436035e+01
-5.441428720951080322e-02,-4.084791243076324463e-01,-9.951579093933105469e+00,9.053840517997741699e+01
-5.449895933270454407e-02,-4.084101021289825439e-01,-9.951465606689453125e+00,9.054374217987060547e+01
-5.448306724429130554e-02,-4.084163308143615723e-01,-9.951458930969238281e+00,9.054876613616943359e+01
-5.446537956595420837e-02,-4.084222614765167236e-01,-9.951447486877441406e+00,9.055352210998535156e+01
-5.444578081369400024e-02,-4.084295332431793213e-01,-9.951436042785644531e+00,9.055881118774414062e+01
-5.442977696657180786e-02,-4.084390103816986084e-01,-9.951435089111328125e+00,9.056351304054260254e+01
-5.441001430153846741e-02,-4.084519147872924805e-01,-9.951429367065429688e+00,9.056859517097473145e+01
-5.438952147960662842e-02,-4.084679484367370605e-01,-9.951425552368164062e+00,9.057352805137634277e+01
-5.453885719180107117e-02,-4.084411561489105225e-01,-9.951354026794433594e+00,9.057856202125549316e+01
-5.452724546194076538e-02,-4.084456861019134521e-01,-9.951358795166015625e+00,9.058352303504943848e+01
-5.451463162899017334e-02,-4.084499776363372803e-01,-9.951365470886230469e+00,9.058859014511108398e+01
-5.449806153774261475e-02,-4.084603786468505859e-01,-9.951363563537597656e+00,9.059377121925354004e+01
-5.448180064558982849e-02,-4.084682464599609375e-01,-9.951367378234863281e+00,9.059871315956115723e+01
-5.446432530879974365e-02,-4.084782302379608154e-01,-9.951373100280761719e+00,9.060354804992675781e+01
-5.458812043070793152e-02,-4.084614217281341553e-01,-9.951282501220703125e+00,9.060860300064086914e+01
-5.457333847880363464e-02,-4.084669947624206543e-01,-9.951287269592285156e+00,9.061364316940307617e+01
-5.455693230032920837e-02,-4.084731638431549072e-01,-9.951292991638183594e+00,9.061866521835327148e+01
-5.454431846737861633e-02,-4.084718525409698486e-01,-9.951288223266601562e+00,9.062364912033081055e+01
-5.452736467123031616e-02,-4.084791243076324463e-01,-9.951291084289550781e+00,9.062877106666564941e+01
-5.450929701328277588e-02,-4.084866046905517578e-01,-9.951292991638183594e+00,9.063361620903015137e+01
-5.448992550373077393e-02,-4.084920287132263184e-01,-9.951292991638183594e+00,9.063866400718688965e+01
-5.467833206057548523e-02,-4.084151089191436768e-01,-9.951142311096191406e+00,9.064364218711853027e+01
-5.466355755925178528e-02,-4.084166288375854492e-01,-9.951141357421875000e+00,9.064861416816711426e+01
-5.464727431535720825e-02,-4.084175825119018555e-01,-9.951140403747558594e+00,9.065362405776977539e+01
-5.463898554444313049e-02,-4.084252417087554932e-01,-9.951141357421875000e+00,9.065882015228271484e+01
-5.462555587291717529e-02,-4.084303081035614014e-01,-9.951144218444824219e+00,9.066377806663513184e+01
-5.461221188306808472e-02,-4.084363877773284912e-01,-9.951146125793457031e+00,9.066867709159851074e+01
-5.458813533186912537e-02,-4.084429442882537842e-01,-9.951136589050292969e+00,9.067361307144165039e+01
-5.468833073973655701e-02,-4.084140360355377197e-01,-9.950990676879882812e+00,9.067879104614257812e+01
-5.466573312878608704e-02,-4.084210991859436035e-01,-9.950984954833984375e+00,9.068373918533325195e+01
-5.465068668127059937e-02,-4.084169864654541016e-01,-9.950982093811035156e+00,9.068880701065063477e+01
-5.462935194373130798e-02,-4.084214866161346436e-01,-9.950973510742187500e+00,9.069389510154724121e+01
-5.460718646645545959e-02,-4.084260761737823486e-01,-9.950962066650390625e+00,9.069878602027893066e+01
-5.458289012312889099e-02,-4.084395170211791992e-01,-9.950955390930175781e+00,9.070376110076904297e+01
-5.455783754587173462e-02,-4.084488749504089355e-01,-9.950948715209960938e+00,9.070876121520996094e+01
-5.469018220901489258e-02,-4.084374308586120605e-01,-9.950962066650390625e+00,9.071366000175476074e+01
-5.467081442475318909e-02,-4.084441959857940674e-01,-9.950970649719238281e+00,9.071889114379882812e+01
-5.465155839920043945e-02,-4.084615409374237061e-01,-9.950998306274414062e+00,9.072379016876220703e+01
-5.463049560785293579e-02,-4.084734022617340088e-01,-9.951015472412109375e+00,9.072888302803039551e+01
-5.460839346051216125e-02,-4.084879159927368164e-01,-9.951036453247070312e+00,9.073377108573913574e+01
-5.458621308207511902e-02,-4.085008502006530762e-01,-9.951049804687500000e+00,9.073878812789916992e+01
-5.478230863809585571e-02,-4.084263741970062256e-01,-9.950924873352050781e+00,9.074376416206359863e+01
-5.476497858762741089e-02,-4.084251523017883301e-01,-9.950934410095214844e+00,9.074887204170227051e+01
-5.475229397416114807e-02,-4.084235727787017822e-01,-9.950933456420898438e+00,9.075392699241638184e+01
-5.473703145980834961e-02,-4.084216654300689697e-01,-9.950939178466796875e+00,9.075899410247802734e+01
-5.472186207771301270e-02,-4.084177017211914062e-01,-9.950946807861328125e+00,9.076396012306213379e+01
-5.469666048884391785e-02,-4.084146916866302490e-01,-9.950956344604492188e+00,9.076888513565063477e+01
-5.467274039983749390e-02,-4.084118902683258057e-01,-9.950963020324707031e+00,9.077389502525329590e+01
-5.479773879051208496e-02,-4.084257781505584717e-01,-9.950727462768554688e+00,9.077892303466796875e+01
-5.477524548768997192e-02,-4.084397852420806885e-01,-9.950710296630859375e+00,9.078387498855590820e+01
-5.474813282489776611e-02,-4.084531068801879883e-01,-9.950684547424316406e+00,9.078886699676513672e+01
-5.471922457218170166e-02,-4.084678590297698975e-01,-9.950655937194824219e+00,9.079413604736328125e+01
-5.469219759106636047e-02,-4.084803462028503418e-01,-9.950633049011230469e+00,9.079918313026428223e+01
-5.466308072209358215e-02,-4.084957540035247803e-01,-9.950609207153320312e+00,9.080378818511962891e+01
-5.489401891827583313e-02,-4.084313213825225830e-01,-9.950736999511718750e+00,9.080886721611022949e+01
-5.488580092787742615e-02,-4.084434211254119873e-01,-9.950742721557617188e+00,9.081380200386047363e+01
-5.487098172307014465e-02,-4.084627628326416016e-01,-9.950758934020996094e+00,9.081903004646301270e+01
-5.485738813877105713e-02,-4.084768593311309814e-01,-9.950771331787109375e+00,9.082407021522521973e+01
-5.484186857938766479e-02,-4.084908366203308105e-01,-9.950787544250488281e+00,9.082916617393493652e+01
-5.482928082346916199e-02,-4.084985852241516113e-01,-9.950805664062500000e+00,9.083401298522949219e+01
-5.481397360563278198e-02,-4.085101187229156494e-01,-9.950826644897460938e+00,9.083900713920593262e+01
-5.496745184063911438e-02,-4.084271788597106934e-01,-9.950552940368652344e+00,9.084406900405883789e+01
-5.495738983154296875e-02,-4.084315299987792969e-01,-9.950541496276855469e+00,9.084898114204406738e+01
-5.494792386889457703e-02,-4.084372520446777344e-01,-9.950536727905273438e+00,9.085399913787841797e+01
-5.493744835257530212e-02,-4.084420800209045410e-01,-9.950533866882324219e+00,9.085930013656616211e+01
-5.492435768246650696e-02,-4.084440767765045166e-01,-9.950533866882324219e+00,9.086406421661376953e+01
-5.491050705313682556e-02,-4.084478318691253662e-01,-9.950531005859375000e+00,9.086898612976074219e+01
-5.489526689052581787e-02,-4.084523916244506836e-01,-9.950527191162109375e+00,9.087399101257324219e+01
-5.498584732413291931e-02,-4.084160029888153076e-01,-9.950544357299804688e+00,9.087898707389831543e+01
-5.497865378856658936e-02,-4.084255099296569824e-01,-9.950544357299804688e+00,9.088416099548339844e+01
-5.497032403945922852e-02,-4.084386527538299561e-01,-9.950545310974121094e+00,9.088910508155822754e+01
-5.496120825409889221e-02,-4.084556996822357178e-01,-9.950545310974121094e+00,9.089422202110290527e+01
-5.494328588247299194e-02,-4.084650874137878418e-01,-9.950538635253906250e+00,9.089912319183349609e+01
-5.492761731147766113e-02,-4.084827899932861328e-01,-9.950531005859375000e+00,9.090415310859680176e+01
-5.496203154325485229e-02,-4.084509611129760742e-01,-9.950420379638671875e+00,9.090923810005187988e+01
-5.494042485952377319e-02,-4.084616303443908691e-01,-9.950391769409179688e+00,9.091404104232788086e+01
-5.491738393902778625e-02,-4.084751009941101074e-01,-9.950367927551269531e+00,9.091911911964416504e+01
-5.489247664809226990e-02,-4.084898531436920166e-01,-9.950343132019042969e+00,9.092411303520202637e+01
-5.487361177802085876e-02,-4.085064530372619629e-01,-9.950338363647460938e+00,9.092922115325927734e+01
-5.485155060887336731e-02,-4.085229933261871338e-01,-9.950325965881347656e+00,9.093415904045104980e+01
-5.482963100075721741e-02,-4.085389077663421631e-01,-9.950316429138183594e+00,9.093920302391052246e+01
-5.500558763742446899e-02,-4.084573090076446533e-01,-9.950219154357910156e+00,9.094417810440063477e+01
-5.498458072543144226e-02,-4.084631800651550293e-01,-9.950211524963378906e+00,9.094932413101196289e+01
-5.496148765087127686e-02,-4.084660112857818604e-01,-9.950203895568847656e+00,9.095417809486389160e+01
-5.494637042284011841e-02,-4.084708392620086670e-01,-9.950201034545898438e+00,9.095936107635498047e+01
-5.492704734206199646e-02,-4.084741473197937012e-01,-9.950200080871582031e+00,9.096423602104187012e+01
-5.490777641534805298e-02,-4.084783196449279785e-01,-9.950199127197265625e+00,9.096922612190246582e+01
-5.488844215869903564e-02,-4.084835350513458252e-01,-9.950198173522949219e+00,9.097422409057617188e+01
-5.518045276403427124e-02,-4.083493649959564209e-01,-9.950267791748046875e+00,9.097927403450012207e+01
-5.516672134399414062e-02,-4.083488583564758301e-01,-9.950276374816894531e+00,9.098426008224487305e+01
-5.515259876847267151e-02,-4.083472192287445068e-01,-9.950285911560058594e+00,9.098923516273498535e+01
-5.513037368655204773e-02,-4.083395004272460938e-01,-9.950280189514160156e+00,9.099446511268615723e+01
-5.511008948087692261e-02,-4.083370268344879150e-01,-9.950283050537109375e+00,9.099911499023437500e+01
-5.508742108941078186e-02,-4.083336889743804932e-01,-9.950286865234375000e+00,9.100430917739868164e+01
-5.528736487030982971e-02,-4.084851443767547607e-01,-9.950228691101074219e+00,9.100924420356750488e+01
-5.527557805180549622e-02,-4.084944427013397217e-01,-9.950236320495605469e+00,9.101428318023681641e+01
-5.526283010840415955e-02,-4.085049033164978027e-01,-9.950243949890136719e+00,9.101938414573669434e+01
-5.524041131138801575e-02,-4.085187017917633057e-01,-9.950236320495605469e+00,9.102433013916015625e+01
-5.522049218416213989e-02,-4.085313379764556885e-01,-9.950240135192871094e+00,9.102949714660644531e+01
-5.519824475049972534e-02,-4.085456728935241699e-01,-9.950242996215820312e+00,9.103431415557861328e+01
-5.517510697245597839e-02,-4.085589349269866943e-01,-9.950242042541503906e+00,9.103937506675720215e+01
-5.526852607727050781e-02,-4.084634184837341309e-01,-9.950108528137207031e+00,9.104435205459594727e+01
-5.524479597806930542e-02,-4.084691703319549561e-01,-9.950098991394042969e+00,9.104938912391662598e+01
-5.522437393665313721e-02,-4.084781110286712646e-01,-9.950095176696777344e+00,9.105456900596618652e+01
-5.520005896687507629e-02,-4.084871709346771240e-01,-9.950088500976562500e+00,9.105965304374694824e+01
-5.517459660768508911e-02,-4.084984064102172852e-01,-9.950078964233398438e+00,9.106454300880432129e+01
-5.514809489250183105e-02,-4.085111320018768311e-01,-9.950066566467285156e+00,9.106943011283874512e+01
-5.512126907706260681e-02,-4.085198640823364258e-01,-9.950068473815917969e+00,9.107436203956604004e+01
-5.540087446570396423e-02,-4.084307253360748291e-01,-9.950021743774414062e+00,9.107941508293151855e+01
-5.538678541779518127e-02,-4.084354341030120850e-01,-9.950025558471679688e+00,9.108449006080627441e+01
-5.536863952875137329e-02,-4.084338545799255371e-01,-9.950025558471679688e+00,9.108951616287231445e+01
-5.535107105970382690e-02,-4.084370732307434082e-01,-9.950028419494628906e+00,9.109463000297546387e+01
-5.533202365040779114e-02,-4.084407687187194824e-01,-9.950030326843261719e+00,9.109954118728637695e+01
-5.531333759427070618e-02,-4.084483385086059570e-01,-9.950032234191894531e+00,9.110445809364318848e+01
-5.548158660531044006e-02,-4.084402918815612793e-01,-9.949910163879394531e+00,9.110950613021850586e+01
-5.546853318810462952e-02,-4.084438383579254150e-01,-9.949914932250976562e+00,9.111447215080261230e+01
-5.544883757829666138e-02,-4.084419310092926025e-01,-9.949913024902343750e+00,9.111950111389160156e+01
-5.543045327067375183e-02,-4.084442853927612305e-01,-9.949916839599609375e+00,9.112455010414123535e+01
-5.541019514203071594e-02,-4.084463119506835938e-01,-9.949919700622558594e+00,9.112961912155151367e+01
-5.538819730281829834e-02,-4.084550738334655762e-01,-9.949923515319824219e+00,9.113444304466247559e+01
-5.536418408155441284e-02,-4.084614217281341553e-01,-9.949926376342773438e+00,9.113949203491210938e+01
-5.552989989519119263e-02,-4.084424078464508057e-01,-9.949823379516601562e+00,9.114451599121093750e+01
-5.550820752978324890e-02,-4.084499478340148926e-01,-9.949811935424804688e+00,9.114958119392395020e+01
-5.550147593021392822e-02,-4.084501862525939941e-01,-9.949807167053222656e+00,9.115453004837036133e+01
-5.548596382141113281e-02,-4.084565937519073486e-01,-9.949802398681640625e+00,9.115969419479370117e+01
-5.547105893492698669e-02,-4.084631502628326416e-01,-9.949799537658691406e+00,9.116461706161499023e+01
-5.544463545083999634e-02,-4.084734022617340088e-01,-9.949794769287109375e+00,9.116958713531494141e+01
-5.542032048106193542e-02,-4.084824323654174805e-01,-9.949790000915527344e+00,9.117457008361816406e+01
-5.566700920462608337e-02,-4.084766805171966553e-01,-9.949840545654296875e+00,9.117958402633666992e+01
-5.565366521477699280e-02,-4.084773361682891846e-01,-9.949834823608398438e+00,9.118465304374694824e+01
-5.563421174883842468e-02,-4.084840118885040283e-01,-9.949826240539550781e+00,9.118962502479553223e+01
-5.561295524239540100e-02,-4.084905982017517090e-01,-9.949814796447753906e+00,9.119486713409423828e+01
-5.559426173567771912e-02,-4.085003435611724854e-01,-9.949819564819335938e+00,9.119962716102600098e+01
-5.557334050536155701e-02,-4.085094630718231201e-01,-9.949817657470703125e+00,9.120463609695434570e+01
-5.576630309224128723e-02,-4.084593951702117920e-01,-9.949790000915527344e+00,9.120965409278869629e+01
-5.574579536914825439e-02,-4.084666669368743896e-01,-9.949794769287109375e+00,9.121459913253784180e+01
-5.572819709777832031e-02,-4.084707200527191162e-01,-9.949803352355957031e+00,9.121967220306396484e+01
-5.570828914642333984e-02,-4.084739089012145996e-01,-9.949813842773437500e+00,9.122469520568847656e+01
-5.568609014153480530e-02,-4.084766805171966553e-01,-9.949825286865234375e+00,9.122992110252380371e+01
-5.567427724599838257e-02,-4.084844589233398438e-01,-9.949836730957031250e+00,9.123468303680419922e+01
-5.582127720117568970e-02,-4.084499478340148926e-01,-9.949722290039062500e+00,9.123970007896423340e+01
-5.581344291567802429e-02,-4.084489047527313232e-01,-9.949730873107910156e+00,9.124473214149475098e+01
-5.580248311161994934e-02,-4.084437191486358643e-01,-9.949748039245605469e+00,9.124975705146789551e+01
-5.579289793968200684e-02,-4.084422886371612549e-01,-9.949762344360351562e+00,9.125468921661376953e+01
-5.578309297561645508e-02,-4.084422290325164795e-01,-9.949778556823730469e+00,9.125984811782836914e+01
-5.576758459210395813e-02,-4.084528684616088867e-01,-9.949787139892578125e+00,9.126483416557312012e+01
-5.575203895568847656e-02,-4.084599316120147705e-01,-9.949797630310058594e+00,9.126976609230041504e+01
-5.573440715670585632e-02,-4.084687530994415283e-01,-9.949806213378906250e+00,9.127476811408996582e+01
-5.587651580572128296e-02,-4.084241092205047607e-01,-9.949460983276367188e+00,9.127979516983032227e+01
-5.585803836584091187e-02,-4.084232747554779053e-01,-9.949440002441406250e+00,9.128487300872802734e+01
-5.583827942609786987e-02,-4.084230959415435791e-01,-9.949421882629394531e+00,9.128973698616027832e+01
-5.582663789391517639e-02,-4.084291458129882812e-01,-9.949418067932128906e+00,9.129486203193664551e+01
-5.581212416291236877e-02,-4.084336757659912109e-01,-9.949410438537597656e+00,9.129978513717651367e+01
-5.579861626029014587e-02,-4.084393084049224854e-01,-9.949401855468750000e+00,9.130491018295288086e+01
-5.605860427021980286e-02,-4.083997607231140137e-01,-9.949485778808593750e+00,9.131020116806030273e+01
-5.604172497987747192e-02,-4.084071815013885498e-01,-9.949483871459960938e+00,9.131486606597900391e+01
-5.602091178297996521e-02,-4.084149599075317383e-01,-9.949477195739746094e+00,9.132012319564819336e+01
-5.599629133939743042e-02,-4.084217846393585205e-01,-9.949465751647949219e+00,9.132495999336242676e+01
-5.598633736371994019e-02,-4.084328413009643555e-01,-9.949465751647949219e+00,9.133008098602294922e+01
-5.596670508384704590e-02,-4.084397554397583008e-01,-9.949461936950683594e+00,9.133486819267272949e+01
-5.594666674733161926e-02,-4.084446132183074951e-01,-9.949458122253417969e+00,9.133977818489074707e+01
-5.610778182744979858e-02,-4.084036648273468018e-01,-9.949405670166015625e+00,9.134486103057861328e+01
-5.609321966767311096e-02,-4.084101915359497070e-01,-9.949405670166015625e+00,9.135008215904235840e+01
-5.607838183641433716e-02,-4.084159433841705322e-01,-9.949407577514648438e+00,9.135487699508666992e+01
-5.605894327163696289e-02,-4.084248244762420654e-01,-9.949399948120117188e+00,9.136023521423339844e+01
-5.603916570544242859e-02,-4.084324240684509277e-01,-9.949398994445800781e+00,9.136501002311706543e+01
-5.601747334003448486e-02,-4.084396362304687500e-01,-9.949398994445800781e+00,9.136994600296020508e+01
-5.599772930145263672e-02,-4.084428548812866211e-01,-9.949409484863281250e+00,9.137504720687866211e+01
-5.619658157229423523e-02,-4.084122776985168457e-01,-9.949351310729980469e+00,9.138014721870422363e+01
-5.618318542838096619e-02,-4.084184765815734863e-01,-9.949351310729980469e+00,9.138504219055175781e+01
-5.616825446486473083e-02,-4.084287881851196289e-01,-9.949342727661132812e+00,9.138995814323425293e+01
-5.615225806832313538e-02,-4.084375500679016113e-01,-9.949338912963867188e+00,9.139526820182800293e+01
-5.613509565591812134e-02,-4.084475040435791016e-01,-9.949334144592285156e+00,9.140012311935424805e+01
-5.611691623926162720e-02,-4.084587991237640381e-01,-9.949329376220703125e+00,9.140514516830444336e+01
-5.625003203749656677e-02,-4.083939492702484131e-01,-9.949378013610839844e+00,9.141007113456726074e+01
-5.623276531696319580e-02,-4.083991944789886475e-01,-9.949376106262207031e+00,9.141500306129455566e+01
-5.621363222599029541e-02,-4.084047675132751465e-01,-9.949374198913574219e+00,9.142025303840637207e+01
-5.620563775300979614e-02,-4.084134399890899658e-01,-9.949384689331054688e+00,9.142515420913696289e+01
-5.619024485349655151e-02,-4.084205031394958496e-01,-9.949387550354003906e+00,9.143005299568176270e+01
-5.617495626211166382e-02,-4.084276258945465088e-01,-9.949392318725585938e+00,9.143515300750732422e+01
-5.614736303687095642e-02,-4.084325432777404785e-01,-9.949388504028320312e+00,9.144029712677001953e+01
-5.632509291172027588e-02,-4.083958566188812256e-01,-9.949251174926757812e+00,9.144514322280883789e+01
-5.630228295922279358e-02,-4.084028601646423340e-01,-9.949236869812011719e+00,9.145014810562133789e+01
-5.628653988242149353e-02,-4.084045588970184326e-01,-9.949218750000000000e+00,9.145512604713439941e+01
-5.626384541392326355e-02,-4.084122478961944580e-01,-9.949197769165039062e+00,9.146044111251831055e+01
-5.623947829008102417e-02,-4.084207713603973389e-01,-9.949172973632812500e+00,9.146504020690917969e+01
-5.621581897139549255e-02,-4.084344506263732910e-01,-9.949155807495117188e+00,9.147013020515441895e+01
-5.619019642472267151e-02,-4.084464013576507568e-01,-9.949134826660156250e+00,9.147504711151123047e+01
-5.647048354148864746e-02,-4.083658456802368164e-01,-9.949243545532226562e+00,9.148018217086791992e+01
-5.645985901355743408e-02,-4.083677530288696289e-01,-9.949243545532226562e+00,9.148518300056457520e+01
-5.644528195261955261e-02,-4.083750247955322266e-01,-9.949235916137695312e+00,9.149025416374206543e+01
-5.643145740032196045e-02,-4.083786606788635254e-01,-9.949234008789062500e+00,9.149532604217529297e+01
-5.641632527112960815e-02,-4.083818793296813965e-01,-9.949234962463378906e+00,9.150032210350036621e+01
-5.640034005045890808e-02,-4.083807766437530518e-01,-9.949241638183593750e+00,9.150519204139709473e+01
-5.648845061659812927e-02,-4.084090590476989746e-01,-9.949213981628417969e+00,9.151024913787841797e+01
-5.647598579525947571e-02,-4.084176123142242432e-01,-9.949214935302734375e+00,9.151515817642211914e+01
-5.646464228630065918e-02,-4.084277153015136719e-01,-9.949216842651367188e+00,9.152031421661376953e+01
-5.645037069916725159e-02,-4.084392488002777100e-01,-9.949217796325683594e+00,9.152532911300659180e+01
-5.643514543771743774e-02,-4.084534645080566406e-01,-9.949215888977050781e+00,9.153034114837646484e+01
-5.642545595765113831e-02,-4.084694385528564453e-01,-9.949204444885253906e+00,9.153525018692016602e+01
-5.641413107514381409e-02,-4.084860086441040039e-01,-9.949196815490722656e+00,9.154030013084411621e+01
-5.665130168199539185e-02,-4.083507359027862549e-01,-9.949023246765136719e+00,9.154519820213317871e+01
-5.662544071674346924e-02,-4.083632528781890869e-01,-9.949015617370605469e+00,9.155038905143737793e+01
-5.660921707749366760e-02,-4.083651602268218994e-01,-9.949010848999023438e+00,9.155538511276245117e+01
-5.658898875117301941e-02,-4.083667099475860596e-01,-9.949007034301757812e+00,9.156060910224914551e+01
-5.657792091369628906e-02,-4.083586335182189941e-01,-9.948999404907226562e+00,9.156545305252075195e+01
-5.656111240386962891e-02,-4.083560705184936523e-01,-9.948992729187011719e+00,9.157041406631469727e+01
-5.680973455309867859e-02,-4.083616435527801514e-01,-9.949001312255859375e+00,9.157535099983215332e+01
-5.680910125374794006e-02,-4.083616137504577637e-01,-9.948997497558593750e+00,9.158045721054077148e+01
-5.680945515632629395e-02,-4.083577096462249756e-01,-9.949023246765136719e+00,9.158540606498718262e+01
-5.680836364626884460e-02,-4.083567559719085693e-01,-9.949030876159667969e+00,9.159021210670471191e+01
-5.680736526846885681e-02,-4.083552956581115723e-01,-9.949040412902832031e+00,9.159536314010620117e+01
-5.679402500391006470e-02,-4.083568453788757324e-01,-9.949031829833984375e+00,9.160038208961486816e+01
-5.678273364901542664e-02,-4.083563983440399170e-01,-9.949031829833984375e+00,9.160529708862304688e+01
-5.678744986653327942e-02,-4.083583652973175049e-01,-9.948883056640625000e+00,9.161032819747924805e+01
-5.678004398941993713e-02,-4.083581566810607910e-01,-9.948877334594726562e+00,9.161537003517150879e+01
-5.676239356398582458e-02,-4.083601534366607666e-01,-9.948873519897460938e+00,9.162049007415771484e+01
-5.674483627080917358e-02,-4.083623588085174561e-01,-9.948870658874511719e+00,9.162557411193847656e+01
-5.671916529536247253e-02,-4.083729982376098633e-01,-9.948870658874511719e+00,9.163047504425048828e+01
-5.669471621513366699e-02,-4.083816707134246826e-01,-9.948870658874511719e+00,9.163545703887939453e+01
-5.666790902614593506e-02,-4.083917140960693359e-01,-9.948870658874511719e+00,9.164045619964599609e+01
-5.685545504093170166e-02,-4.083766043186187744e-01,-9.948726654052734375e+00,9.164535617828369141e+01
-5.683531612157821655e-02,-4.083778858184814453e-01,-9.948712348937988281e+00,9.165045809745788574e+01
-5.681392550468444824e-02,-4.083771705627441406e-01,-9.948696136474609375e+00,9.165545916557312012e+01
-5.679146945476531982e-02,-4.083746075630187988e-01,-9.948678016662597656e+00,9.166066408157348633e+01
-5.677648633718490601e-02,-4.083842337131500244e-01,-9.948665618896484375e+00,9.166546702384948730e+01
-5.675779283046722412e-02,-4.083877801895141602e-01,-9.948647499084472656e+00,9.167049121856689453e+01
-5.701875686645507812e-02,-4.083610177040100098e-01,-9.948820114135742188e+00,9.167544817924499512e+01
-5.701532587409019470e-02,-4.083628356456756592e-01,-9.948830604553222656e+00,9.168064498901367188e+01
-5.701218545436859131e-02,-4.083678424358367920e-01,-9.948838233947753906e+00,9.168545413017272949e+01
-5.700964108109474182e-02,-4.083750247955322266e-01,-9.948849678039550781e+00,9.169048905372619629e+01
-5.699816346168518066e-02,-4.083858430385589600e-01,-9.948874473571777344e+00,9.169570899009704590e+01
-5.698860436677932739e-02,-4.083946943283081055e-01,-9.948898315429687500e+00,9.170052504539489746e+01
-5.697702243924140930e-02,-4.084028303623199463e-01,-9.948927879333496094e+00,9.170542502403259277e+01
-5.709491670131683350e-02,-4.083004593849182129e-01,-9.948602676391601562e+00,9.171061515808105469e+01
-5.707794055342674255e-02,-4.083077907562255859e-01,-9.948607444763183594e+00,9.171555900573730469e+01
-5.705935135483741760e-02,-4.083173871040344238e-01,-9.948612213134765625e+00,9.172074198722839355e+01
-5.704317241907119751e-02,-4.083223044872283936e-01,-9.948601722717285156e+00,9.172570705413818359e+01
-5.702396482229232788e-02,-4.083320796489715576e-01,-9.948599815368652344e+00,9.173073101043701172e+01
-5.700372159481048584e-02,-4.083423316478729248e-01,-9.948596000671386719e+00,9.173558306694030762e+01
-5.698248371481895447e-02,-4.083527624607086182e-01,-9.948591232299804688e+00,9.174062514305114746e+01
-5.718606337904930115e-02,-4.083473384380340576e-01,-9.948559761047363281e+00,9.174552321434020996e+01
-5.716128647327423096e-02,-4.083505868911743164e-01,-9.948541641235351562e+00,9.175077199935913086e+01
-5.713367834687232971e-02,-4.083534181118011475e-01,-9.948518753051757812e+00,9.175566816329956055e+01
-5.712958797812461853e-02,-4.083582460880279541e-01,-9.948503494262695312e+00,9.176095104217529297e+01
-5.711168050765991211e-02,-4.083633720874786377e-01,-9.948482513427734375e+00,9.176576614379882812e+01
-5.709474161267280579e-02,-4.083695411682128906e-01,-9.948459625244140625e+00,9.177080512046813965e+01
-5.707130581140518188e-02,-4.083792865276336670e-01,-9.948450088500976562e+00,9.177574515342712402e+01
-5.727615579962730408e-02,-4.083900153636932373e-01,-9.948597908020019531e+00,9.178083205223083496e+01
-5.726406350731849670e-02,-4.083973765373229980e-01,-9.948598861694335938e+00,9.178573107719421387e+01
-5.725124850869178772e-02,-4.084134995937347412e-01,-9.948612213134765625e+00,9.179084110260009766e+01
-5.723626166582107544e-02,-4.084263741970062256e-01,-9.948620796203613281e+00,9.179574203491210938e+01
-5.721988901495933533e-02,-4.084428846836090088e-01,-9.948631286621093750e+00,9.180083799362182617e+01
-5.720181763172149658e-02,-4.084596037864685059e-01,-9.948637008666992188e+00,9.180575013160705566e+01
-5.736703425645828247e-02,-4.083614051342010498e-01,-9.948579788208007812e+00,9.181082606315612793e+01
-5.735162273049354553e-02,-4.083647131919860840e-01,-9.948586463928222656e+00,9.181588006019592285e+01
-5.733480677008628845e-02,-4.083663225173950195e-01,-9.948589324951171875e+00,9.182107710838317871e+01
-5.731694027781486511e-02,-4.083712995052337646e-01,-9.948596000671386719e+00,9.182671809196472168e+01
-5.729778483510017395e-02,-4.083786010742187500e-01,-9.948604583740234375e+00,9.183094620704650879e+01
-5.727742984890937805e-02,-4.083874225616455078e-01,-9.948614120483398438e+00,9.183581018447875977e+01
-5.725498497486114502e-02,-4.083886146545410156e-01,-9.948610305786132812e+00,9.184094405174255371e+01
-5.744508281350135803e-02,-4.083753526210784912e-01,-9.948493003845214844e+00,9.184578418731689453e+01
-5.742871388792991638e-02,-4.083802402019500732e-01,-9.948487281799316406e+00,9.185094618797302246e+01
-5.742289870977401733e-02,-4.083779752254486084e-01,-9.948482513427734375e+00,9.185576415061950684e+01
-5.741086229681968689e-02,-4.083812832832336426e-01,-9.948478698730468750e+00,9.186134219169616699e+01
-5.739936977624893188e-02,-4.083845019340515137e-01,-9.948478698730468750e+00,9.186580705642700195e+01
-5.737863108515739441e-02,-4.083922207355499268e-01,-9.948482513427734375e+00,9.187094902992248535e+01
-5.762140825390815735e-02,-4.083715677261352539e-01,-9.948417663574218750e+00,9.187578821182250977e+01
-5.760664120316505432e-02,-4.083774387836456299e-01,-9.948403358459472656e+00,9.188094711303710938e+01
-5.759970843791961670e-02,-4.083845913410186768e-01,-9.948392868041992188e+00,9.188578510284423828e+01
-5.758671462535858154e-02,-4.083898067474365234e-01,-9.948383331298828125e+00,9.189105916023254395e+01
-5.757365003228187561e-02,-4.083949625492095947e-01,-9.948374748229980469e+00,9.189591598510742188e+01
-5.755725875496864319e-02,-4.083985090255737305e-01,-9.948372840881347656e+00,9.190098214149475098e+01
-5.754089727997779846e-02,-4.084034860134124756e-01,-9.948368072509765625e+00,9.190592122077941895e+01
-5.763784795999526978e-02,-4.083377122879028320e-01,-9.948336601257324219e+00,9.191105318069458008e+01
-5.762038007378578186e-02,-4.083397686481475830e-01,-9.948330879211425781e+00,9.191596508026123047e+01
-5.760169401764869690e-02,-4.083395004272460938e-01,-9.948321342468261719e+00,9.192106318473815918e+01
-5.758232995867729187e-02,-4.083413481712341309e-01,-9.948313713073730469e+00,9.192606616020202637e+01
-5.756185576319694519e-02,-4.083428382873535156e-01,-9.948306083679199219e+00,9.193120217323303223e+01
-5.754146352410316467e-02,-4.083459973335266113e-01,-9.948301315307617188e+00,9.193605804443359375e+01
-5.751873552799224854e-02,-4.083485007286071777e-01,-9.948294639587402344e+00,9.194113707542419434e+01
-5.777800828218460083e-02,-4.083622097969055176e-01,-9.948087692260742188e+00,9.194593310356140137e+01
-5.776718631386756897e-02,-4.083574414253234863e-01,-9.948054313659667969e+00,9.195113110542297363e+01
-5.775634571909904480e-02,-4.083586037158966064e-01,-9.948026657104492188e+00,9.195608115196228027e+01
-5.774445831775665283e-02,-4.083586931228637695e-01,-9.947995185852050781e+00,9.196132421493530273e+01
-5.772983655333518982e-02,-4.083631932735443115e-01,-9.947958946228027344e+00,9.196605610847473145e+01
-5.771458894014358521e-02,-4.083664417266845703e-01,-9.947923660278320312e+00,9.197107601165771484e+01
-5.784745514392852783e-02,-4.083589911460876465e-01,-9.948099136352539062e+00,9.197616505622863770e+01
-5.783890560269355774e-02,-4.083608090877532959e-01,-9.948095321655273438e+00,9.198121213912963867e+01
-5.782889947295188904e-02,-4.083610773086547852e-01,-9.948081016540527344e+00,9.198609209060668945e+01
-5.781768262386322021e-02,-4.083588421344757080e-01,-9.948069572448730469e+00,9.199132704734802246e+01
-5.780507996678352356e-02,-4.083549976348876953e-01,-9.948061943054199219e+00,9.199667501449584961e+01
-5.779073014855384827e-02,-4.083664715290069580e-01,-9.948047637939453125e+00,9.200119113922119141e+01
-5.777493491768836975e-02,-4.083721339702606201e-01,-9.948041915893554688e+00,9.200612616539001465e+01
-5.793778970837593079e-02,-4.083058834075927734e-01,-9.948184967041015625e+00,9.201118612289428711e+01
-5.792152881622314453e-02,-4.083046019077301025e-01,-9.948180198669433594e+00,9.201650118827819824e+01
-5.790539458394050598e-02,-4.083065390586853027e-01,-9.948180198669433594e+00,9.202119112014770508e+01
-5.788724124431610107e-02,-4.083091616630554199e-01,-9.948183059692382812e+00,9.202678799629211426e+01
-5.787111446261405945e-02,-4.083161056041717529e-01,-9.948194503784179688e+00,9.203131198883056641e+01
-5.785239487886428833e-02,-4.083222448825836182e-01,-9.948203086853027344e+00,9.203611803054809570e+01
-5.798004940152168274e-02,-4.083676040172576904e-01,-9.948081016540527344e+00,9.204128408432006836e+01
-5.796149373054504395e-02,-4.083730280399322510e-01,-9.948069572448730469e+00,9.204624414443969727e+01
-5.794369429349899292e-02,-4.083793461322784424e-01,-9.948054313659667969e+00,9.205132913589477539e+01
-5.792403593659400940e-02,-4.083857536315917969e-01,-9.948040008544921875e+00,9.205663204193115234e+01
-5.790626257658004761e-02,-4.083920121192932129e-01,-9.948031425476074219e+00,9.206145405769348145e+01
-5.788603797554969788e-02,-4.083988368511199951e-01,-9.948019981384277344e+00,9.206635022163391113e+01
-5.786478891968727112e-02,-4.084059298038482666e-01,-9.948008537292480469e+00,9.207133817672729492e+01
-5.811990797519683838e-02,-4.083497822284698486e-01,-9.948105812072753906e+00,9.207690000534057617e+01
-5.810654163360595703e-02,-4.083521366119384766e-01,-9.948105812072753906e+00,9.208123898506164551e+01
-5.809349566698074341e-02,-4.083549082279205322e-01,-9.948106765747070312e+00,9.208685898780822754e+01
-5.808100849390029907e-02,-4.083594679832458496e-01,-9.948110580444335938e+00,9.209141302108764648e+01
-5.806587636470794678e-02,-4.083661735057830811e-01,-9.948106765747070312e+00,9.209690117835998535e+01
-5.805150419473648071e-02,-4.083741605281829834e-01,-9.948106765747070312e+00,9.210127711296081543e+01
-5.803624168038368225e-02,-4.083835184574127197e-01,-9.948103904724121094e+00,9.210657620429992676e+01
-5.815494433045387268e-02,-4.083644151687622070e-01,-9.948089599609375000e+00,9.211128902435302734e+01
-5.814602971076965332e-02,-4.083691537380218506e-01,-9.948092460632324219e+00,9.211675500869750977e+01
-5.813627690076828003e-02,-4.083734452724456787e-01,-9.948095321655273438e+00,9.212148213386535645e+01
-5.813466012477874756e-02,-4.083776473999023438e-01,-9.948112487792968750e+00,9.212666916847229004e+01
-5.812843888998031616e-02,-4.083835482597351074e-01,-9.948119163513183594e+00,9.213149809837341309e+01
-5.812267586588859558e-02,-4.083898067474365234e-01,-9.948124885559082031e+00,9.213684606552124023e+01
-5.810295790433883667e-02,-4.083965122699737549e-01,-9.948112487792968750e+00,9.214129304885864258e+01
-5.835524946451187134e-02,-4.083302319049835205e-01,-9.948099136352539062e+00,9.214676809310913086e+01
-5.833884701132774353e-02,-4.083371460437774658e-01,-9.948100090026855469e+00,9.215149521827697754e+01
-5.833057686686515808e-02,-4.083397090435028076e-01,-9.948081016540527344e+00,9.215697216987609863e+01
-5.831511318683624268e-02,-4.083444476127624512e-01,-9.948070526123046875e+00,9.216171121597290039e+01
-5.829838663339614868e-02,-4.083481132984161377e-01,-9.948055267333984375e+00,9.216707110404968262e+01
-5.828049778938293457e-02,-4.083510935306549072e-01,-9.948035240173339844e+00,9.217156100273132324e+01
-5.835976079106330872e-02,-4.083246290683746338e-01,-9.948045730590820312e+00,9.217720198631286621e+01
-5.834742262959480286e-02,-4.083274304866790771e-01,-9.948040962219238281e+00,9.218139004707336426e+01
-5.833403021097183228e-02,-4.083296656608581543e-01,-9.948035240173339844e+00,9.218718814849853516e+01
-5.832001566886901855e-02,-4.083285033702850342e-01,-9.948032379150390625e+00,9.219169521331787109e+01
-5.830541998147964478e-02,-4.083302915096282959e-01,-9.948031425476074219e+00,9.219671106338500977e+01
-5.829012393951416016e-02,-4.083321690559387207e-01,-9.948032379150390625e+00,9.220151901245117188e+01
-5.827618017792701721e-02,-4.083397090435028076e-01,-9.948038101196289062e+00,9.220711016654968262e+01
-5.848357081413269043e-02,-4.083340167999267578e-01,-9.947825431823730469e+00,9.221139717102050781e+01
-5.847457423806190491e-02,-4.083416163921356201e-01,-9.947815895080566406e+00,9.221678209304809570e+01
-5.845559388399124146e-02,-4.083402454853057861e-01,-9.947784423828125000e+00,9.222171521186828613e+01
-5.843980982899665833e-02,-4.083462357521057129e-01,-9.947765350341796875e+00,9.222691011428833008e+01
-5.842233076691627502e-02,-4.083532094955444336e-01,-9.947748184204101562e+00,9.223168706893920898e+01
-5.840388312935829163e-02,-4.083647727966308594e-01,-9.947741508483886719e+00,9.223671817779541016e+01
-5.838317424058914185e-02,-4.083745777606964111e-01,-9.947728157043457031e+00,9.224158310890197754e+01
-5.853727087378501892e-02,-4.083564877510070801e-01,-9.947888374328613281e+00,9.224698305130004883e+01
-5.851667001843452454e-02,-4.083585739135742188e-01,-9.947879791259765625e+00,9.225162410736083984e+01
-5.849897861480712891e-02,-4.083774089813232422e-01,-9.947881698608398438e+00,9.225681114196777344e+01
-5.847763270139694214e-02,-4.083877801895141602e-01,-9.947875976562500000e+00,9.226183199882507324e+01
-5.845537781715393066e-02,-4.084019958972930908e-01,-9.947871208190917969e+00,9.226695919036865234e+01
-5.843503400683403015e-02,-4.084159731864929199e-01,-9.947864532470703125e+00,9.227147221565246582e+01
-5.866117402911186218e-02,-4.083563387393951416e-01,-9.947854995727539062e+00,9.227675914764404297e+01
-5.864985287189483643e-02,-4.083591997623443604e-01,-9.947845458984375000e+00,9.228141617774963379e+01
-5.863544717431068420e-02,-4.083713889122009277e-01,-9.947836875915527344e+00,9.228682208061218262e+01
-5.862134695053100586e-02,-4.083775877952575684e-01,-9.947824478149414062e+00,9.229190516471862793e+01
-5.860622972249984741e-02,-4.083840250968933105e-01,-9.947811126708984375e+00,9.229703617095947266e+01
-5.859203264117240906e-02,-4.083875417709350586e-01,-9.947802543640136719e+00,9.230160808563232422e+01
-5.857656151056289673e-02,-4.083928167819976807e-01,-9.947792053222656250e+00,9.230677604675292969e+01
-5.872051045298576355e-02,-4.084243178367614746e-01,-9.947810173034667969e+00,9.231175017356872559e+01
-5.870701372623443604e-02,-4.084306955337524414e-01,-9.947799682617187500e+00,9.231698107719421387e+01
-5.869561806321144104e-02,-4.084389805793762207e-01,-9.947793006896972656e+00,9.232177400588989258e+01
-5.868281424045562744e-02,-4.084499478340148926e-01,-9.947780609130859375e+00,9.232716512680053711e+01
-5.866811424493789673e-02,-4.084634780883789062e-01,-9.947759628295898438e+00,9.233190107345581055e+01
-5.865179747343063354e-02,-4.084764122962951660e-01,-9.947739601135253906e+00,9.233707404136657715e+01
-5.883075669407844543e-02,-4.083904027938842773e-01,-9.947853088378906250e+00,9.234175801277160645e+01
-5.882519111037254333e-02,-4.083918929100036621e-01,-9.947851181030273438e+00,9.234681916236877441e+01
-5.882892757654190063e-02,-4.083941578865051270e-01,-9.947850227355957031e+00,9.235176301002502441e+01
-5.882750451564788818e-02,-4.083949327468872070e-01,-9.947852134704589844e+00,9.235717606544494629e+01
-5.882602557539939880e-02,-4.083942472934722900e-01,-9.947855949401855469e+00,9.236202812194824219e+01
-5.882683023810386658e-02,-4.083893597126007080e-01,-9.947882652282714844e+00,9.236687803268432617e+01
-5.882686749100685120e-02,-4.083848893642425537e-01,-9.947905540466308594e+00,9.237186813354492188e+01
-5.885028094053268433e-02,-4.083826541900634766e-01,-9.947796821594238281e+00,9.237703800201416016e+01
-5.885025113821029663e-02,-4.083864390850067139e-01,-9.947834014892578125e+00,9.238187098503112793e+01
-5.885198712348937988e-02,-4.083901047706604004e-01,-9.947874069213867188e+00,9.238687300682067871e+01
-5.885416641831398010e-02,-4.083962738513946533e-01,-9.947920799255371094e+00,9.239206409454345703e+01
-5.884332209825515747e-02,-4.084081351757049561e-01,-9.947941780090332031e+00,9.239697718620300293e+01
-5.883462727069854736e-02,-4.084200859069824219e-01,-9.947975158691406250e+00,9.240195012092590332e+01
-5.882253125309944153e-02,-4.084353148937225342e-01,-9.948005676269531250e+00,9.240691518783569336e+01
-5.884869024157524109e-02,-4.084543883800506592e-01,-9.947842597961425781e+00,9.241197419166564941e+01
-5.881510674953460693e-02,-4.084652066230773926e-01,-9.947815895080566406e+00,9.241710114479064941e+01
-5.877380818128585815e-02,-4.084779322147369385e-01,-9.947772979736328125e+00,9.242192101478576660e+01
-5.872518196702003479e-02,-4.084931612014770508e-01,-9.947715759277343750e+00,9.242707109451293945e+01
-5.867742747068405151e-02,-4.085050523281097412e-01,-9.947650909423828125e+00,9.243204212188720703e+01
-5.862015485763549805e-02,-4.085187613964080811e-01,-9.947567939758300781e+00,9.243723201751708984e+01
-5.891000479459762573e-02,-4.084449708461761475e-01,-9.947908401489257812e+00,9.244203901290893555e+01
-5.888666585087776184e-02,-4.084560871124267578e-01,-9.947885513305664062e+00,9.244717407226562500e+01
-5.884812399744987488e-02,-4.084696471691131592e-01,-9.947828292846679688e+00,9.245195913314819336e+01
-5.880786478519439697e-02,-4.084830880165100098e-01,-9.947768211364746094e+00,9.245710206031799316e+01
-5.879550427198410034e-02,-4.084958732128143311e-01,-9.947752952575683594e+00,9.246213722229003906e+01
-5.877738445997238159e-02,-4.085094630718231201e-01,-9.947725296020507812e+00,9.246721720695495605e+01
-5.876598134636878967e-02,-4.085235297679901123e-01,-9.947705268859863281e+00,9.247196316719055176e+01
-5.915302410721778870e-02,-4.084229171276092529e-01,-9.947851181030273438e+00,9.247707509994506836e+01
-5.917261540889739990e-02,-4.084259569644927979e-01,-9.947885513305664062e+00,9.248208498954772949e+01
-5.919368565082550049e-02,-4.084278941154479980e-01,-9.947928428649902344e+00,9.248715901374816895e+01
-5.921203270554542542e-02,-4.084278047084808350e-01,-9.947965621948242188e+00,9.249231815338134766e+01
-5.923269689083099365e-02,-4.084295332431793213e-01,-9.948015213012695312e+00,9.249710512161254883e+01
-5.925417318940162659e-02,-4.084308445453643799e-01,-9.948069572448730469e+00,9.250200414657592773e+01
-5.924244970083236694e-02,-4.084341824054718018e-01,-9.948096275329589844e+00,9.250752210617065430e+01
-5.918277800083160400e-02,-4.083627462387084961e-01,-9.947699546813964844e+00,9.251217603683471680e+01
-5.914538353681564331e-02,-4.083633124828338623e-01,-9.947707176208496094e+00,9.251721715927124023e+01
-5.909875407814979553e-02,-4.083639979362487793e-01,-9.947711944580078125e+00,9.252227020263671875e+01
-5.908600613474845886e-02,-4.083815813064575195e-01,-9.947702407836914062e+00,9.252728605270385742e+01
-5.904718860983848572e-02,-4.083924293518066406e-01,-9.947693824768066406e+00,9.253218913078308105e+01
-5.900570005178451538e-02,-4.084057807922363281e-01,-9.947681427001953125e+00,9.253729104995727539e+01
-5.897174030542373657e-02,-4.084149003028869629e-01,-9.947670936584472656e+00,9.254212403297424316e+01
-5.923070013523101807e-02,-4.084263443946838379e-01,-9.947738647460937500e+00,9.254717707633972168e+01
-5.921617522835731506e-02,-4.084338843822479248e-01,-9.947716712951660156e+00,9.255217409133911133e+01
-5.920473486185073853e-02,-4.084407389163970947e-01,-9.947691917419433594e+00,9.255727505683898926e+01
-5.919264256954193115e-02,-4.084475636482238770e-01,-9.947663307189941406e+00,9.256229305267333984e+01
-5.918134748935699463e-02,-4.084535241127014160e-01,-9.947630882263183594e+00,9.256728911399841309e+01
-5.917494744062423706e-02,-4.084573984146118164e-01,-9.947609901428222656e+00,9.257231807708740234e+01
-5.940370634198188782e-02,-4.084217846393585205e-01,-9.947778701782226562e+00,9.257726216316223145e+01
-5.941028892993927002e-02,-4.084297120571136475e-01,-9.947773933410644531e+00,9.258229517936706543e+01
-5.939694121479988098e-02,-4.084390997886657715e-01,-9.947784423828125000e+00,9.258728003501892090e+01
-5.939253419637680054e-02,-4.084472060203552246e-01,-9.947787284851074219e+00,9.259244513511657715e+01
-5.938593298196792603e-02,-4.084536135196685791e-01,-9.947791099548339844e+00,9.259725022315979004e+01
-5.937710031867027283e-02,-4.084599316120147705e-01,-9.947798728942871094e+00,9.260227012634277344e+01
-5.935902521014213562e-02,-4.084757268428802490e-01,-9.947816848754882812e+00,9.260726904869079590e+01
-5.937680229544639587e-02,-4.084451198577880859e-01,-9.947751045227050781e+00,9.261232018470764160e+01
-5.935459583997726440e-02,-4.084540307521820068e-01,-9.947779655456542969e+00,9.261741900444030762e+01
-5.933345109224319458e-02,-4.084624648094177246e-01,-9.947786331176757812e+00,9.262240219116210938e+01
-5.930668115615844727e-02,-4.084716141223907471e-01,-9.947808265686035156e+00,9.262755703926086426e+01
-5.927702784538269043e-02,-4.084812700748443604e-01,-9.947830200195312500e+00,9.263240504264831543e+01
-5.925398692488670349e-02,-4.084910154342651367e-01,-9.947838783264160156e+00,9.263748717308044434e+01
-5.951595306396484375e-02,-4.084221124649047852e-01,-9.947713851928710938e+00,9.264240407943725586e+01
-5.950576812028884888e-02,-4.084305763244628906e-01,-9.947705268859863281e+00,9.264734601974487305e+01
-5.949456617236137390e-02,-4.084358513355255127e-01,-9.947677612304687500e+00,9.265240120887756348e+01
-5.948379635810852051e-02,-4.084451496601104736e-01,-9.947654724121093750e+00,9.265748119354248047e+01
-5.947291105985641479e-02,-4.084542989730834961e-01,-9.947625160217285156e+00,9.266253399848937988e+01
-5.946300551295280457e-02,-4.084643423557281494e-01,-9.947612762451171875e+00,9.266744399070739746e+01
-5.945266783237457275e-02,-4.084745943546295166e-01,-9.947588920593261719e+00,9.267240715026855469e+01
-5.959572643041610718e-02,-4.084457159042358398e-01,-9.947784423828125000e+00,9.267743921279907227e+01
-5.959086865186691284e-02,-4.084466695785522461e-01,-9.947780609130859375e+00,9.268254017829895020e+01
-5.957024544477462769e-02,-4.084479510784149170e-01,-9.947802543640136719e+00,9.268769812583923340e+01
-5.955669656395912170e-02,-4.084506332874298096e-01,-9.947809219360351562e+00,9.269266200065612793e+01
-5.954083800315856934e-02,-4.084537327289581299e-01,-9.947816848754882812e+00,9.269756221771240234e+01
-5.952240526676177979e-02,-4.084605574607849121e-01,-9.947816848754882812e+00,9.270249819755554199e+01
-5.950197950005531311e-02,-4.084665775299072266e-01,-9.947821617126464844e+00,9.270750403404235840e+01
-5.968709290027618408e-02,-4.084051549434661865e-01,-9.947704315185546875e+00,9.271253919601440430e+01
-5.967844650149345398e-02,-4.084102213382720947e-01,-9.947719573974609375e+00,9.271755099296569824e+01
-5.966368317604064941e-02,-4.084162116050720215e-01,-9.947740554809570312e+00,9.272239708900451660e+01
-5.964910611510276794e-02,-4.084245860576629639e-01,-9.947769165039062500e+00,9.272756600379943848e+01
-5.963490530848503113e-02,-4.084392488002777100e-01,-9.947810173034667969e+00,9.273245906829833984e+01
-5.962006002664566040e-02,-4.084527492523193359e-01,-9.947851181030273438e+00,9.273745799064636230e+01
-5.986242368817329407e-02,-4.083752930164337158e-01,-9.947690010070800781e+00,9.274249911308288574e+01
-5.985547229647636414e-02,-4.083814918994903564e-01,-9.947684288024902344e+00,9.274747514724731445e+01
-5.984855443239212036e-02,-4.083877205848693848e-01,-9.947689056396484375e+00,9.275255203247070312e+01
-5.984120815992355347e-02,-4.083956778049468994e-01,-9.947690010070800781e+00,9.275784420967102051e+01
-5.982962623238563538e-02,-4.084046483039855957e-01,-9.947680473327636719e+00,9.276303601264953613e+01
-5.981798842549324036e-02,-4.084137678146362305e-01,-9.947669982910156250e+00,9.276750516891479492e+01
-5.980467796325683594e-02,-4.084232151508331299e-01,-9.947654724121093750e+00,9.277265620231628418e+01
-5.994981154799461365e-02,-4.084714353084564209e-01,-9.947623252868652344e+00,9.277782607078552246e+01
-5.994665250182151794e-02,-4.084956049919128418e-01,-9.947620391845703125e+00,9.278269100189208984e+01
-5.993708223104476929e-02,-4.085105657577514648e-01,-9.947601318359375000e+00,9.278764104843139648e+01
-5.992864817380905151e-02,-4.085270166397094727e-01,-9.947579383850097656e+00,9.279279208183288574e+01
-5.988591536879539490e-02,-4.085418283939361572e-01,-9.947545051574707031e+00,9.279765415191650391e+01
-5.984789878129959106e-02,-4.085583984851837158e-01,-9.947510719299316406e+00,9.280262207984924316e+01
-5.997910350561141968e-02,-4.083777368068695068e-01,-9.947720527648925781e+00,9.280798721313476562e+01
-5.997260287404060364e-02,-4.083719253540039062e-01,-9.947707176208496094e+00,9.281269121170043945e+01
-5.993588641285896301e-02,-4.083663225173950195e-01,-9.947684288024902344e+00,9.281763219833374023e+01
-5.990032851696014404e-02,-4.083588421344757080e-01,-9.947658538818359375e+00,9.282266116142272949e+01
-5.986306071281433105e-02,-4.083538651466369629e-01,-9.947648048400878906e+00,9.282797503471374512e+01
-5.982664227485656738e-02,-4.083482027053833008e-01,-9.947633743286132812e+00,9.283266806602478027e+01
-5.979007482528686523e-02,-4.083437323570251465e-01,-9.947622299194335938e+00,9.283780312538146973e+01
-6.015253439545631409e-02,-4.084213674068450928e-01,-9.947701454162597656e+00,9.284281301498413086e+01
-6.015178188681602478e-02,-4.084223210811614990e-01,-9.947716712951660156e+00,9.284783220291137695e+01
-6.015249341726303101e-02,-4.084286391735076904e-01,-9.947737693786621094e+00,9.285278320312500000e+01
-6.015530228614807129e-02,-4.084426164627075195e-01,-9.947766304016113281e+00,9.285774612426757812e+01
-6.014946848154067993e-02,-4.084463715553283691e-01,-9.947787284851074219e+00,9.286293816566467285e+01
-6.015037745237350464e-02,-4.084616303443908691e-01,-9.947817802429199219e+00,9.286787605285644531e+01
-6.033933535218238831e-02,-4.083891510963439941e-01,-9.947642326354980469e+00,9.287283921241760254e+01
-6.032689660787582397e-02,-4.083982408046722412e-01,-9.947637557983398438e+00,9.287783122062683105e+01
-6.032077595591545105e-02,-4.084093272686004639e-01,-9.947648048400878906e+00,9.288279819488525391e+01
-6.031288579106330872e-02,-4.084247052669525146e-01,-9.947659492492675781e+00,9.288798308372497559e+01
-6.030183285474777222e-02,-4.084413945674896240e-01,-9.947663307189941406e+00,9.289306211471557617e+01
-6.028961390256881714e-02,-4.084590971469879150e-01,-9.947668075561523438e+00,9.289794301986694336e+01
-6.027505546808242798e-02,-4.084798097610473633e-01,-9.947671890258789062e+00,9.290288400650024414e+01
-6.025962159037590027e-02,-4.084947109222412109e-01,-9.947676658630371094e+00,9.290806007385253906e+01
-6.044291332364082336e-02,-4.083622694015502930e-01,-9.947698593139648438e+00,9.291295909881591797e+01
-6.042659655213356018e-02,-4.083586037158966064e-01,-9.947689056396484375e+00,9.291794919967651367e+01
-6.040620058774948120e-02,-4.083666205406188965e-01,-9.947671890258789062e+00,9.292296814918518066e+01
-6.038530915975570679e-02,-4.083681106567382812e-01,-9.947661399841308594e+00,9.292811512947082520e+01
-6.036224961280822754e-02,-4.083688855171203613e-01,-9.947650909423828125e+00,9.293290805816650391e+01
-6.033666804432868958e-02,-4.083693325519561768e-01,-9.947638511657714844e+00,9.293793106079101562e+01
-6.042843684554100037e-02,-4.084141850471496582e-01,-9.947709083557128906e+00,9.294289016723632812e+01
-6.040427088737487793e-02,-4.084230065345764160e-01,-9.947683334350585938e+00,9.294797015190124512e+01
-6.037757173180580139e-02,-4.084324836730957031e-01,-9.947653770446777344e+00,9.295296001434326172e+01
-6.034894287586212158e-02,-4.084409773349761963e-01,-9.947637557983398438e+00,9.295807218551635742e+01
-6.031649187207221985e-02,-4.084442853927612305e-01,-9.947604179382324219e+00,9.296308803558349609e+01
-6.028137728571891785e-02,-4.084428250789642334e-01,-9.947565078735351562e+00,9.296799421310424805e+01
-6.027399003505706787e-02,-4.084456264972686768e-01,-9.947534561157226562e+00,9.297299218177795410e+01
-6.057540699839591980e-02,-4.084912240505218506e-01,-9.947679519653320312e+00,9.297804999351501465e+01
-6.060094758868217468e-02,-4.085267186164855957e-01,-9.947700500488281250e+00,9.298309803009033203e+01
-6.051481142640113831e-02,-4.085910916328430176e-01,-9.947725296020507812e+00,9.298814201354980469e+01
-6.047292798757553101e-02,-4.086391925811767578e-01,-9.947745323181152344e+00,9.299322199821472168e+01
-6.041554734110832214e-02,-4.086921513080596924e-01,-9.947769165039062500e+00,9.299810314178466797e+01
-6.041853129863739014e-02,-4.087105989456176758e-01,-9.947794914245605469e+00,9.300305509567260742e+01
-6.039543449878692627e-02,-4.087484180927276611e-01,-9.947826385498046875e+00,9.300817418098449707e+01
-6.046223267912864685e-02,-4.082408547401428223e-01,-9.947548866271972656e+00,9.301305317878723145e+01
-6.041425839066505432e-02,-4.082212448120117188e-01,-9.947540283203125000e+00,9.301851511001586914e+01
-6.038380786776542664e-02,-4.081937670707702637e-01,-9.947544097900390625e+00,9.302306509017944336e+01
-6.034965068101882935e-02,-4.081622958183288574e-01,-9.947546005249023438e+00,9.302841615676879883e+01
-6.031443551182746887e-02,-4.081322550773620605e-01,-9.947546958923339844e+00,9.303304505348205566e+01
-6.028695032000541687e-02,-4.081008434295654297e-01,-9.947526931762695312e+00,9.303824019432067871e+01
-6.085178256034851074e-02,-4.083761274814605713e-01,-9.947598457336425781e+00,9.304306221008300781e+01
-6.085968390107154846e-02,-4.083816409111022949e-01,-9.947587966918945312e+00,9.304826617240905762e+01
-6.085436791181564331e-02,-4.083963930606842041e-01,-9.947594642639160156e+00,9.305320310592651367e+01
-6.085432693362236023e-02,-4.084069132804870605e-01,-9.947586059570312500e+00,9.305834412574768066e+01
-6.085179001092910767e-02,-4.084176719188690186e-01,-9.947575569152832031e+00,9.306330299377441406e+01
-6.084547564387321472e-02,-4.084253609180450439e-01,-9.947567939758300781e+00,9.306826901435852051e+01
-6.087079271674156189e-02,-4.083642661571502686e-01,-9.947536468505859375e+00,9.307303309440612793e+01
-6.084922328591346741e-02,-4.083700776100158691e-01,-9.947526931762695312e+00,9.307823705673217773e+01
-6.084638088941574097e-02,-4.083814918994903564e-01,-9.947517395019531250e+00,9.308321619033813477e+01
-6.083408743143081665e-02,-4.083884954452514648e-01,-9.947513580322265625e+00,9.308826899528503418e+01
-6.082347035408020020e-02,-4.083966016769409180e-01,-9.947511672973632812e+00,9.309344220161437988e+01
-6.081026792526245117e-02,-4.084023833274841309e-01,-9.947530746459960938e+00,9.309824013710021973e+01
-6.079897657036781311e-02,-4.084104895591735840e-01,-9.947546005249023438e+00,9.310318303108215332e+01
-6.099744141101837158e-02,-4.083875417709350586e-01,-9.947535514831542969e+00,9.310835909843444824e+01
-6.099027767777442932e-02,-4.084010720252990723e-01,-9.947557449340820312e+00,9.311329412460327148e+01
-6.097934767603874207e-02,-4.084196090698242188e-01,-9.947566032409667969e+00,9.311834812164306641e+01
-6.097099930047988892e-02,-4.084351956844329834e-01,-9.947587013244628906e+00,9.312333416938781738e+01
-6.096241623163223267e-02,-4.084526896476745605e-01,-9.947607994079589844e+00,9.312866711616516113e+01
-6.094518676400184631e-02,-4.084667563438415527e-01,-9.947613716125488281e+00,9.313332819938659668e+01
-6.092823296785354614e-02,-4.084840118885040283e-01,-9.947626113891601562e+00,9.313832807540893555e+01
-6.099605187773704529e-02,-4.083935916423797607e-01,-9.947415351867675781e+00,9.314330005645751953e+01
-6.098689883947372437e-02,-4.084023535251617432e-01,-9.947422027587890625e+00,9.314838600158691406e+01
-6.097083911299705505e-02,-4.084083735942840576e-01,-9.947428703308105469e+00,9.315329599380493164e+01
-6.095404177904129028e-02,-4.084168076515197754e-01,-9.947435379028320312e+00,9.315853714942932129e+01
-6.093441694974899292e-02,-4.084273278713226318e-01,-9.947436332702636719e+00,9.316344118118286133e+01
-6.091428920626640320e-02,-4.084381461143493652e-01,-9.947438240051269531e+00,9.316835999488830566e+01
-6.089271232485771179e-02,-4.084487557411193848e-01,-9.947438240051269531e+00,9.317342805862426758e+01
-6.107303872704505920e-02,-4.084148705005645752e-01,-9.947343826293945312e+00,9.317844700813293457e+01
-6.106221303343772888e-02,-4.084177017211914062e-01,-9.947325706481933594e+00,9.318342900276184082e+01
-6.105054542422294617e-02,-4.084196090698242188e-01,-9.947306632995605469e+00,9.318846416473388672e+01
-6.103808805346488953e-02,-4.084202349185943604e-01,-9.947287559509277344e+00,9.319356012344360352e+01
-6.102248653769493103e-02,-4.084255397319793701e-01,-9.947262763977050781e+00,9.319844412803649902e+01
-6.100676581263542175e-02,-4.084255397319793701e-01,-9.947233200073242188e+00,9.320343303680419922e+01
-6.107274442911148071e-02,-4.084478318691253662e-01,-9.947351455688476562e+00,9.320845198631286621e+01
-6.105252355337142944e-02,-4.084465503692626953e-01,-9.947343826293945312e+00,9.321343517303466797e+01
-6.103374436497688293e-02,-4.084462523460388184e-01,-9.947325706481933594e+00,9.321844005584716797e+01
-6.101320683956146240e-02,-4.084457755088806152e-01,-9.947304725646972656e+00,9.322343301773071289e+01
-6.099285185337066650e-02,-4.084475636482238770e-01,-9.947286605834960938e+00,9.322866702079772949e+01
-6.097057089209556580e-02,-4.084489047527313232e-01,-9.947268486022949219e+00,9.323356413841247559e+01
-6.094706431031227112e-02,-4.084513187408447266e-01,-9.947254180908203125e+00,9.323852610588073730e+01
-6.113674119114875793e-02,-4.084874987602233887e-01,-9.947338104248046875e+00,9.324357008934020996e+01
-6.112430617213249207e-02,-4.084966778755187988e-01,-9.947347640991210938e+00,9.324856209754943848e+01
-6.111110001802444458e-02,-4.085093736648559570e-01,-9.947360038757324219e+00,9.325356006622314453e+01
-6.109680607914924622e-02,-4.085256755352020264e-01,-9.947362899780273438e+00,9.325868821144104004e+01
-6.108206138014793396e-02,-4.085416793823242188e-01,-9.947370529174804688e+00,9.326363706588745117e+01
-6.106666103005409241e-02,-4.085593819618225098e-01,-9.947379112243652344e+00,9.326858520507812500e+01
-6.104678660631179810e-02,-4.085743427276611328e-01,-9.947385787963867188e+00,9.327378821372985840e+01
-6.105010583996772766e-02,-4.085193872451782227e-01,-9.947235107421875000e+00,9.327845501899719238e+01
-6.102798134088516235e-02,-4.085229337215423584e-01,-9.947216987609863281e+00,9.328344821929931641e+01
-6.100514158606529236e-02,-4.085275828838348389e-01,-9.947198867797851562e+00,9.328857421875000000e+01
-6.099246069788932800e-02,-4.085417687892913818e-01,-9.947204589843750000e+00,9.329379010200500488e+01
-6.097291037440299988e-02,-4.085502028465270996e-01,-9.947200775146484375e+00,9.329855012893676758e+01
-6.095250323414802551e-02,-4.085596799850463867e-01,-9.947196960449218750e+00,9.330351018905639648e+01
-6.092620640993118286e-02,-4.085676670074462891e-01,-9.947191238403320312e+00,9.330864119529724121e+01
-6.115661561489105225e-02,-4.085765779018402100e-01,-9.947347640991210938e+00,9.331364202499389648e+01
-6.114450842142105103e-02,-4.085842370986938477e-01,-9.947359085083007812e+00,9.331874608993530273e+01
-6.113187223672866821e-02,-4.085888862609863281e-01,-9.947345733642578125e+00,9.332366299629211426e+01
-6.111729145050048828e-02,-4.085983037948608398e-01,-9.947350502014160156e+00,9.332877206802368164e+01
-6.110154092311859131e-02,-4.086094498634338379e-01,-9.947357177734375000e+00,9.333365416526794434e+01
-6.108789891004562378e-02,-4.086225330829620361e-01,-9.947362899780273438e+00,9.333877015113830566e+01
-6.111087650060653687e-02,-4.086075127124786377e-01,-9.947300910949707031e+00,9.334365510940551758e+01
-6.109713762998580933e-02,-4.086102545261383057e-01,-9.947277069091796875e+00,9.334876418113708496e+01
-6.108933314681053162e-02,-4.086196422576904297e-01,-9.947270393371582031e+00,9.335365605354309082e+01
-6.107865273952484131e-02,-4.086259007453918457e-01,-9.947248458862304688e+00,9.335890007019042969e+01
-6.106828153133392334e-02,-4.086333215236663818e-01,-9.947221755981445312e+00,9.336379504203796387e+01
-6.105828285217285156e-02,-4.086420238018035889e-01,-9.947191238403320312e+00,9.336879420280456543e+01
-6.104209646582603455e-02,-4.086485505104064941e-01,-9.947179794311523438e+00,9.337355899810791016e+01
-6.118544936180114746e-02,-4.086629152297973633e-01,-9.947264671325683594e+00,9.337865519523620605e+01
-6.117793172597885132e-02,-4.086731970310211182e-01,-9.947252273559570312e+00,9.338371515274047852e+01
-6.116113439202308655e-02,-4.086828827857971191e-01,-9.947253227233886719e+00,9.338871121406555176e+01
-6.114694848656654358e-02,-4.086930751800537109e-01,-9.947246551513671875e+00,9.339400601387023926e+01
-6.113057211041450500e-02,-4.087040424346923828e-01,-9.947240829467773438e+00,9.339874601364135742e+01
-6.111054494976997375e-02,-4.087171852588653564e-01,-9.947241783142089844e+00,9.340374016761779785e+01
-6.116035953164100647e-02,-4.086588323116302490e-01,-9.947196006774902344e+00,9.340866112709045410e+01
-6.113930419087409973e-02,-4.086603224277496338e-01,-9.947208404541015625e+00,9.341371703147888184e+01
-6.112032383680343628e-02,-4.086632132530212402e-01,-9.947211265563964844e+00,9.341872310638427734e+01
-6.109758466482162476e-02,-4.086683094501495361e-01,-9.947221755981445312e+00,9.342373299598693848e+01
-6.107332184910774231e-02,-4.086766839027404785e-01,-9.947235107421875000e+00,9.342884421348571777e+01
-6.105386465787887573e-02,-4.086897373199462891e-01,-9.947248458862304688e+00,9.343372011184692383e+01
-6.103115528821945190e-02,-4.087013602256774902e-01,-9.947261810302734375e+00,9.343872714042663574e+01
-6.100829318165779114e-02,-4.087147116661071777e-01,-9.947275161743164062e+00,9.344373106956481934e+01
-6.125842779874801636e-02,-4.086643755435943604e-01,-9.947118759155273438e+00,9.344884705543518066e+01
-6.125518679618835449e-02,-4.086562395095825195e-01,-9.947108268737792969e+00,9.345384907722473145e+01
-6.125265359878540039e-02,-4.086506068706512451e-01,-9.947099685668945312e+00,9.345900011062622070e+01
-6.125042214989662170e-02,-4.086455106735229492e-01,-9.947087287902832031e+00,9.346408009529113770e+01
-6.124472245573997498e-02,-4.086460471153259277e-01,-9.947062492370605469e+00,9.346886801719665527e+01
-6.123974546790122986e-02,-4.086449444293975830e-01,-9.947038650512695312e+00,9.347398519515991211e+01
-6.123961135745048523e-02,-4.087118208408355713e-01,-9.947045326232910156e+00,9.347885417938232422e+01
-6.122204661369323730e-02,-4.087179601192474365e-01,-9.947039604187011719e+00,9.348385500907897949e+01
-6.120542064309120178e-02,-4.087267518043518066e-01,-9.947027206420898438e+00,9.348881721496582031e+01
-6.118712946772575378e-02,-4.087376594543457031e-01,-9.947016716003417969e+00,9.349409008026123047e+01
-6.116766855120658875e-02,-4.087508022785186768e-01,-9.947016716003417969e+00,9.349882316589355469e+01
-6.114631891250610352e-02,-4.087638556957244873e-01,-9.947012901306152344e+00,9.350382518768310547e+01
-6.125453859567642212e-02,-4.087797403335571289e-01,-9.947121620178222656e+00,9.350879502296447754e+01
-6.124169006943702698e-02,-4.087926745414733887e-01,-9.947127342224121094e+00,9.351384806632995605e+01
-6.122550740838050842e-02,-4.088008701801300049e-01,-9.947133064270019531e+00,9.351907205581665039e+01
-6.120784208178520203e-02,-4.088112711906433105e-01,-9.947140693664550781e+00,9.352402114868164062e+01
-6.119196861982345581e-02,-4.088185131549835205e-01,-9.947152137756347656e+00,9.352924513816833496e+01
-6.117409095168113708e-02,-4.088285267353057861e-01,-9.947163581848144531e+00,9.353396511077880859e+01
-6.115600839257240295e-02,-4.088382422924041748e-01,-9.947179794311523438e+00,9.353902006149291992e+01
-6.130990758538246155e-02,-4.088342487812042236e-01,-9.947052955627441406e+00,9.354403519630432129e+01
-6.130096688866615295e-02,-4.088382124900817871e-01,-9.947044372558593750e+00,9.354903507232666016e+01
-6.129167973995208740e-02,-4.088442921638488770e-01,-9.947046279907226562e+00,9.355401802062988281e+01
-6.128153949975967407e-02,-4.088489413261413574e-01,-9.947048187255859375e+00,9.355932807922363281e+01
-6.126704439520835876e-02,-4.088503122329711914e-01,-9.947045326232910156e+00,9.356415915489196777e+01
-6.125260517001152039e-02,-4.088542759418487549e-01,-9.947042465209960938e+00,9.356907415390014648e+01
-6.123688444495201111e-02,-4.088602066040039062e-01,-9.947037696838378906e+00,9.357399606704711914e+01
-6.133525073528289795e-02,-4.089163541793823242e-01,-9.947102546691894531e+00,9.357905101776123047e+01
-6.131799891591072083e-02,-4.089358150959014893e-01,-9.947096824645996094e+00,9.358417010307312012e+01
-6.129852682352066040e-02,-4.089556038379669189e-01,-9.947084426879882812e+00,9.358912205696105957e+01
-6.127801537513732910e-02,-4.089656174182891846e-01,-9.947061538696289062e+00,9.359436106681823730e+01
-6.125578284263610840e-02,-4.089815616607666016e-01,-9.947038650512695312e+00,9.359915208816528320e+01
-6.123212352395057678e-02,-4.089976549148559570e-01,-9.947011947631835938e+00,9.360401105880737305e+01
-6.142551451921463013e-02,-4.088519215583801270e-01,-9.947073936462402344e+00,9.360911512374877930e+01
-6.141229718923568726e-02,-4.088532924652099609e-01,-9.947060585021972656e+00,9.361412000656127930e+01
-6.139851734042167664e-02,-4.088538885116577148e-01,-9.947047233581542969e+00,9.361913299560546875e+01
-6.138456612825393677e-02,-4.088546633720397949e-01,-9.947034835815429688e+00,9.362404704093933105e+01
-6.136841326951980591e-02,-4.088626801967620850e-01,-9.947026252746582031e+00,9.362924718856811523e+01
-6.135291978716850281e-02,-4.088695943355560303e-01,-9.947023391723632812e+00,9.363424110412597656e+01
-6.133654341101646423e-02,-4.088773131370544434e-01,-9.947021484375000000e+00,9.363917016983032227e+01
-6.145777180790901184e-02,-4.089010953903198242e-01,-9.947140693664550781e+00,9.364416408538818359e+01
-6.144438683986663818e-02,-4.089080989360809326e-01,-9.947145462036132812e+00,9.364923715591430664e+01
-6.142962723970413208e-02,-4.089156985282897949e-01,-9.947151184082031250e+00,9.365424299240112305e+01
-6.141048669815063477e-02,-4.089253842830657959e-01,-9.947154998779296875e+00,9.365942502021789551e+01
-6.139101833105087280e-02,-4.089335203170776367e-01,-9.947160720825195312e+00,9.366447114944458008e+01
-6.136955693364143372e-02,-4.089411795139312744e-01,-9.947165489196777344e+00,9.366933321952819824e+01
-6.134745851159095764e-02,-4.089464843273162842e-01,-9.947161674499511719e+00,9.367428898811340332e+01
-6.141663715243339539e-02,-4.089603722095489502e-01,-9.947109222412109375e+00,9.367933320999145508e+01
-6.139745935797691345e-02,-4.089674651622772217e-01,-9.947114944458007812e+00,9.368423604965209961e+01
-6.137914583086967468e-02,-4.089794754981994629e-01,-9.947113037109375000e+00,9.368934202194213867e+01
-6.135866045951843262e-02,-4.089877009391784668e-01,-9.947113990783691406e+00,9.369452500343322754e+01
-6.133731082081794739e-02,-4.089968204498291016e-01,-9.947111129760742188e+00,9.369930100440979004e+01
-6.131503358483314514e-02,-4.090072214603424072e-01,-9.947105407714843750e+00,9.370430016517639160e+01
-6.149953976273536682e-02,-4.089576303958892822e-01,-9.947047233581542969e+00,9.370935916900634766e+01
-6.148477271199226379e-02,-4.089644849300384521e-01,-9.947038650512695312e+00,9.371434617042541504e+01
-6.146901100873947144e-02,-4.089717864990234375e-01,-9.947027206420898438e+00,9.371949219703674316e+01
-6.145201623439788818e-02,-4.089722931385040283e-01,-9.947011947631835938e+00,9.372439002990722656e+01
-6.143441423773765564e-02,-4.089787006378173828e-01,-9.946998596191406250e+00,9.372949600219726562e+01
-6.141595169901847839e-02,-4.089863598346710205e-01,-9.946987152099609375e+00,9.373432612419128418e+01
-6.139572337269783020e-02,-4.089989364147186279e-01,-9.946988105773925781e+00,9.373940706253051758e+01
-6.157657504081726074e-02,-4.090006649494171143e-01,-9.947011947631835938e+00,9.374448108673095703e+01
-6.156313046813011169e-02,-4.090019762516021729e-01,-9.947003364562988281e+00,9.374946713447570801e+01
-6.154874339699745178e-02,-4.090095162391662598e-01,-9.947000503540039062e+00,9.375431704521179199e+01
-6.153268367052078247e-02,-4.090137481689453125e-01,-9.946992874145507812e+00,9.375971221923828125e+01
-6.151521950960159302e-02,-4.090184867382049561e-01,-9.946986198425292969e+00,9.376453900337219238e+01
-6.149645522236824036e-02,-4.090205729007720947e-01,-9.946988105773925781e+00,9.376948118209838867e+01
-6.152464821934700012e-02,-4.090603291988372803e-01,-9.946948051452636719e+00,9.377431321144104004e+01
-6.150764971971511841e-02,-4.090686738491058350e-01,-9.946959495544433594e+00,9.377947521209716797e+01
-6.149102002382278442e-02,-4.090641140937805176e-01,-9.946959495544433594e+00,9.378471422195434570e+01
-6.147326901555061340e-02,-4.090691804885864258e-01,-9.946967124938964844e+00,9.378950715065002441e+01
-6.145505607128143311e-02,-4.090744853019714355e-01,-9.946975708007812500e+00,9.379469513893127441e+01
-6.143644824624061584e-02,-4.090786576271057129e-01,-9.946987152099609375e+00,9.379959416389465332e+01
-6.141423434019088745e-02,-4.090851247310638428e-01,-9.946986198425292969e+00,9.380451321601867676e+01
-6.161826103925704956e-02,-4.090647399425506592e-01,-9.946959495544433594e+00,9.380957698822021484e+01
-6.160445883870124817e-02,-4.090698659420013428e-01,-9.946966171264648438e+00,9.381446814537048340e+01
-6.158890575170516968e-02,-4.090734720230102539e-01,-9.946976661682128906e+00,9.381952500343322754e+01
-6.157134473323822021e-02,-4.090776145458221436e-01,-9.946978569030761719e+00,9.382470011711120605e+01
-6.155222654342651367e-02,-4.090809524059295654e-01,-9.946978569030761719e+00,9.382970213890075684e+01
-6.153145059943199158e-02,-4.090853631496429443e-01,-9.946969985961914062e+00,9.383446717262268066e+01
-6.150945648550987244e-02,-4.090900719165802002e-01,-9.946965217590332031e+00,9.383952307701110840e+01
-6.162858754396438599e-02,-4.090982079505920410e-01,-9.946983337402343750e+00,9.384459114074707031e+01
-6.161192432045936584e-02,-4.091077148914337158e-01,-9.946998596191406250e+00,9.384970116615295410e+01
-6.159384921193122864e-02,-4.091179966926574707e-01,-9.947007179260253906e+00,9.385459113121032715e+01
-6.157473847270011902e-02,-4.091297686100006104e-01,-9.947017669677734375e+00,9.385982012748718262e+01
-6.155602633953094482e-02,-4.091432392597198486e-01,-9.947028160095214844e+00,9.386459112167358398e+01
-6.153584271669387817e-02,-4.091572761535644531e-01,-9.947041511535644531e+00,9.386962604522705078e+01
-6.177812069654464722e-02,-4.090998768806457520e-01,-9.946893692016601562e+00,9.387467312812805176e+01
-6.177516654133796692e-02,-4.091076850891113281e-01,-9.946890830993652344e+00,9.387969708442687988e+01
-6.177072599530220032e-02,-4.091151058673858643e-01,-9.946882247924804688e+00,9.388469099998474121e+01
-6.176578626036643982e-02,-4.091222584247589111e-01,-9.946879386901855469e+00,9.388957905769348145e+01
-6.175941973924636841e-02,-4.091289341449737549e-01,-9.946873664855957031e+00,9.389492821693420410e+01
-6.175136938691139221e-02,-4.091358184814453125e-01,-9.946866035461425781e+00,9.389969921112060547e+01
-6.174218654632568359e-02,-4.091431796550750732e-01,-9.946859359741210938e+00,9.390464401245117188e+01
-6.178364902734756470e-02,-4.091447591781616211e-01,-9.946941375732421875e+00,9.390973520278930664e+01
-6.177157908678054810e-02,-4.091441035270690918e-01,-9.946931838989257812e+00,9.391466712951660156e+01
-6.176028400659561157e-02,-4.091506004333496094e-01,-9.946935653686523438e+00,9.391969919204711914e+01
-6.174766272306442261e-02,-4.091591536998748779e-01,-9.946940422058105469e+00,9.392496609687805176e+01
-6.173401325941085815e-02,-4.091744422912597656e-01,-9.946948051452636719e+00,9.392986822128295898e+01
-6.171871349215507507e-02,-4.091869592666625977e-01,-9.946952819824218750e+00,9.393480300903320312e+01
-6.170203909277915955e-02,-4.091989994049072266e-01,-9.946954727172851562e+00,9.393980908393859863e+01
-6.182331591844558716e-02,-4.091466367244720459e-01,-9.946913719177246094e+00,9.394483518600463867e+01
-6.180619448423385620e-02,-4.091513156890869141e-01,-9.946908950805664062e+00,9.394994306564331055e+01
-6.178880110383033752e-02,-4.091538488864898682e-01,-9.946907043457031250e+00,9.395481705665588379e+01
-6.177035346627235413e-02,-4.091547429561614990e-01,-9.946907997131347656e+00,9.396011304855346680e+01
-6.175015494227409363e-02,-4.091645479202270508e-01,-9.946901321411132812e+00,9.396485614776611328e+01
-6.172833964228630066e-02,-4.091694653034210205e-01,-9.946896553039550781e+00,9.396978306770324707e+01
-6.188188120722770691e-02,-4.091677367687225342e-01,-9.946964263916015625e+00,9.397479915618896484e+01
-6.187202036380767822e-02,-4.091672301292419434e-01,-9.946965217590332031e+00,9.397983598709106445e+01
-6.185971572995185852e-02,-4.091692864894866943e-01,-9.946969985961914062e+00,9.398483610153198242e+01
-6.184660270810127258e-02,-4.091724157333374023e-01,-9.946976661682128906e+00,9.398992919921875000e+01
-6.183296814560890198e-02,-4.091798365116119385e-01,-9.946994781494140625e+00,9.399505305290222168e+01
-6.181792542338371277e-02,-4.091866612434387207e-01,-9.947010040283203125e+00,9.400002598762512207e+01
-6.180206686258316040e-02,-4.091957211494445801e-01,-9.947027206420898438e+00,9.400485920906066895e+01
-6.195006892085075378e-02,-4.091722071170806885e-01,-9.946964263916015625e+00,9.400996112823486328e+01
-6.193717569112777710e-02,-4.091772139072418213e-01,-9.946973800659179688e+00,9.401488804817199707e+01
-6.192265078425407410e-02,-4.091804325580596924e-01,-9.946982383728027344e+00,9.401985216140747070e+01
-6.190447881817817688e-02,-4.091719985008239746e-01,-9.946987152099609375e+00,9.402516698837280273e+01
-6.188646331429481506e-02,-4.091695845127105713e-01,-9.946992874145507812e+00,9.403004002571105957e+01
-6.186788529157638550e-02,-4.091680943965911865e-01,-9.947000503540039062e+00,9.403484916687011719e+01
-6.184877082705497742e-02,-4.091763198375701904e-01,-9.947011947631835938e+00,9.404013204574584961e+01
-6.184170022606849670e-02,-4.091927111148834229e-01,-9.946890830993652344e+00,9.404493808746337891e+01
-6.182023510336875916e-02,-4.091921150684356689e-01,-9.946888923645019531e+00,9.405006313323974609e+01
-6.179711967706680298e-02,-4.091922044754028320e-01,-9.946887969970703125e+00,9.405486416816711426e+01
-6.177369877696037292e-02,-4.092022478580474854e-01,-9.946899414062500000e+00,9.406031298637390137e+01
-6.174862384796142578e-02,-4.092077314853668213e-01,-9.946902275085449219e+00,9.406497621536254883e+01
-6.172211468219757080e-02,-4.092142581939697266e-01,-9.946907997131347656e+00,9.407004213333129883e+01
-6.169375777244567871e-02,-4.092168807983398438e-01,-9.946914672851562500e+00,9.407496714591979980e+01
-6.190293282270431519e-02,-4.092483818531036377e-01,-9.946928024291992188e+00,9.408010411262512207e+01
-6.188332661986351013e-02,-4.092581272125244141e-01,-9.946923255920410156e+00,9.408498907089233398e+01
-6.186279654502868652e-02,-4.092700779438018799e-01,-9.946926116943359375e+00,9.409005403518676758e+01
-6.184082850813865662e-02,-4.092819392681121826e-01,-9.946927070617675781e+00,9.409520912170410156e+01
-6.181760877370834351e-02,-4.092955887317657471e-01,-9.946929931640625000e+00,9.410030007362365723e+01
-6.179293245077133179e-02,-4.093085229396820068e-01,-9.946932792663574219e+00,9.410501098632812500e+01
-6.191362813115119934e-02,-4.092604219913482666e-01,-9.946866989135742188e+00,9.411015605926513672e+01
-6.189423426985740662e-02,-4.092644751071929932e-01,-9.946863174438476562e+00,9.411499714851379395e+01
-6.187641248106956482e-02,-4.092725515365600586e-01,-9.946866989135742188e+00,9.412046408653259277e+01
-6.185606122016906738e-02,-4.092798233032226562e-01,-9.946865081787109375e+00,9.412529301643371582e+01
-6.183478236198425293e-02,-4.092879891395568848e-01,-9.946862220764160156e+00,9.413015818595886230e+01
-6.181254610419273376e-02,-4.092972576618194580e-01,-9.946859359741210938e+00,9.413510918617248535e+01
-6.178699806332588196e-02,-4.093065261840820312e-01,-9.946860313415527344e+00,9.414020919799804688e+01
-6.203933805227279663e-02,-4.092514514923095703e-01,-9.946830749511718750e+00,9.414522504806518555e+01
-6.202642247080802917e-02,-4.092598855495452881e-01,-9.946827888488769531e+00,9.415005922317504883e+01
-6.201246380805969238e-02,-4.092696607112884521e-01,-9.946830749511718750e+00,9.415504121780395508e+01
-6.199726089835166931e-02,-4.092791378498077393e-01,-9.946831703186035156e+00,9.416050410270690918e+01
-6.198086589574813843e-02,-4.092877805233001709e-01,-9.946832656860351562e+00,9.416510319709777832e+01
-6.196291372179985046e-02,-4.092908501625061035e-01,-9.946834564208984375e+00,9.417018008232116699e+01
-6.199242919683456421e-02,-4.093385636806488037e-01,-9.946835517883300781e+00,9.417514300346374512e+01
-6.197730451822280884e-02,-4.093492627143859863e-01,-9.946837425231933594e+00,9.418024706840515137e+01
-6.196339055895805359e-02,-4.093621075153350830e-01,-9.946843147277832031e+00,9.418527913093566895e+01
-6.194699555635452271e-02,-4.093750715255737305e-01,-9.946846961975097656e+00,9.419022512435913086e+01
-6.192968413233757019e-02,-4.093885719776153564e-01,-9.946850776672363281e+00,9.419538807868957520e+01
-6.190956383943557739e-02,-4.093969464302062988e-01,-9.946852684020996094e+00,9.420026803016662598e+01
-6.188887357711791992e-02,-4.094083011150360107e-01,-9.946855545043945312e+00,9.420526003837585449e+01
-6.201313808560371399e-02,-4.093145430088043213e-01,-9.946703910827636719e+00,9.421028709411621094e+01
-6.199184060096740723e-02,-4.093047380447387695e-01,-9.946680068969726562e+00,9.421527814865112305e+01
-6.197205558419227600e-02,-4.092886745929718018e-01,-9.946646690368652344e+00,9.422026610374450684e+01
-6.195015460252761841e-02,-4.092793762683868408e-01,-9.946623802185058594e+00,9.422554206848144531e+01
-6.192749738693237305e-02,-4.092710018157958984e-01,-9.946599960327148438e+00,9.423039102554321289e+01
-6.190489977598190308e-02,-4.092726707458496094e-01,-9.946588516235351562e+00,9.423526000976562500e+01
-6.188100948929786682e-02,-4.092698693275451660e-01,-9.946570396423339844e+00,9.424026203155517578e+01
-6.220256164669990540e-02,-4.092595279216766357e-01,-9.946684837341308594e+00,9.424525499343872070e+01
-6.219245493412017822e-02,-4.092546701431274414e-01,-9.946681022644042969e+00,9.425038909912109375e+01
-6.218263134360313416e-02,-4.092530906200408936e-01,-9.946679115295410156e+00,9.425536608695983887e+01
-6.217136979103088379e-02,-4.092524051666259766e-01,-9.946677207946777344e+00,9.426066207885742188e+01
-6.216079741716384888e-02,-4.092579185962677002e-01,-9.946680068969726562e+00,9.426539707183837891e+01
-6.214834004640579224e-02,-4.092608392238616943e-01,-9.946681022644042969e+00,9.427038908004760742e+01
-6.213937699794769287e-02,-4.093588888645172119e-01,-9.946551322937011719e+00,9.427536511421203613e+01
-6.212738528847694397e-02,-4.093638062477111816e-01,-9.946536064147949219e+00,9.428042602539062500e+01
-6.211484223604202271e-02,-4.093681275844573975e-01,-9.946527481079101562e+00,9.428537416458129883e+01
-6.210147216916084290e-02,-4.093742966651916504e-01,-9.946516036987304688e+00,9.429034614562988281e+01
-6.208584830164909363e-02,-4.093824326992034912e-01,-9.946511268615722656e+00,9.429559516906738281e+01
-6.206919625401496887e-02,-4.093902707099914551e-01,-9.946502685546875000e+00,9.430052208900451660e+01
-6.205115839838981628e-02,-4.093991816043853760e-01,-9.946494102478027344e+00,9.430540704727172852e+01
-6.213606894016265869e-02,-4.094175100326538086e-01,-9.946518898010253906e+00,9.431053614616394043e+01
-6.212139129638671875e-02,-4.094241261482238770e-01,-9.946515083312988281e+00,9.431557011604309082e+01
-6.210558116436004639e-02,-4.094323813915252686e-01,-9.946509361267089844e+00,9.432056808471679688e+01
-6.208853051066398621e-02,-4.094433784484863281e-01,-9.946504592895507812e+00,9.432556915283203125e+01
-6.207210943102836609e-02,-4.094592034816741943e-01,-9.946505546569824219e+00,9.433043718338012695e+01
-6.205376237630844116e-02,-4.094740450382232666e-01,-9.946504592895507812e+00,9.433555316925048828e+01
-6.203458085656166077e-02,-4.094890654087066650e-01,-9.946504592895507812e+00,9.434064316749572754e+01
-6.219916418194770813e-02,-4.093968868255615234e-01,-9.946517944335937500e+00,9.434555912017822266e+01
-6.218353286385536194e-02,-4.093960821628570557e-01,-9.946515083312988281e+00,9.435078001022338867e+01
-6.216742098331451416e-02,-4.093959331512451172e-01,-9.946513175964355469e+00,9.435562014579772949e+01
-6.214917451143264771e-02,-4.094024002552032471e-01,-9.946515083312988281e+00,9.436086416244506836e+01
-6.213017180562019348e-02,-4.094065427780151367e-01,-9.946515083312988281e+00,9.436557817459106445e+01
-6.210991740226745605e-02,-4.094117283821105957e-01,-9.946516990661621094e+00,9.437063407897949219e+01
-6.230903789401054382e-02,-4.094437360763549805e-01,-9.946470260620117188e+00,9.437557101249694824e+01
-6.229496002197265625e-02,-4.094494283199310303e-01,-9.946469306945800781e+00,9.438065505027770996e+01
-6.227971240878105164e-02,-4.094536900520324707e-01,-9.946471214294433594e+00,9.438569211959838867e+01
-6.226311251521110535e-02,-4.094567000865936279e-01,-9.946475982666015625e+00,9.439068818092346191e+01
-6.224732846021652222e-02,-4.094670116901397705e-01,-9.946472167968750000e+00,9.439577913284301758e+01
-6.222941726446151733e-02,-4.094744920730590820e-01,-9.946475028991699219e+00,9.440072417259216309e+01
-6.240129843354225159e-02,-4.094539284706115723e-01,-9.946507453918457031e+00,9.440569210052490234e+01
-6.238806247711181641e-02,-4.094629883766174316e-01,-9.946505546569824219e+00,9.441073322296142578e+01
-6.237519532442092896e-02,-4.094680547714233398e-01,-9.946505546569824219e+00,9.441568422317504883e+01
-6.236036121845245361e-02,-4.094725251197814941e-01,-9.946501731872558594e+00,9.442073822021484375e+01
-6.234342232346534729e-02,-4.094740748405456543e-01,-9.946493148803710938e+00,9.442579603195190430e+01
-6.232511624693870544e-02,-4.094774723052978516e-01,-9.946485519409179688e+00,9.443080711364746094e+01
-6.230539828538894653e-02,-4.094813764095306396e-01,-9.946477890014648438e+00,9.443567299842834473e+01
-6.228620931506156921e-02,-4.094916582107543945e-01,-9.946473121643066406e+00,9.444084811210632324e+01
-6.245626881718635559e-02,-4.094908237457275391e-01,-9.946494102478027344e+00,9.444569516181945801e+01
-6.244182586669921875e-02,-4.094953238964080811e-01,-9.946484565734863281e+00,9.445090103149414062e+01
-6.242416799068450928e-02,-4.094981849193572998e-01,-9.946488380432128906e+00,9.445561003684997559e+01
-6.240610405802726746e-02,-4.095050692558288574e-01,-9.946481704711914062e+00,9.446095919609069824e+01
-6.238698586821556091e-02,-4.095115363597869873e-01,-9.946474075317382812e+00,9.446578407287597656e+01
-6.236671656370162964e-02,-4.095165133476257324e-01,-9.946468353271484375e+00,9.447076606750488281e+01
-6.255401670932769775e-02,-4.094646275043487549e-01,-9.946578025817871094e+00,9.447558808326721191e+01
-6.253731995820999146e-02,-4.094632565975189209e-01,-9.946581840515136719e+00,9.448061513900756836e+01
-6.251900643110275269e-02,-4.094612598419189453e-01,-9.946585655212402344e+00,9.448559617996215820e+01
-6.250224262475967407e-02,-4.094648659229278564e-01,-9.946582794189453125e+00,9.449088120460510254e+01
-6.248290464282035828e-02,-4.094651639461517334e-01,-9.946585655212402344e+00,9.449584507942199707e+01
-6.246287375688552856e-02,-4.094663560390472412e-01,-9.946591377258300781e+00,9.450081014633178711e+01
-6.244079023599624634e-02,-4.094717800617218018e-01,-9.946603775024414062e+00,9.450591206550598145e+01
-6.266774237155914307e-02,-4.094946384429931641e-01,-9.946561813354492188e+00,9.451074910163879395e+01
-6.265135854482650757e-02,-4.094977378845214844e-01,-9.946553230285644531e+00,9.451585721969604492e+01
-6.263384222984313965e-02,-4.095000922679901123e-01,-9.946550369262695312e+00,9.452087712287902832e+01
-6.261502206325531006e-02,-4.095049500465393066e-01,-9.946545600891113281e+00,9.452604413032531738e+01
-6.259495019912719727e-02,-4.095104634761810303e-01,-9.946541786193847656e+00,9.453087520599365234e+01
-6.257350742816925049e-02,-4.095186889171600342e-01,-9.946539878845214844e+00,9.453589820861816406e+01
-6.255050003528594971e-02,-4.095258712768554688e-01,-9.946536064147949219e+00,9.454088807106018066e+01
-6.276480853557586670e-02,-4.095116853713989258e-01,-9.946490287780761719e+00,9.454589200019836426e+01
-6.275761127471923828e-02,-4.095043241977691650e-01,-9.946485519409179688e+00,9.455113816261291504e+01
-6.274730712175369263e-02,-4.095065593719482422e-01,-9.946481704711914062e+00,9.455589509010314941e+01
-6.273517757654190063e-02,-4.095074832439422607e-01,-9.946479797363281250e+00,9.456116700172424316e+01
-6.272190064191818237e-02,-4.095077216625213623e-01,-9.946479797363281250e+00,9.456590104103088379e+01
-6.270471960306167603e-02,-4.095103144645690918e-01,-9.946469306945800781e+00,9.457084608078002930e+01
-6.280580908060073853e-02,-4.095261394977569580e-01,-9.946584701538085938e+00,9.457598900794982910e+01
-6.279316544532775879e-02,-4.095285534858703613e-01,-9.946593284606933594e+00,9.458091902732849121e+01
-6.277859956026077271e-02,-4.095258116722106934e-01,-9.946603775024414062e+00,9.458608603477478027e+01
-6.276275217533111572e-02,-4.095289707183837891e-01,-9.946614265441894531e+00,9.459109902381896973e+01
-6.274560093879699707e-02,-4.095346629619598389e-01,-9.946625709533691406e+00,9.459618210792541504e+01
-6.272693723440170288e-02,-4.095476865768432617e-01,-9.946629524230957031e+00,9.460105109214782715e+01
-6.282892078161239624e-02,-4.095561504364013672e-01,-9.946580886840820312e+00,9.460608601570129395e+01
-6.281520426273345947e-02,-4.095616042613983154e-01,-9.946583747863769531e+00,9.461104702949523926e+01
-6.279911100864410400e-02,-4.095577895641326904e-01,-9.946575164794921875e+00,9.461614012718200684e+01
-6.278213113546371460e-02,-4.095614552497863770e-01,-9.946575164794921875e+00,9.462107300758361816e+01
-6.276348978281021118e-02,-4.095644950866699219e-01,-9.946574211120605469e+00,9.462631702423095703e+01
-6.274399161338806152e-02,-4.095748066902160645e-01,-9.946580886840820312e+00,9.463107800483703613e+01
-6.272265315055847168e-02,-4.095813930034637451e-01,-9.946582794189453125e+00,9.463613510131835938e+01
-6.269987672567367554e-02,-4.095884561538696289e-01,-9.946584701538085938e+00,9.464107298851013184e+01
-6.283367425203323364e-02,-4.095728099346160889e-01,-9.946623802185058594e+00,9.464607715606689453e+01
-6.282074749469757080e-02,-4.095687568187713623e-01,-9.946625709533691406e+00,9.465119218826293945e+01
-6.280662119388580322e-02,-4.095706343650817871e-01,-9.946627616882324219e+00,9.465617704391479492e+01
-6.279105693101882935e-02,-4.095740914344787598e-01,-9.946629524230957031e+00,9.466121006011962891e+01
-6.277590990066528320e-02,-4.095846414566040039e-01,-9.946628570556640625e+00,9.466630005836486816e+01
-6.275875121355056763e-02,-4.095924198627471924e-01,-9.946627616882324219e+00,9.467120504379272461e+01
-6.290761381387710571e-02,-4.095837771892547607e-01,-9.946589469909667969e+00,9.467679715156555176e+01
-6.289321184158325195e-02,-4.095829129219055176e-01,-9.946584701538085938e+00,9.468120503425598145e+01
-6.287918984889984131e-02,-4.095838665962219238e-01,-9.946583747863769531e+00,9.468625307083129883e+01
-6.286384910345077515e-02,-4.095863699913024902e-01,-9.946583747863769531e+00,9.469130802154541016e+01
-6.284718215465545654e-02,-4.095936715602874756e-01,-9.946582794189453125e+00,9.469675707817077637e+01
-6.282897293567657471e-02,-4.095996022224426270e-01,-9.946581840515136719e+00,9.470120215415954590e+01
-6.299730390310287476e-02,-4.095906317234039307e-01,-9.946552276611328125e+00,9.470631599426269531e+01
-6.298535317182540894e-02,-4.095958769321441650e-01,-9.946552276611328125e+00,9.471120715141296387e+01
-6.297098100185394287e-02,-4.095999002456665039e-01,-9.946550369262695312e+00,9.471652412414550781e+01
-6.295578181743621826e-02,-4.096040129661560059e-01,-9.946550369262695312e+00,9.472132205963134766e+01
-6.293950974941253662e-02,-4.096092879772186279e-01,-9.946551322937011719e+00,9.472655200958251953e+01
-6.291910260915756226e-02,-4.096147119998931885e-01,-9.946543693542480469e+00,9.473132419586181641e+01
-6.289879232645034790e-02,-4.096228778362274170e-01,-9.946539878845214844e+00,9.473672413825988770e+01
-6.303812563419342041e-02,-4.096129238605499268e-01,-9.946644783020019531e+00,9.474134302139282227e+01
-6.302360445261001587e-02,-4.096247851848602295e-01,-9.946651458740234375e+00,9.474669504165649414e+01
-6.300710886716842651e-02,-4.096333682537078857e-01,-9.946657180786132812e+00,9.475117301940917969e+01
-6.298875063657760620e-02,-4.096437394618988037e-01,-9.946661949157714844e+00,9.475664710998535156e+01
-6.296869367361068726e-02,-4.096553325653076172e-01,-9.946661949157714844e+00,9.476144814491271973e+01
-6.294771283864974976e-02,-4.096681773662567139e-01,-9.946663856506347656e+00,9.476669621467590332e+01
-6.292576342821121216e-02,-4.096833765506744385e-01,-9.946665763854980469e+00,9.477133107185363770e+01
-6.313108652830123901e-02,-4.096170663833618164e-01,-9.946613311767578125e+00,9.477683520317077637e+01
-6.311376392841339111e-02,-4.096201360225677490e-01,-9.946608543395996094e+00,9.478135108947753906e+01
-6.309500336647033691e-02,-4.096237123012542725e-01,-9.946601867675781250e+00,9.478686809539794922e+01
-6.307453662157058716e-02,-4.096183180809020996e-01,-9.946597099304199219e+00,9.479147815704345703e+01
-6.305272877216339111e-02,-4.096194505691528320e-01,-9.946592330932617188e+00,9.479702115058898926e+01
-6.302963942289352417e-02,-4.096211791038513184e-01,-9.946589469909667969e+00,9.480152606964111328e+01
-6.300587952136993408e-02,-4.096351563930511475e-01,-9.946595191955566406e+00,9.480709218978881836e+01
-6.308233737945556641e-02,-4.096430242061614990e-01,-9.946580886840820312e+00,9.481135416030883789e+01
-6.306290626525878906e-02,-4.096430838108062744e-01,-9.946578025817871094e+00,9.481674504280090332e+01
-6.304199248552322388e-02,-4.096424877643585205e-01,-9.946574211120605469e+00,9.482141017913818359e+01
-6.302198022603988647e-02,-4.096664190292358398e-01,-9.946600914001464844e+00,9.482695698738098145e+01
-6.299887597560882568e-02,-4.096696078777313232e-01,-9.946603775024414062e+00,9.483146810531616211e+01
-6.297458708286285400e-02,-4.096741676330566406e-01,-9.946606636047363281e+00,9.483669900894165039e+01
-6.294829398393630981e-02,-4.096760451793670654e-01,-9.946599006652832031e+00,9.484137201309204102e+01
-6.323188543319702148e-02,-4.096243083477020264e-01,-9.946473121643066406e+00,9.484653401374816895e+01
-6.321810185909271240e-02,-4.096332192420959473e-01,-9.946468353271484375e+00,9.485152721405029297e+01
-6.320618838071823120e-02,-4.096515476703643799e-01,-9.946467399597167969e+00,9.485676121711730957e+01
-6.319155544042587280e-02,-4.096633493900299072e-01,-9.946465492248535156e+00,9.486167407035827637e+01
-6.317595392465591431e-02,-4.096747040748596191e-01,-9.946463584899902344e+00,9.486711502075195312e+01
-6.315883249044418335e-02,-4.096776247024536133e-01,-9.946457862854003906e+00,9.487144613265991211e+01
-6.335198134183883667e-02,-4.096793830394744873e-01,-9.946476936340332031e+00,9.487718105316162109e+01
-6.334214657545089722e-02,-4.096921384334564209e-01,-9.946473121643066406e+00,9.488159012794494629e+01
-6.332851946353912354e-02,-4.097022414207458496e-01,-9.946467399597167969e+00,9.488706016540527344e+01
-6.331468373537063599e-02,-4.097157418727874756e-01,-9.946457862854003906e+00,9.489171814918518066e+01
-6.329932808876037598e-02,-4.097295403480529785e-01,-9.946443557739257812e+00,9.489688920974731445e+01
-6.328253448009490967e-02,-4.097433090209960938e-01,-9.946427345275878906e+00,9.490164303779602051e+01
-6.326245516538619995e-02,-4.097612798213958740e-01,-9.946422576904296875e+00,9.490713620185852051e+01
-6.332729756832122803e-02,-4.096822738647460938e-01,-9.946506500244140625e+00,9.491145920753479004e+01
-6.330425292253494263e-02,-4.096911549568176270e-01,-9.946505546569824219e+00,9.491715502738952637e+01
-6.328579038381576538e-02,-4.097055494785308838e-01,-9.946505546569824219e+00,9.492162919044494629e+01
-6.326293200254440308e-02,-4.097156524658203125e-01,-9.946505546569824219e+00,9.492681002616882324e+01
-6.323913484811782837e-02,-4.097248017787933350e-01,-9.946504592895507812e+00,9.493162918090820312e+01
-6.321421265602111816e-02,-4.097279310226440430e-01,-9.946501731872558594e+00,9.493708014488220215e+01
-6.344784796237945557e-02,-4.097099900245666504e-01,-9.946623802185058594e+00,9.494170403480529785e+01
-6.343575567007064819e-02,-4.097217023372650146e-01,-9.946629524230957031e+00,9.494694399833679199e+01
-6.342185288667678833e-02,-4.097279012203216553e-01,-9.946620941162109375e+00,9.495168519020080566e+01
-6.340741366147994995e-02,-4.097370207309722900e-01,-9.946621894836425781e+00,9.495679402351379395e+01
-6.339199841022491455e-02,-4.097454249858856201e-01,-9.946621894836425781e+00,9.496174502372741699e+01
-6.337486952543258667e-02,-4.097539782524108887e-01,-9.946636199951171875e+00,9.496683621406555176e+01
-6.335689872503280640e-02,-4.097627103328704834e-01,-9.946643829345703125e+00,9.497168016433715820e+01
-6.353265792131423950e-02,-4.097230732440948486e-01,-9.946611404418945312e+00,9.497681021690368652e+01
-6.352222710847854614e-02,-4.097350537776947021e-01,-9.946628570556640625e+00,9.498167610168457031e+01
-6.351350992918014526e-02,-4.097512662410736084e-01,-9.946632385253906250e+00,9.498694300651550293e+01
-6.350214779376983643e-02,-4.097652733325958252e-01,-9.946646690368652344e+00,9.499203610420227051e+01
-6.348966807126998901e-02,-4.097806215286254883e-01,-9.946666717529296875e+00,9.499704408645629883e+01
-6.347464770078659058e-02,-4.097958505153656006e-01,-9.946694374084472656e+00,9.500180816650390625e+01
-6.345884501934051514e-02,-4.098125994205474854e-01,-9.946720123291015625e+00,9.500690507888793945e+01
-6.355871260166168213e-02,-4.097418487071990967e-01,-9.946401596069335938e+00,9.501175308227539062e+01
-6.354746967554092407e-02,-4.097443521022796631e-01,-9.946382522583007812e+00,9.501678800582885742e+01
-6.353420764207839966e-02,-4.097494482994079590e-01,-9.946364402770996094e+00,9.502175807952880859e+01
-6.351962685585021973e-02,-4.097574651241302490e-01,-9.946347236633300781e+00,9.502702999114990234e+01
-6.350442767143249512e-02,-4.097708165645599365e-01,-9.946333885192871094e+00,9.503183603286743164e+01
-6.348810344934463501e-02,-4.097834825515747070e-01,-9.946318626403808594e+00,9.503693318367004395e+01
-6.356002390384674072e-02,-4.097668230533599854e-01,-9.946422576904296875e+00,9.504168200492858887e+01
-6.354781240224838257e-02,-4.097713530063629150e-01,-9.946417808532714844e+00,9.504689311981201172e+01
-6.353344023227691650e-02,-4.097740352153778076e-01,-9.946414947509765625e+00,9.505179905891418457e+01
-6.351796537637710571e-02,-4.097763597965240479e-01,-9.946408271789550781e+00,9.505689001083374023e+01
-6.349971145391464233e-02,-4.097792208194732666e-01,-9.946400642395019531e+00,9.506214308738708496e+01
-6.348068267107009888e-02,-4.097830951213836670e-01,-9.946393966674804688e+00,9.506702613830566406e+01
-6.346026808023452759e-02,-4.097870588302612305e-01,-9.946385383605957031e+00,9.507191109657287598e+01
-6.356865912675857544e-02,-4.098168313503265381e-01,-9.946349143981933594e+00,9.507699704170227051e+01
-6.355576962232589722e-02,-4.098096489906311035e-01,-9.946345329284667969e+00,9.508190011978149414e+01
-6.354129314422607422e-02,-4.098114073276519775e-01,-9.946339607238769531e+00,9.508701205253601074e+01
-6.352488696575164795e-02,-4.098128080368041992e-01,-9.946333885192871094e+00,9.509208416938781738e+01
-6.350699812173843384e-02,-4.098156392574310303e-01,-9.946331024169921875e+00,9.509718918800354004e+01
-6.348776817321777344e-02,-4.098178744316101074e-01,-9.946327209472656250e+00,9.510197806358337402e+01
-6.346724927425384521e-02,-4.098202288150787354e-01,-9.946325302124023438e+00,9.510713720321655273e+01
-6.362389028072357178e-02,-4.098417162895202637e-01,-9.946380615234375000e+00,9.511201310157775879e+01
-6.360896676778793335e-02,-4.098524153232574463e-01,-9.946374893188476562e+00,9.511713004112243652e+01
-6.359313428401947021e-02,-4.098652601242065430e-01,-9.946367263793945312e+00,9.512204098701477051e+01
-6.357426196336746216e-02,-4.098780453205108643e-01,-9.946355819702148438e+00,9.512722420692443848e+01
-6.355453282594680786e-02,-4.098919332027435303e-01,-9.946345329284667969e+00,9.513200116157531738e+01
-6.353328377008438110e-02,-4.099072813987731934e-01,-9.946333885192871094e+00,9.513717103004455566e+01
-6.368576735258102417e-02,-4.098347425460815430e-01,-9.946346282958984375e+00,9.514204621315002441e+01
-6.367252022027969360e-02,-4.098390936851501465e-01,-9.946339607238769531e+00,9.514719915390014648e+01
-6.365938484668731689e-02,-4.098463058471679688e-01,-9.946334838867187500e+00,9.515210700035095215e+01
-6.364609301090240479e-02,-4.098568856716156006e-01,-9.946331977844238281e+00,9.515717315673828125e+01
-6.363151222467422485e-02,-4.098615646362304688e-01,-9.946322441101074219e+00,9.516215705871582031e+01
-6.361600011587142944e-02,-4.098701775074005127e-01,-9.946310997009277344e+00,9.516710305213928223e+01
-6.359930336475372314e-02,-4.098784923553466797e-01,-9.946293830871582031e+00,9.517216801643371582e+01
-6.372994184494018555e-02,-4.099247157573699951e-01,-9.946396827697753906e+00,9.517717599868774414e+01
-6.371978670358657837e-02,-4.099346101284027100e-01,-9.946406364440917969e+00,9.518203520774841309e+01
-6.370835751295089722e-02,-4.099446535110473633e-01,-9.946417808532714844e+00,9.518713521957397461e+01
-6.369820982217788696e-02,-4.099490344524383545e-01,-9.946432113647460938e+00,9.519225907325744629e+01
-6.368571519851684570e-02,-4.099595844745635986e-01,-9.946444511413574219e+00,9.519722700119018555e+01
-6.367241591215133667e-02,-4.099724590778350830e-01,-9.946457862854003906e+00,9.520212101936340332e+01
-6.365823745727539062e-02,-4.099949002265930176e-01,-9.946465492248535156e+00,9.520718717575073242e+01
-6.378096342086791992e-02,-4.099547266960144043e-01,-9.946316719055175781e+00,9.521215319633483887e+01
-6.377039849758148193e-02,-4.099615514278411865e-01,-9.946314811706542969e+00,9.521718716621398926e+01
-6.375896185636520386e-02,-4.099655151367187500e-01,-9.946317672729492188e+00,9.522212505340576172e+01
-6.374663859605789185e-02,-4.099729061126708984e-01,-9.946319580078125000e+00,9.522745108604431152e+01
-6.373329460620880127e-02,-4.099802672863006592e-01,-9.946322441101074219e+00,9.523216700553894043e+01
-6.371870636940002441e-02,-4.099852740764617920e-01,-9.946326255798339844e+00,9.523732018470764160e+01
-6.386855244636535645e-02,-4.098970293998718262e-01,-9.946273803710937500e+00,9.524223899841308594e+01
-6.385423988103866577e-02,-4.098937809467315674e-01,-9.946269035339355469e+00,9.524717211723327637e+01
-6.383886188268661499e-02,-4.098892211914062500e-01,-9.946266174316406250e+00,9.525223016738891602e+01
-6.382270902395248413e-02,-4.098867475986480713e-01,-9.946271896362304688e+00,9.525726413726806641e+01
-6.380482763051986694e-02,-4.098846912384033203e-01,-9.946270942687988281e+00,9.526231002807617188e+01
-6.378552317619323730e-02,-4.098839759826660156e-01,-9.946269035339355469e+00,9.526739215850830078e+01
-6.376461684703826904e-02,-4.098894894123077393e-01,-9.946256637573242188e+00,9.527233815193176270e+01
-6.382349878549575806e-02,-4.099873900413513184e-01,-9.946191787719726562e+00,9.527735209465026855e+01
-6.380832195281982422e-02,-4.099883139133453369e-01,-9.946189880371093750e+00,9.528230500221252441e+01
-6.379427015781402588e-02,-4.099915623664855957e-01,-9.946186065673828125e+00,9.528741621971130371e+01
-6.377784162759780884e-02,-4.099957942962646484e-01,-9.946182250976562500e+00,9.529246711730957031e+01
-6.376069039106369019e-02,-4.100002348423004150e-01,-9.946177482604980469e+00,9.529741406440734863e+01
-6.374093145132064819e-02,-4.100034236907958984e-01,-9.946171760559082031e+00,9.530218720436096191e+01
-6.372056156396865845e-02,-4.100075662136077881e-01,-9.946166038513183594e+00,9.530749511718750000e+01
-6.385528296232223511e-02,-4.099924266338348389e-01,-9.946170806884765625e+00,9.531235003471374512e+01
-6.383862346410751343e-02,-4.099944531917572021e-01,-9.946165084838867188e+00,9.531757616996765137e+01
-6.382095068693161011e-02,-4.099944829940795898e-01,-9.946162223815917969e+00,9.532262420654296875e+01
-6.380210816860198975e-02,-4.099943935871124268e-01,-9.946161270141601562e+00,9.532758712768554688e+01
-6.378181278705596924e-02,-4.099944531917572021e-01,-9.946159362792968750e+00,9.533248114585876465e+01
-6.376013904809951782e-02,-4.099977314472198486e-01,-9.946155548095703125e+00,9.533749699592590332e+01
-6.385307013988494873e-02,-4.100661873817443848e-01,-9.946146011352539062e+00,9.534243512153625488e+01
-6.383884698152542114e-02,-4.100698828697204590e-01,-9.946145057678222656e+00,9.534743618965148926e+01
-6.382601708173751831e-02,-4.100660681724548340e-01,-9.946140289306640625e+00,9.535247015953063965e+01
-6.381064653396606445e-02,-4.100694060325622559e-01,-9.946135520935058594e+00,9.535742115974426270e+01
-6.379378587007522583e-02,-4.100731313228607178e-01,-9.946128845214843750e+00,9.536253714561462402e+01
-6.377387791872024536e-02,-4.100782573223114014e-01,-9.946121215820312500e+00,9.536744117736816406e+01
-6.375316530466079712e-02,-4.100834727287292480e-01,-9.946112632751464844e+00,9.537247204780578613e+01
-6.387933343648910522e-02,-4.101118743419647217e-01,-9.946150779724121094e+00,9.537747907638549805e+01
-6.386567652225494385e-02,-4.101205766201019287e-01,-9.946147918701171875e+00,9.538249611854553223e+01
-6.384987384080886841e-02,-4.101272523403167725e-01,-9.946150779724121094e+00,9.538757014274597168e+01
-6.383276730775833130e-02,-4.101322889328002930e-01,-9.946152687072753906e+00,9.539263916015625000e+01
-6.381268799304962158e-02,-4.101302623748779297e-01,-9.946157455444335938e+00,9.539760708808898926e+01
-6.379193067550659180e-02,-4.101317226886749268e-01,-9.946159362792968750e+00,9.540255308151245117e+01
-6.391635537147521973e-02,-4.100604951381683350e-01,-9.946122169494628906e+00,9.540757918357849121e+01
-6.389777362346649170e-02,-4.100524485111236572e-01,-9.946120262145996094e+00,9.541257405281066895e+01
-6.387744843959808350e-02,-4.100399613380432129e-01,-9.946105003356933594e+00,9.541759920120239258e+01
-6.385595351457595825e-02,-4.100330471992492676e-01,-9.946097373962402344e+00,9.542248320579528809e+01
-6.383269280195236206e-02,-4.100283086299896240e-01,-9.946087837219238281e+00,9.542768621444702148e+01
-6.381004303693771362e-02,-4.100357592105865479e-01,-9.946080207824707031e+00,9.543255710601806641e+01
-6.378600001335144043e-02,-4.100379347801208496e-01,-9.946069717407226562e+00,9.543752598762512207e+01
-6.390084326267242432e-02,-4.100466072559356689e-01,-9.946125030517578125e+00,9.544254302978515625e+01
-6.388489156961441040e-02,-4.100461602210998535e-01,-9.946116447448730469e+00,9.544756317138671875e+01
-6.386943161487579346e-02,-4.100414216518402100e-01,-9.946112632751464844e+00,9.545262908935546875e+01
-6.385232508182525635e-02,-4.100355803966522217e-01,-9.946105957031250000e+00,9.545754909515380859e+01
-6.383515894412994385e-02,-4.100314974784851074e-01,-9.946094512939453125e+00,9.546264815330505371e+01
-6.381621211767196655e-02,-4.100271761417388916e-01,-9.946084022521972656e+00,9.546755099296569824e+01
-6.379622220993041992e-02,-4.100224971771240234e-01,-9.946074485778808594e+00,9.547264504432678223e+01
-6.394365429878234863e-02,-4.101178348064422607e-01,-9.946093559265136719e+00,9.547766613960266113e+01
-6.392793357372283936e-02,-4.101263582706451416e-01,-9.946083068847656250e+00,9.548258113861083984e+01
-6.391105055809020996e-02,-4.101383388042449951e-01,-9.946074485778808594e+00,9.548765611648559570e+01
-6.389353424310684204e-02,-4.101514518260955811e-01,-9.946065902709960938e+00,9.549280810356140137e+01
-6.387492269277572632e-02,-4.101556241512298584e-01,-9.946054458618164062e+00,9.549783420562744141e+01
-6.385529041290283203e-02,-4.101628661155700684e-01,-9.946040153503417969e+00,9.550267910957336426e+01
-6.393615156412124634e-02,-4.101279973983764648e-01,-9.946075439453125000e+00,9.550770306587219238e+01
-6.392116099596023560e-02,-4.101328849792480469e-01,-9.946059226989746094e+00,9.551259803771972656e+01
-6.390357762575149536e-02,-4.101398587226867676e-01,-9.946046829223632812e+00,9.551794409751892090e+01
-6.388533860445022583e-02,-4.101469516754150391e-01,-9.946034431457519531e+00,9.552267122268676758e+01
-6.386492401361465454e-02,-4.101555943489074707e-01,-9.946025848388671875e+00,9.552800917625427246e+01
-6.384348124265670776e-02,-4.101640582084655762e-01,-9.946013450622558594e+00,9.553280615806579590e+01
-6.382038444280624390e-02,-4.101733863353729248e-01,-9.945997238159179688e+00,9.553768301010131836e+01
-6.402011215686798096e-02,-4.101684689521789551e-01,-9.945988655090332031e+00,9.554280614852905273e+01
-6.400623172521591187e-02,-4.101715385913848877e-01,-9.945981025695800781e+00,9.554778599739074707e+01
-6.399124115705490112e-02,-4.101749062538146973e-01,-9.945971488952636719e+00,9.555280518531799316e+01
-6.398212909698486328e-02,-4.101789891719818115e-01,-9.945974349975585938e+00,9.555770707130432129e+01
-6.396780163049697876e-02,-4.101829528808593750e-01,-9.945967674255371094e+00,9.556293201446533203e+01
-6.395278126001358032e-02,-4.101869165897369385e-01,-9.945963859558105469e+00,9.556773018836975098e+01
-6.393522769212722778e-02,-4.101917445659637451e-01,-9.945963859558105469e+00,9.557290005683898926e+01
-6.399682164192199707e-02,-4.101788699626922607e-01,-9.946004867553710938e+00,9.557796120643615723e+01
-6.398381292819976807e-02,-4.101877808570861816e-01,-9.946000099182128906e+00,9.558272910118103027e+01
-6.396953761577606201e-02,-4.101980030536651611e-01,-9.945998191833496094e+00,9.558780717849731445e+01
-6.395744532346725464e-02,-4.102091491222381592e-01,-9.946002006530761719e+00,9.559303522109985352e+01
-6.394251435995101929e-02,-4.102200269699096680e-01,-9.946003913879394531e+00,9.559788918495178223e+01
-6.392671167850494385e-02,-4.102307558059692383e-01,-9.946008682250976562e+00,9.560292911529541016e+01
-6.390795856714248657e-02,-4.102370440959930420e-01,-9.946012496948242188e+00,9.560790801048278809e+01
-6.407553702592849731e-02,-4.101762771606445312e-01,-9.945965766906738281e+00,9.561294913291931152e+01
-6.406012177467346191e-02,-4.101815521717071533e-01,-9.945954322814941406e+00,9.561795520782470703e+01
-6.404628604650497437e-02,-4.101893007755279541e-01,-9.945942878723144531e+00,9.562287306785583496e+01
-6.403008848428726196e-02,-4.101970195770263672e-01,-9.945932388305664062e+00,9.562811303138732910e+01
-6.401291489601135254e-02,-4.102052152156829834e-01,-9.945920944213867188e+00,9.563294100761413574e+01
-6.399472057819366455e-02,-4.102118015289306641e-01,-9.945908546447753906e+00,9.563786506652832031e+01
-6.413973122835159302e-02,-4.102305769920349121e-01,-9.945964813232421875e+00,9.564290308952331543e+01
-6.412781029939651489e-02,-4.102356135845184326e-01,-9.945958137512207031e+00,9.564789199829101562e+01
-6.411510705947875977e-02,-4.102467894554138184e-01,-9.945950508117675781e+00,9.565294313430786133e+01
-6.410173326730728149e-02,-4.102551639080047607e-01,-9.945941925048828125e+00,9.565829515457153320e+01
-6.408787518739700317e-02,-4.102649688720703125e-01,-9.945936203002929688e+00,9.566304707527160645e+01
-6.407340615987777710e-02,-4.102761149406433105e-01,-9.945933341979980469e+00,9.566812300682067871e+01
-6.405499577522277832e-02,-4.102871417999267578e-01,-9.945918083190917969e+00,9.567300915718078613e+01
-6.421333551406860352e-02,-4.102384746074676514e-01,-9.945999145507812500e+00,9.567807102203369141e+01
-6.420226395130157471e-02,-4.102505445480346680e-01,-9.946008682250976562e+00,9.568297004699707031e+01
-6.419310718774795532e-02,-4.102714061737060547e-01,-9.946014404296875000e+00,9.568837499618530273e+01
-6.418081372976303101e-02,-4.102869629859924316e-01,-9.946020126342773438e+00,9.569331002235412598e+01
-6.416728347539901733e-02,-4.103031456470489502e-01,-9.946023941040039062e+00,9.569804215431213379e+01
-6.415197998285293579e-02,-4.103122353553771973e-01,-9.946018218994140625e+00,9.570294117927551270e+01
-6.423053890466690063e-02,-4.102876186370849609e-01,-9.946023941040039062e+00,9.570814609527587891e+01
-6.422061473131179810e-02,-4.102953672409057617e-01,-9.946027755737304688e+00,9.571307516098022461e+01
-6.421015411615371704e-02,-4.103063941001892090e-01,-9.946034431457519531e+00,9.571797609329223633e+01
-6.419866532087326050e-02,-4.103145301342010498e-01,-9.946037292480468750e+00,9.572313904762268066e+01
-6.418627500534057617e-02,-4.103201627731323242e-01,-9.946039199829101562e+00,9.572860407829284668e+01
-6.417067348957061768e-02,-4.103163182735443115e-01,-9.946036338806152344e+00,9.573308420181274414e+01
-6.415465474128723145e-02,-4.103171825408935547e-01,-9.946036338806152344e+00,9.573820900917053223e+01
-6.413722783327102661e-02,-4.103187322616577148e-01,-9.946035385131835938e+00,9.574319505691528320e+01
-6.425836682319641113e-02,-4.102508723735809326e-01,-9.945936203002929688e+00,9.574820804595947266e+01
-6.424020975828170776e-02,-4.102377593517303467e-01,-9.945936203002929688e+00,9.575319910049438477e+01
-6.422115117311477661e-02,-4.102305769920349121e-01,-9.945936203002929688e+00,9.575859308242797852e+01
-6.420093029737472534e-02,-4.102239608764648438e-01,-9.945938110351562500e+00,9.576315522193908691e+01
-6.418130546808242798e-02,-4.102252423763275146e-01,-9.945935249328613281e+00,9.576845502853393555e+01
-6.416023522615432739e-02,-4.102236330509185791e-01,-9.945935249328613281e+00,9.577315902709960938e+01
-6.436298787593841553e-02,-4.102741777896881104e-01,-9.945961952209472656e+00,9.577821207046508789e+01
-6.435234099626541138e-02,-4.102823734283447266e-01,-9.945966720581054688e+00,9.578326320648193359e+01
-6.434035301208496094e-02,-4.102864265441894531e-01,-9.945966720581054688e+00,9.578828620910644531e+01
-6.432755291461944580e-02,-4.102899134159088135e-01,-9.945967674255371094e+00,9.579337906837463379e+01
-6.431188434362411499e-02,-4.102892875671386719e-01,-9.945963859558105469e+00,9.579827618598937988e+01
-6.429591774940490723e-02,-4.102909862995147705e-01,-9.945962905883789062e+00,9.580326199531555176e+01
-6.442684680223464966e-02,-4.103055298328399658e-01,-9.945943832397460938e+00,9.580862116813659668e+01
-6.441262364387512207e-02,-4.103097617626190186e-01,-9.945940971374511719e+00,9.581327700614929199e+01
-6.439705938100814819e-02,-4.103159010410308838e-01,-9.945935249328613281e+00,9.581855201721191406e+01
-6.438006460666656494e-02,-4.103229045867919922e-01,-9.945928573608398438e+00,9.582326912879943848e+01
-6.436152756214141846e-02,-4.103317856788635254e-01,-9.945920944213867188e+00,9.582855510711669922e+01
-6.434163451194763184e-02,-4.103408455848693848e-01,-9.945915222167968750e+00,9.583324718475341797e+01
-6.432045251131057739e-02,-4.103511571884155273e-01,-9.945909500122070312e+00,9.583825016021728516e+01
-6.443885713815689087e-02,-4.103806912899017334e-01,-9.945948600769042969e+00,9.584324717521667480e+01
-6.442743539810180664e-02,-4.103860855102539062e-01,-9.945968627929687500e+00,9.584831309318542480e+01
-6.441317498683929443e-02,-4.103927314281463623e-01,-9.945978164672851562e+00,9.585338211059570312e+01
-6.439828872680664062e-02,-4.104018211364746094e-01,-9.945986747741699219e+00,9.585875320434570312e+01
-6.438221782445907593e-02,-4.104175567626953125e-01,-9.945984840393066406e+00,9.586350321769714355e+01
-6.436526030302047729e-02,-4.104317426681518555e-01,-9.945987701416015625e+00,9.586846518516540527e+01
-6.434721499681472778e-02,-4.104470610618591309e-01,-9.945991516113281250e+00,9.587338209152221680e+01
-6.451442092657089233e-02,-4.103835225105285645e-01,-9.946038246154785156e+00,9.587855505943298340e+01
-6.450099498033523560e-02,-4.103888273239135742e-01,-9.946044921875000000e+00,9.588347315788269043e+01
-6.448654085397720337e-02,-4.103963375091552734e-01,-9.946051597595214844e+00,9.588845920562744141e+01
-6.447072327136993408e-02,-4.104073941707611084e-01,-9.946051597595214844e+00,9.589366102218627930e+01
-6.445400416851043701e-02,-4.104174077510833740e-01,-9.946053504943847656e+00,9.589840221405029297e+01
-6.443646550178527832e-02,-4.104262590408325195e-01,-9.946056365966796875e+00,9.590338516235351562e+01
-6.461925804615020752e-02,-4.104096293449401855e-01,-9.945975303649902344e+00,9.590841603279113770e+01
-6.460610777139663696e-02,-4.104137420654296875e-01,-9.945966720581054688e+00,9.591342401504516602e+01
-6.459242105484008789e-02,-4.104139506816864014e-01,-9.945959091186523438e+00,9.591851615905761719e+01
-6.457731127738952637e-02,-4.104132950305938721e-01,-9.945954322814941406e+00,9.592354822158813477e+01
-6.456311792135238647e-02,-4.104213416576385498e-01,-9.945946693420410156e+00,9.592862820625305176e+01
-6.454680860042572021e-02,-4.104265868663787842e-01,-9.945942878723144531e+00,9.593334603309631348e+01
-6.452967226505279541e-02,-4.104315638542175293e-01,-9.945938110351562500e+00,9.593856000900268555e+01
-6.467216461896896362e-02,-4.104419052600860596e-01,-9.945913314819335938e+00,9.594355916976928711e+01
-6.466309726238250732e-02,-4.104522764682769775e-01,-9.945906639099121094e+00,9.594857001304626465e+01
-6.465351581573486328e-02,-4.104641377925872803e-01,-9.945899963378906250e+00,9.595357608795166016e+01
-6.463537365198135376e-02,-4.104517400264739990e-01,-9.945888519287109375e+00,9.595860099792480469e+01
-6.462135165929794312e-02,-4.104626178741455078e-01,-9.945886611938476562e+00,9.596352505683898926e+01
-6.460563093423843384e-02,-4.104729294776916504e-01,-9.945882797241210938e+00,9.596869301795959473e+01
-6.458844989538192749e-02,-4.104871749877929688e-01,-9.945877075195312500e+00,9.597359800338745117e+01
-6.470813602209091187e-02,-4.104389250278472900e-01,-9.945969581604003906e+00,9.597854113578796387e+01
-6.469123065471649170e-02,-4.104423522949218750e-01,-9.945965766906738281e+00,9.598358416557312012e+01
-6.467343866825103760e-02,-4.104530215263366699e-01,-9.945972442626953125e+00,9.598857712745666504e+01
-6.465338915586471558e-02,-4.104608297348022461e-01,-9.945969581604003906e+00,9.599376702308654785e+01
-6.463161110877990723e-02,-4.104712009429931641e-01,-9.945963859558105469e+00,9.599852418899536133e+01
-6.460846960544586182e-02,-4.104838371276855469e-01,-9.945958137512207031e+00,9.600367808341979980e+01
-6.484717130661010742e-02,-4.104356169700622559e-01,-9.945948600769042969e+00,9.600898504257202148e+01
-6.483281403779983521e-02,-4.104399085044860840e-01,-9.945946693420410156e+00,9.601368999481201172e+01
-6.481768935918807983e-02,-4.104452729225158691e-01,-9.945945739746093750e+00,9.601870608329772949e+01
-6.479871273040771484e-02,-4.104542434215545654e-01,-9.945942878723144531e+00,9.602369618415832520e+01
-6.478028744459152222e-02,-4.104621112346649170e-01,-9.945939064025878906e+00,9.602883815765380859e+01
-6.476049125194549561e-02,-4.104710817337036133e-01,-9.945935249328613281e+00,9.603368306159973145e+01
-6.473926454782485962e-02,-4.104798436164855957e-01,-9.945931434631347656e+00,9.603865313529968262e+01
-6.490773707628250122e-02,-4.104536473751068115e-01,-9.945959091186523438e+00,9.604368519783020020e+01
-6.489142775535583496e-02,-4.104584157466888428e-01,-9.945954322814941406e+00,9.604872012138366699e+01
-6.487305462360382080e-02,-4.104597270488739014e-01,-9.945940017700195312e+00,9.605365610122680664e+01
-6.485369801521301270e-02,-4.104651510715484619e-01,-9.945933341979980469e+00,9.605895018577575684e+01
-6.483300030231475830e-02,-4.104728400707244873e-01,-9.945925712585449219e+00,9.606378507614135742e+01
-6.481335312128067017e-02,-4.104878604412078857e-01,-9.945926666259765625e+00,9.606869101524353027e+01
-6.479185074567794800e-02,-4.105008244514465332e-01,-9.945922851562500000e+00,9.607379817962646484e+01
-6.498170644044876099e-02,-4.105043113231658936e-01,-9.945909500122070312e+00,9.607902121543884277e+01
-6.497241556644439697e-02,-4.105088710784912109e-01,-9.945909500122070312e+00,9.608403611183166504e+01
-6.496182829141616821e-02,-4.105131030082702637e-01,-9.945904731750488281e+00,9.608875608444213867e+01
-6.495033204555511475e-02,-4.105180799961090088e-01,-9.945897102355957031e+00,9.609407901763916016e+01
-6.493803858757019043e-02,-4.105242788791656494e-01,-9.945886611938476562e+00,9.609880614280700684e+01
-6.492539495229721069e-02,-4.105282425880432129e-01,-9.945886611938476562e+00,9.610386204719543457e+01
-6.499323248863220215e-02,-4.105193912982940674e-01,-9.945863723754882812e+00,9.610905408859252930e+01
-6.498696655035018921e-02,-4.105258285999298096e-01,-9.945851325988769531e+00,9.611382007598876953e+01
-6.497711688280105591e-02,-4.105397760868072510e-01,-9.945837020874023438e+00,9.611885499954223633e+01
-6.496740877628326416e-02,-4.105495512485504150e-01,-9.945825576782226562e+00,9.612396216392517090e+01
-6.495603919029235840e-02,-4.105602204799652100e-01,-9.945813179016113281e+00,9.612896513938903809e+01
-6.494135409593582153e-02,-4.105680584907531738e-01,-9.945800781250000000e+00,9.613395619392395020e+01
-6.492549926042556763e-02,-4.105777740478515625e-01,-9.945786476135253906e+00,9.613880205154418945e+01
-6.504227966070175171e-02,-4.104950726032257080e-01,-9.945833206176757812e+00,9.614400601387023926e+01
-6.503133475780487061e-02,-4.105017483234405518e-01,-9.945820808410644531e+00,9.614893913269042969e+01
-6.501677632331848145e-02,-4.105064570903778076e-01,-9.945811271667480469e+00,9.615396809577941895e+01
-6.500143557786941528e-02,-4.105111360549926758e-01,-9.945804595947265625e+00,9.615908217430114746e+01
-6.498567014932632446e-02,-4.105126559734344482e-01,-9.945810317993164062e+00,9.616386508941650391e+01
-6.496889144182205200e-02,-4.105162322521209717e-01,-9.945810317993164062e+00,9.616902112960815430e+01
-6.495132297277450562e-02,-4.105203747749328613e-01,-9.945810317993164062e+00,9.617391204833984375e+01
-6.508307158946990967e-02,-4.105288088321685791e-01,-9.945812225341796875e+00,9.617902708053588867e+01
-6.507321447134017944e-02,-4.105228781700134277e-01,-9.945817947387695312e+00,9.618389320373535156e+01
-6.506375968456268311e-02,-4.105222821235656738e-01,-9.945823669433593750e+00,9.618902707099914551e+01
-6.505253165960311890e-02,-4.105224907398223877e-01,-9.945831298828125000e+00,9.619398307800292969e+01
-6.503977626562118530e-02,-4.105273187160491943e-01,-9.945833206176757812e+00,9.619892120361328125e+01
-6.502605229616165161e-02,-4.105298221111297607e-01,-9.945837020874023438e+00,9.620390009880065918e+01
-6.510213762521743774e-02,-4.105739891529083252e-01,-9.945793151855468750e+00,9.620896506309509277e+01
-6.509006023406982422e-02,-4.105623960494995117e-01,-9.945782661437988281e+00,9.621402716636657715e+01
-6.507573276758193970e-02,-4.105592370033264160e-01,-9.945775032043457031e+00,9.621912813186645508e+01
-6.506031006574630737e-02,-4.105558693408966064e-01,-9.945766448974609375e+00,9.622408819198608398e+01
-6.504448503255844116e-02,-4.105618000030517578e-01,-9.945761680603027344e+00,9.622906804084777832e+01
-6.502752751111984253e-02,-4.105639159679412842e-01,-9.945755958557128906e+00,9.623409509658813477e+01
-6.500969827175140381e-02,-4.105664193630218506e-01,-9.945749282836914062e+00,9.623909807205200195e+01
-6.514487415552139282e-02,-4.106213450431823730e-01,-9.945872306823730469e+00,9.624414515495300293e+01
-6.513132899999618530e-02,-4.106296598911285400e-01,-9.945870399475097656e+00,9.624905300140380859e+01
-6.511709839105606079e-02,-4.106368124485015869e-01,-9.945865631103515625e+00,9.625408816337585449e+01
-6.510194391012191772e-02,-4.106426537036895752e-01,-9.945857048034667969e+00,9.625971817970275879e+01
-6.508422642946243286e-02,-4.106512069702148438e-01,-9.945858955383300781e+00,9.626420998573303223e+01
-6.506599485874176025e-02,-4.106545448303222656e-01,-9.945851325988769531e+00,9.626908111572265625e+01
-6.504631042480468750e-02,-4.106557369232177734e-01,-9.945841789245605469e+00,9.627405405044555664e+01
-6.519986689090728760e-02,-4.105554223060607910e-01,-9.945837974548339844e+00,9.627934503555297852e+01
-6.518254429101943970e-02,-4.105548858642578125e-01,-9.945828437805175781e+00,9.628418707847595215e+01
-6.516374647617340088e-02,-4.105563163757324219e-01,-9.945818901062011719e+00,9.628923201560974121e+01
-6.514597684144973755e-02,-4.105666279792785645e-01,-9.945815086364746094e+00,9.629429221153259277e+01
-6.512677669525146484e-02,-4.105735123157501221e-01,-9.945807456970214844e+00,9.629923105239868164e+01
-6.510692834854125977e-02,-4.105813205242156982e-01,-9.945800781250000000e+00,9.630425500869750977e+01
-6.526209414005279541e-02,-4.106180667877197266e-01,-9.945928573608398438e+00,9.630919313430786133e+01
-6.524880230426788330e-02,-4.106157124042510986e-01,-9.945924758911132812e+00,9.631421208381652832e+01
-6.523472815752029419e-02,-4.106129109859466553e-01,-9.945920944213867188e+00,9.631924104690551758e+01
-6.521961838006973267e-02,-4.106307923793792725e-01,-9.945898056030273438e+00,9.632430100440979004e+01
-6.520368903875350952e-02,-4.106305241584777832e-01,-9.945886611938476562e+00,9.632924914360046387e+01
-6.518667936325073242e-02,-4.106285572052001953e-01,-9.945873260498046875e+00,9.633430099487304688e+01
-6.516874581575393677e-02,-4.106190502643585205e-01,-9.945863723754882812e+00,9.633938121795654297e+01
-6.534437835216522217e-02,-4.106689393520355225e-01,-9.945966720581054688e+00,9.634433412551879883e+01
-6.533346325159072876e-02,-4.106722474098205566e-01,-9.945967674255371094e+00,9.634928607940673828e+01
-6.532160937786102295e-02,-4.106749296188354492e-01,-9.945969581604003906e+00,9.635432219505310059e+01
-6.530577689409255981e-02,-4.106771349906921387e-01,-9.945980072021484375e+00,9.635945916175842285e+01
-6.529010832309722900e-02,-4.106802940368652344e-01,-9.945983886718750000e+00,9.636433815956115723e+01
-6.527299433946609497e-02,-4.106833934783935547e-01,-9.945986747741699219e+00,9.636927509307861328e+01
-6.525433063507080078e-02,-4.106895327568054199e-01,-9.945981979370117188e+00,9.637432312965393066e+01
-6.540453433990478516e-02,-4.106720089912414551e-01,-9.945958137512207031e+00,9.637955904006958008e+01
-6.539001315832138062e-02,-4.106752276420593262e-01,-9.945962905883789062e+00,9.638434505462646484e+01
-6.537716835737228394e-02,-4.106755852699279785e-01,-9.945971488952636719e+00,9.638933801651000977e+01
-6.536184251308441162e-02,-4.106784760951995850e-01,-9.945974349975585938e+00,9.639452910423278809e+01
-6.534569710493087769e-02,-4.106809496879577637e-01,-9.945976257324218750e+00,9.639947319030761719e+01
-6.532823294401168823e-02,-4.106840491294860840e-01,-9.945966720581054688e+00,9.640449810028076172e+01
-6.547368317842483521e-02,-4.106675088405609131e-01,-9.945990562438964844e+00,9.640946006774902344e+01
-6.546329706907272339e-02,-4.106698036193847656e-01,-9.945986747741699219e+00,9.641444921493530273e+01
-6.544973701238632202e-02,-4.106751978397369385e-01,-9.945989608764648438e+00,9.641944813728332520e+01
-6.543574482202529907e-02,-4.106819331645965576e-01,-9.945985794067382812e+00,9.642450714111328125e+01
-6.542044878005981445e-02,-4.106905460357666016e-01,-9.945981979370117188e+00,9.642958211898803711e+01
-6.540387868881225586e-02,-4.107007384300231934e-01,-9.945978164672851562e+00,9.643441104888916016e+01
-6.557664275169372559e-02,-4.106644392013549805e-01,-9.945917129516601562e+00,9.643945598602294922e+01
-6.556646525859832764e-02,-4.106672704219818115e-01,-9.945912361145019531e+00,9.644449019432067871e+01
-6.555540859699249268e-02,-4.106700122356414795e-01,-9.945906639099121094e+00,9.644950318336486816e+01
-6.554358452558517456e-02,-4.106751680374145508e-01,-9.945897102355957031e+00,9.645443916320800781e+01
-6.553108245134353638e-02,-4.106796681880950928e-01,-9.945889472961425781e+00,9.645971012115478516e+01
-6.551759690046310425e-02,-4.106843173503875732e-01,-9.945882797241210938e+00,9.646458506584167480e+01
-6.550155580043792725e-02,-4.106916189193725586e-01,-9.945876121520996094e+00,9.646945309638977051e+01
-6.561845541000366211e-02,-4.106811285018920898e-01,-9.945921897888183594e+00,9.647457313537597656e+01
-6.560426950454711914e-02,-4.106899797916412354e-01,-9.945915222167968750e+00,9.647957801818847656e+01
-6.559045612812042236e-02,-4.106942713260650635e-01,-9.945896148681640625e+00,9.648457908630371094e+01
-6.557495892047882080e-02,-4.107021689414978027e-01,-9.945888519287109375e+00,9.648948311805725098e+01
-6.555860489606857300e-02,-4.107100963592529297e-01,-9.945882797241210938e+00,9.649469709396362305e+01
-6.554190814495086670e-02,-4.107179045677185059e-01,-9.945890426635742188e+00,9.649953007698059082e+01
-6.552407145500183105e-02,-4.107261002063751221e-01,-9.945891380310058594e+00,9.650457215309143066e+01
-6.565811485052108765e-02,-4.107120931148529053e-01,-9.945885658264160156e+00,9.650972700119018555e+01
-6.564767658710479736e-02,-4.107121229171752930e-01,-9.945890426635742188e+00,9.651454019546508789e+01
-6.563353538513183594e-02,-4.107179045677185059e-01,-9.945898056030273438e+00,9.651986408233642578e+01
-6.561967730522155762e-02,-4.107212424278259277e-01,-9.945901870727539062e+00,9.652463221549987793e+01
-6.560427695512771606e-02,-4.107255935668945312e-01,-9.945904731750488281e+00,9.652969408035278320e+01
-6.558731943368911743e-02,-4.107303917407989502e-01,-9.945902824401855469e+00,9.653452610969543457e+01
-6.572709232568740845e-02,-4.106983840465545654e-01,-9.945896148681640625e+00,9.653946304321289062e+01
-6.571836769580841064e-02,-4.106983542442321777e-01,-9.945900917053222656e+00,9.654466509819030762e+01
-6.571122258901596069e-02,-4.106975197792053223e-01,-9.945913314819335938e+00,9.654965901374816895e+01
-6.570087373256683350e-02,-4.106957316398620605e-01,-9.945919990539550781e+00,9.655466508865356445e+01
-6.568953394889831543e-02,-4.106916785240173340e-01,-9.945928573608398438e+00,9.655984306335449219e+01
-6.567555665969848633e-02,-4.106858670711517334e-01,-9.945934295654296875e+00,9.656463313102722168e+01
-6.566120684146881104e-02,-4.106805324554443359e-01,-9.945941925048828125e+00,9.656971621513366699e+01
-6.576714664697647095e-02,-4.107289016246795654e-01,-9.945886611938476562e+00,9.657463502883911133e+01
-6.576041132211685181e-02,-4.107325673103332520e-01,-9.945881843566894531e+00,9.657972216606140137e+01
-6.575118005275726318e-02,-4.107383787631988525e-01,-9.945874214172363281e+00,9.658454799652099609e+01
-6.574102491140365601e-02,-4.107455015182495117e-01,-9.945867538452148438e+00,9.658971214294433594e+01
-6.572675704956054688e-02,-4.107554554939270020e-01,-9.945862770080566406e+00,9.659491920471191406e+01
-6.571214646100997925e-02,-4.107652604579925537e-01,-9.945858001708984375e+00,9.659985113143920898e+01
-6.569576263427734375e-02,-4.107760190963745117e-01,-9.945853233337402344e+00,9.660472106933593750e+01
-6.572673469781875610e-02,-4.107874929904937744e-01,-9.945913314819335938e+00,9.660982108116149902e+01
-6.571500748395919800e-02,-4.107889533042907715e-01,-9.945895195007324219e+00,9.661482501029968262e+01
-6.569930166006088257e-02,-4.107954800128936768e-01,-9.945887565612792969e+00,9.661991715431213379e+01
-6.568267941474914551e-02,-4.108040034770965576e-01,-9.945879936218261719e+00,9.662495398521423340e+01
-6.566383689641952515e-02,-4.108157455921173096e-01,-9.945880889892578125e+00,9.663002419471740723e+01
-6.564387679100036621e-02,-4.108268916606903076e-01,-9.945875167846679688e+00,9.663484001159667969e+01
-6.580689549446105957e-02,-4.108227491378784180e-01,-9.945822715759277344e+00,9.663979101181030273e+01
-6.579326093196868896e-02,-4.108338654041290283e-01,-9.945815086364746094e+00,9.664470911026000977e+01
-6.577803939580917358e-02,-4.108431637287139893e-01,-9.945810317993164062e+00,9.664987301826477051e+01
-6.576127558946609497e-02,-4.108544588088989258e-01,-9.945808410644531250e+00,9.665485620498657227e+01
-6.574493646621704102e-02,-4.108650684356689453e-01,-9.945812225341796875e+00,9.666006112098693848e+01
-6.572683155536651611e-02,-4.108769893646240234e-01,-9.945812225341796875e+00,9.666488099098205566e+01
-6.570772826671600342e-02,-4.108888208866119385e-01,-9.945811271667480469e+00,9.666982507705688477e+01
-6.591615825891494751e-02,-4.108290672302246094e-01,-9.945874214172363281e+00,9.667474007606506348e+01
-6.590785086154937744e-02,-4.108371436595916748e-01,-9.945878028869628906e+00,9.667989516258239746e+01
-6.589769572019577026e-02,-4.108446836471557617e-01,-9.945882797241210938e+00,9.668485999107360840e+01
-6.588637083768844604e-02,-4.108522236347198486e-01,-9.945887565612792969e+00,9.668998003005981445e+01
-6.586752086877822876e-02,-4.108689725399017334e-01,-9.945896148681640625e+00,9.669508004188537598e+01
-6.585259735584259033e-02,-4.108806550502777100e-01,-9.945901870727539062e+00,9.670010900497436523e+01
-6.583666801452636719e-02,-4.108953773975372314e-01,-9.945908546447753906e+00,9.670495605468750000e+01
-6.593731790781021118e-02,-4.108382761478424072e-01,-9.945924758911132812e+00,9.670995521545410156e+01
-6.592325121164321899e-02,-4.108418524265289307e-01,-9.945920944213867188e+00,9.671493721008300781e+01
-6.590770930051803589e-02,-4.108462929725646973e-01,-9.945915222167968750e+00,9.672000813484191895e+01
-6.589374691247940063e-02,-4.108573496341705322e-01,-9.945905685424804688e+00,9.672515702247619629e+01
-6.587737053632736206e-02,-4.108649790287017822e-01,-9.945897102355957031e+00,9.673009300231933594e+01
-6.586012244224548340e-02,-4.108734726905822754e-01,-9.945887565612792969e+00,9.673493719100952148e+01
-6.584051996469497681e-02,-4.108808040618896484e-01,-9.945881843566894531e+00,9.673991012573242188e+01
-6.601404398679733276e-02,-4.108604192733764648e-01,-9.945981025695800781e+00,9.674502706527709961e+01
-6.600095331668853760e-02,-4.108714759349822998e-01,-9.945984840393066406e+00,9.675004315376281738e+01
-6.598887592554092407e-02,-4.108771383762359619e-01,-9.945989608764648438e+00,9.675506615638732910e+01
-6.597479432821273804e-02,-4.108878970146179199e-01,-9.945996284484863281e+00,9.676019811630249023e+01
-6.595992296934127808e-02,-4.108998477458953857e-01,-9.946004867553710938e+00,9.676510214805603027e+01
-6.594248861074447632e-02,-4.109179675579071045e-01,-9.946007728576660156e+00,9.677050209045410156e+01
-6.592445075511932373e-02,-4.109343886375427246e-01,-9.946012496948242188e+00,9.677499914169311523e+01
-6.608967483043670654e-02,-4.108659029006958008e-01,-9.945908546447753906e+00,9.678014016151428223e+01
-6.607822328805923462e-02,-4.108788669109344482e-01,-9.945894241333007812e+00,9.678498816490173340e+01
-6.606529653072357178e-02,-4.108912646770477295e-01,-9.945879936218261719e+00,9.679004812240600586e+01
-6.605065613985061646e-02,-4.109037518501281738e-01,-9.945863723754882812e+00,9.679515004158020020e+01
-6.603441387414932251e-02,-4.109164774417877197e-01,-9.945845603942871094e+00,9.680010414123535156e+01
-6.601700186729431152e-02,-4.109251499176025391e-01,-9.945832252502441406e+00,9.680510902404785156e+01
-6.619269400835037231e-02,-4.108269512653350830e-01,-9.945902824401855469e+00,9.681015110015869141e+01
-6.617911159992218018e-02,-4.108314812183380127e-01,-9.945900917053222656e+00,9.681517601013183594e+01
-6.616695225238800049e-02,-4.108377397060394287e-01,-9.945902824401855469e+00,9.682029318809509277e+01
-6.615216284990310669e-02,-4.108452498912811279e-01,-9.945900917053222656e+00,9.682525706291198730e+01
-6.613659113645553589e-02,-4.108542799949645996e-01,-9.945898056030273438e+00,9.683029317855834961e+01
-6.611999124288558960e-02,-4.108624756336212158e-01,-9.945889472961425781e+00,9.683511018753051758e+01
-6.610278785228729248e-02,-4.108718335628509521e-01,-9.945883750915527344e+00,9.684019899368286133e+01
-6.617165356874465942e-02,-4.108754396438598633e-01,-9.945814132690429688e+00,9.684521007537841797e+01
-6.616095453500747681e-02,-4.108831286430358887e-01,-9.945819854736328125e+00,9.685032415390014648e+01
-6.614831835031509399e-02,-4.108857810497283936e-01,-9.945823669433593750e+00,9.685523200035095215e+01
-6.613433361053466797e-02,-4.108918905258178711e-01,-9.945827484130859375e+00,9.686052703857421875e+01
-6.611932814121246338e-02,-4.109025001525878906e-01,-9.945835113525390625e+00,9.686516499519348145e+01
-6.610011309385299683e-02,-4.109016358852386475e-01,-9.945832252502441406e+00,9.687037801742553711e+01
-6.624525040388107300e-02,-4.109500646591186523e-01,-9.945793151855468750e+00,9.687525701522827148e+01
-6.623175740242004395e-02,-4.109672605991363525e-01,-9.945798873901367188e+00,9.688046908378601074e+01
-6.621988117694854736e-02,-4.109831750392913818e-01,-9.945801734924316406e+00,9.688525199890136719e+01
-6.620565801858901978e-02,-4.109995961189270020e-01,-9.945805549621582031e+00,9.689037704467773438e+01
-6.619063019752502441e-02,-4.110157489776611328e-01,-9.945809364318847656e+00,9.689535403251647949e+01
-6.617432832717895508e-02,-4.110257923603057861e-01,-9.945807456970214844e+00,9.690062403678894043e+01
-6.615746766328811646e-02,-4.110391438007354736e-01,-9.945806503295898438e+00,9.690535712242126465e+01
-6.625803560018539429e-02,-4.109283387660980225e-01,-9.945801734924316406e+00,9.691055417060852051e+01
-6.624971330165863037e-02,-4.109358489513397217e-01,-9.945798873901367188e+00,9.691523003578186035e+01
-6.624096632003784180e-02,-4.109445214271545410e-01,-9.945804595947265625e+00,9.692064714431762695e+01
-6.623150408267974854e-02,-4.109546840190887451e-01,-9.945811271667480469e+00,9.692561221122741699e+01
-6.622157245874404907e-02,-4.109683930873870850e-01,-9.945821762084960938e+00,9.693036413192749023e+01
-6.621057540178298950e-02,-4.109816551208496094e-01,-9.945829391479492188e+00,9.693517708778381348e+01
-6.619870662689208984e-02,-4.109959900379180908e-01,-9.945837974548339844e+00,9.694039821624755859e+01
-6.632267683744430542e-02,-4.109757244586944580e-01,-9.945812225341796875e+00,9.694535422325134277e+01
-6.631218641996383667e-02,-4.109794199466705322e-01,-9.945802688598632812e+00,9.695052504539489746e+01
-6.630152463912963867e-02,-4.109887480735778809e-01,-9.945798873901367188e+00,9.695548820495605469e+01
-6.629059463739395142e-02,-4.109984040260314941e-01,-9.945795059204101562e+00,9.696088099479675293e+01
-6.627804040908813477e-02,-4.110095202922821045e-01,-9.945799827575683594e+00,9.696540212631225586e+01
-6.626445800065994263e-02,-4.110209047794342041e-01,-9.945799827575683594e+00,9.697052001953125000e+01
-6.639423966407775879e-02,-4.109417796134948730e-01,-9.945779800415039062e+00,9.697537708282470703e+01
-6.638311594724655151e-02,-4.109438955783843994e-01,-9.945789337158203125e+00,9.698050999641418457e+01
-6.637050211429595947e-02,-4.109508693218231201e-01,-9.945790290832519531e+00,9.698536300659179688e+01
-6.635667383670806885e-02,-4.109590053558349609e-01,-9.945790290832519531e+00,9.699052619934082031e+01
-6.634330004453659058e-02,-4.109699130058288574e-01,-9.945787429809570312e+00,9.699558210372924805e+01
-6.632863730192184448e-02,-4.109803438186645508e-01,-9.945786476135253906e+00,9.700051307678222656e+01
-6.631323695182800293e-02,-4.109923541545867920e-01,-9.945784568786621094e+00,9.700543999671936035e+01
-6.640009582042694092e-02,-4.110042750835418701e-01,-9.945751190185546875e+00,9.701064515113830566e+01
-6.639057397842407227e-02,-4.110107123851776123e-01,-9.945748329162597656e+00,9.701560020446777344e+01
-6.638006120920181274e-02,-4.110175371170043945e-01,-9.945744514465332031e+00,9.702064919471740723e+01
-6.636706739664077759e-02,-4.110198616981506348e-01,-9.945743560791015625e+00,9.702598500251770020e+01
-6.635325402021408081e-02,-4.110252559185028076e-01,-9.945740699768066406e+00,9.703086805343627930e+01
-6.633789092302322388e-02,-4.110309779644012451e-01,-9.945737838745117188e+00,9.703559398651123047e+01
-6.632129848003387451e-02,-4.110367298126220703e-01,-9.945734977722167969e+00,9.704065299034118652e+01
-6.643564999103546143e-02,-4.109956920146942139e-01,-9.945745468139648438e+00,9.704559016227722168e+01
-6.642533838748931885e-02,-4.109972119331359863e-01,-9.945740699768066406e+00,9.705064916610717773e+01
-6.641370058059692383e-02,-4.110002815723419189e-01,-9.945735931396484375e+00,9.705558514595031738e+01
-6.640078872442245483e-02,-4.110094904899597168e-01,-9.945732116699218750e+00,9.706088709831237793e+01
-6.638643145561218262e-02,-4.110173881053924561e-01,-9.945727348327636719e+00,9.706551599502563477e+01
-6.637111306190490723e-02,-4.110272824764251709e-01,-9.945723533630371094e+00,9.707074403762817383e+01
-6.652585417032241821e-02,-4.110094606876373291e-01,-9.945718765258789062e+00,9.707552218437194824e+01
-6.651445478200912476e-02,-4.110155105590820312e-01,-9.945713043212890625e+00,9.708065915107727051e+01
-6.650202721357345581e-02,-4.110222160816192627e-01,-9.945706367492675781e+00,9.708562421798706055e+01
-6.648813933134078979e-02,-4.110140800476074219e-01,-9.945691108703613281e+00,9.709066009521484375e+01
-6.647434085607528687e-02,-4.110193252563476562e-01,-9.945678710937500000e+00,9.709567713737487793e+01
-6.645970046520233154e-02,-4.110243022441864014e-01,-9.945662498474121094e+00,9.710071802139282227e+01
-6.644454598426818848e-02,-4.110328555107116699e-01,-9.945646286010742188e+00,9.710570216178894043e+01
-6.653311103582382202e-02,-4.110530614852905273e-01,-9.945666313171386719e+00,9.711067914962768555e+01
-6.652187556028366089e-02,-4.110600948333740234e-01,-9.945662498474121094e+00,9.711565208435058594e+01
-6.650966405868530273e-02,-4.110681116580963135e-01,-9.945655822753906250e+00,9.712075805664062500e+01
-6.649309396743774414e-02,-4.110760986804962158e-01,-9.945640563964843750e+00,9.712597012519836426e+01
-6.647782027721405029e-02,-4.110857248306274414e-01,-9.945633888244628906e+00,9.713082313537597656e+01
-6.646126508712768555e-02,-4.110966920852661133e-01,-9.945625305175781250e+00,9.713567209243774414e+01
-6.644522398710250854e-02,-4.111083447933197021e-01,-9.945621490478515625e+00,9.714076018333435059e+01
-6.650006771087646484e-02,-4.110656082630157471e-01,-9.945625305175781250e+00,9.714567899703979492e+01
-6.648904830217361450e-02,-4.110674262046813965e-01,-9.945627212524414062e+00,9.715086221694946289e+01
-6.647747755050659180e-02,-4.110728800296783447e-01,-9.945634841918945312e+00,9.715583300590515137e+01
-6.646466255187988281e-02,-4.110759794712066650e-01,-9.945637702941894531e+00,9.716095304489135742e+01
-6.645114719867706299e-02,-4.110800921916961670e-01,-9.945640563964843750e+00,9.716583919525146484e+01
-6.643499433994293213e-02,-4.110883176326751709e-01,-9.945636749267578125e+00,9.717094111442565918e+01
-6.656768172979354858e-02,-4.110641777515411377e-01,-9.945576667785644531e+00,9.717574810981750488e+01
-6.655696779489517212e-02,-4.110732972621917725e-01,-9.945562362670898438e+00,9.718082213401794434e+01
-6.654507666826248169e-02,-4.110769033432006836e-01,-9.945559501647949219e+00,9.718576502799987793e+01
-6.653205305337905884e-02,-4.110864996910095215e-01,-9.945549964904785156e+00,9.719081020355224609e+01
-6.651797145605087280e-02,-4.110986292362213135e-01,-9.945541381835937500e+00,9.719598603248596191e+01
-6.650231033563613892e-02,-4.111119210720062256e-01,-9.945533752441406250e+00,9.720093917846679688e+01
-6.648494303226470947e-02,-4.111197590827941895e-01,-9.945528030395507812e+00,9.720584607124328613e+01
-6.663306802511215210e-02,-4.110693037509918213e-01,-9.945573806762695312e+00,9.721082901954650879e+01
-6.662087142467498779e-02,-4.110725820064544678e-01,-9.945569992065429688e+00,9.721602606773376465e+01
-6.661031395196914673e-02,-4.110802114009857178e-01,-9.945565223693847656e+00,9.722095799446105957e+01
-6.659704446792602539e-02,-4.110863506793975830e-01,-9.945562362670898438e+00,9.722618317604064941e+01
-6.658305972814559937e-02,-4.110932648181915283e-01,-9.945560455322265625e+00,9.723111605644226074e+01
-6.656647473573684692e-02,-4.110963046550750732e-01,-9.945555686950683594e+00,9.723588514328002930e+01
-6.666471064090728760e-02,-4.111091196537017822e-01,-9.945654869079589844e+00,9.724095702171325684e+01
-6.665154546499252319e-02,-4.111141860485076904e-01,-9.945654869079589844e+00,9.724658799171447754e+01
-6.664051115512847900e-02,-4.111300110816955566e-01,-9.945665359497070312e+00,9.725098800659179688e+01
-6.662672013044357300e-02,-4.111403226852416992e-01,-9.945672035217285156e+00,9.725589799880981445e+01
-6.661219894886016846e-02,-4.111514985561370850e-01,-9.945681571960449219e+00,9.726120114326477051e+01
-6.659616529941558838e-02,-4.111554324626922607e-01,-9.945682525634765625e+00,9.726614212989807129e+01
-6.657945364713668823e-02,-4.111635982990264893e-01,-9.945688247680664062e+00,9.727100610733032227e+01
-6.679834425449371338e-02,-4.111019372940063477e-01,-9.945678710937500000e+00,9.727604413032531738e+01
-6.678878515958786011e-02,-4.111045598983764648e-01,-9.945680618286132812e+00,9.728140807151794434e+01
-6.677996367216110229e-02,-4.111057519912719727e-01,-9.945676803588867188e+00,9.728609204292297363e+01
-6.677063554525375366e-02,-4.111017584800720215e-01,-9.945671081542968750e+00,9.729128503799438477e+01
-6.675993651151657104e-02,-4.110934138298034668e-01,-9.945663452148437500e+00,9.729614400863647461e+01
-6.674820929765701294e-02,-4.111012816429138184e-01,-9.945656776428222656e+00,9.730111908912658691e+01
-6.673437356948852539e-02,-4.110983312129974365e-01,-9.945645332336425781e+00,9.730615806579589844e+01
-6.684940308332443237e-02,-4.110863804817199707e-01,-9.945580482482910156e+00,9.731111502647399902e+01
-6.684064865112304688e-02,-4.110791087150573730e-01,-9.945559501647949219e+00,9.731618714332580566e+01
-6.683020293712615967e-02,-4.110715687274932861e-01,-9.945539474487304688e+00,9.732140016555786133e+01
-6.681824475526809692e-02,-4.110639691352844238e-01,-9.945518493652343750e+00,9.732664799690246582e+01
-6.680549681186676025e-02,-4.110642373561859131e-01,-9.945504188537597656e+00,9.733126306533813477e+01
-6.679106503725051880e-02,-4.110625386238098145e-01,-9.945487022399902344e+00,9.733616518974304199e+01
-6.681792438030242920e-02,-4.111920595169067383e-01,-9.945672035217285156e+00,9.734108209609985352e+01
-6.680366396903991699e-02,-4.112019538879394531e-01,-9.945689201354980469e+00,9.734616112709045410e+01
-6.678781658411026001e-02,-4.112137854099273682e-01,-9.945698738098144531e+00,9.735129904747009277e+01
-6.677064299583435059e-02,-4.112254083156585693e-01,-9.945709228515625000e+00,9.735625004768371582e+01
-6.675156205892562866e-02,-4.112331569194793701e-01,-9.945714950561523438e+00,9.736141300201416016e+01
-6.673139333724975586e-02,-4.112431704998016357e-01,-9.945723533630371094e+00,9.736630511283874512e+01
-6.671004742383956909e-02,-4.112544655799865723e-01,-9.945732116699218750e+00,9.737126803398132324e+01
-6.690078973770141602e-02,-4.111440777778625488e-01,-9.945631980895996094e+00,9.737665009498596191e+01
-6.688870489597320557e-02,-4.111429154872894287e-01,-9.945622444152832031e+00,9.738132500648498535e+01
-6.687407940626144409e-02,-4.111403226852416992e-01,-9.945614814758300781e+00,9.738682007789611816e+01
-6.685843318700790405e-02,-4.111379683017730713e-01,-9.945604324340820312e+00,9.739143013954162598e+01
-6.684160977602005005e-02,-4.111391007900238037e-01,-9.945589065551757812e+00,9.739682006835937500e+01
-6.682394444942474365e-02,-4.111387729644775391e-01,-9.945574760437011719e+00,9.740125799179077148e+01
-6.680539250373840332e-02,-4.111380279064178467e-01,-9.945560455322265625e+00,9.740632915496826172e+01
-6.697778403759002686e-02,-4.111444354057312012e-01,-9.945567131042480469e+00,9.741126298904418945e+01
-6.696805357933044434e-02,-4.111446142196655273e-01,-9.945566177368164062e+00,9.741680812835693359e+01
-6.695784628391265869e-02,-4.111449420452117920e-01,-9.945565223693847656e+00,9.742137408256530762e+01
-6.694089621305465698e-02,-4.111641049385070801e-01,-9.945558547973632812e+00,9.742690110206604004e+01
-6.692703068256378174e-02,-4.111718237400054932e-01,-9.945555686950683594e+00,9.743138813972473145e+01
-6.691212207078933716e-02,-4.111836552619934082e-01,-9.945551872253417969e+00,9.743680810928344727e+01
-6.698318570852279663e-02,-4.112009108066558838e-01,-9.945583343505859375e+00,9.744136118888854980e+01
-6.697475165128707886e-02,-4.112090170383453369e-01,-9.945572853088378906e+00,9.744668316841125488e+01
-6.696488708257675171e-02,-4.112191498279571533e-01,-9.945560455322265625e+00,9.745138311386108398e+01
-6.695386767387390137e-02,-4.112315177917480469e-01,-9.945545196533203125e+00,9.745681309700012207e+01
-6.693944334983825684e-02,-4.112386405467987061e-01,-9.945536613464355469e+00,9.746149015426635742e+01
-6.692466884851455688e-02,-4.112505316734313965e-01,-9.945516586303710938e+00,9.746636915206909180e+01
-6.690879911184310913e-02,-4.112614989280700684e-01,-9.945496559143066406e+00,9.747139120101928711e+01
-6.699883937835693359e-02,-4.112009704113006592e-01,-9.945656776428222656e+00,9.747673416137695312e+01
-6.698858737945556641e-02,-4.112060666084289551e-01,-9.945664405822753906e+00,9.748147511482238770e+01
-6.697734445333480835e-02,-4.112115204334259033e-01,-9.945673942565917969e+00,9.748658204078674316e+01
-6.696190685033798218e-02,-4.112163484096527100e-01,-9.945679664611816406e+00,9.749165821075439453e+01
-6.694650650024414062e-02,-4.112234115600585938e-01,-9.945686340332031250e+00,9.749663209915161133e+01
-6.692957878112792969e-02,-4.112330973148345947e-01,-9.945691108703613281e+00,9.750147104263305664e+01
-6.691277772188186646e-02,-4.112493395805358887e-01,-9.945684432983398438e+00,9.750697112083435059e+01
-6.704750657081604004e-02,-4.112094044685363770e-01,-9.945672988891601562e+00,9.751146101951599121e+01
-6.703487038612365723e-02,-4.112106561660766602e-01,-9.945673942565917969e+00,9.751665806770324707e+01
-6.701979786157608032e-02,-4.112168550491333008e-01,-9.945674896240234375e+00,9.752146601676940918e+01
-6.700511276721954346e-02,-4.112181365489959717e-01,-9.945676803588867188e+00,9.752679014205932617e+01
-6.698939949274063110e-02,-4.112172722816467285e-01,-9.945682525634765625e+00,9.753160119056701660e+01
-6.697215139865875244e-02,-4.112080931663513184e-01,-9.945689201354980469e+00,9.753690505027770996e+01
-6.695340573787689209e-02,-4.112032949924468994e-01,-9.945693969726562500e+00,9.754144620895385742e+01
-6.710407137870788574e-02,-4.112997353076934814e-01,-9.945680618286132812e+00,9.754680514335632324e+01
-6.709484755992889404e-02,-4.113105237483978271e-01,-9.945676803588867188e+00,9.755163311958312988e+01
-6.708756834268569946e-02,-4.113191962242126465e-01,-9.945679664611816406e+00,9.755689811706542969e+01
-6.707720458507537842e-02,-4.113305509090423584e-01,-9.945674896240234375e+00,9.756171798706054688e+01
-6.706599891185760498e-02,-4.113427102565765381e-01,-9.945670127868652344e+00,9.756686019897460938e+01
-6.705240160226821899e-02,-4.113584458827972412e-01,-9.945666313171386719e+00,9.757162499427795410e+01
-6.713835895061492920e-02,-4.112562537193298340e-01,-9.945690155029296875e+00,9.757677102088928223e+01
-6.712692975997924805e-02,-4.112604260444641113e-01,-9.945695877075195312e+00,9.758159017562866211e+01
-6.711742281913757324e-02,-4.112678766250610352e-01,-9.945714950561523438e+00,9.758680009841918945e+01
-6.710488349199295044e-02,-4.112725853919982910e-01,-9.945725440979003906e+00,9.759162616729736328e+01
-6.709140539169311523e-02,-4.112763106822967529e-01,-9.945734024047851562e+00,9.759678912162780762e+01
-6.707467883825302124e-02,-4.112769961357116699e-01,-9.945727348327636719e+00,9.760156917572021484e+01
-6.705787032842636108e-02,-4.112794995307922363e-01,-9.945729255676269531e+00,9.760681104660034180e+01
-6.719462573528289795e-02,-4.112793207168579102e-01,-9.945759773254394531e+00,9.761157202720642090e+01
-6.718074530363082886e-02,-4.112861156463623047e-01,-9.945769309997558594e+00,9.761685419082641602e+01
-6.716561317443847656e-02,-4.112931191921234131e-01,-9.945779800415039062e+00,9.762157106399536133e+01
-6.714819371700286865e-02,-4.112980961799621582e-01,-9.945788383483886719e+00,9.762715816497802734e+01
-6.712832301855087280e-02,-4.112990498542785645e-01,-9.945794105529785156e+00,9.763166809082031250e+01
-6.711062043905258179e-02,-4.113153815269470215e-01,-9.945807456970214844e+00,9.763681221008300781e+01
-6.724162399768829346e-02,-4.113037288188934326e-01,-9.945660591125488281e+00,9.764167904853820801e+01
-6.723179668188095093e-02,-4.112958610057830811e-01,-9.945654869079589844e+00,9.764682722091674805e+01
-6.722129136323928833e-02,-4.112883210182189941e-01,-9.945650100708007812e+00,9.765168118476867676e+01
-6.721004843711853027e-02,-4.112818539142608643e-01,-9.945642471313476562e+00,9.765683698654174805e+01
-6.719823926687240601e-02,-4.112755656242370605e-01,-9.945633888244628906e+00,9.766187214851379395e+01
-6.718450784683227539e-02,-4.112724661827087402e-01,-9.945628166198730469e+00,9.766684818267822266e+01
-6.717036664485931396e-02,-4.112689495086669922e-01,-9.945621490478515625e+00,9.767167115211486816e+01
-6.731004267930984497e-02,-4.113223254680633545e-01,-9.945590019226074219e+00,9.767682003974914551e+01
-6.729830801486968994e-02,-4.113389849662780762e-01,-9.945588111877441406e+00,9.768167710304260254e+01
-6.728485226631164551e-02,-4.113483130931854248e-01,-9.945578575134277344e+00,9.768712210655212402e+01
-6.727031618356704712e-02,-4.113594889640808105e-01,-9.945569992065429688e+00,9.769199705123901367e+01
-6.725440919399261475e-02,-4.113645255565643311e-01,-9.945561408996582031e+00,9.769696617126464844e+01
-6.723744422197341919e-02,-4.113738238811492920e-01,-9.945553779602050781e+00,9.770183706283569336e+01
-6.721915304660797119e-02,-4.113829731941223145e-01,-9.945546150207519531e+00,9.770696210861206055e+01
-6.730063259601593018e-02,-4.113480448722839355e-01,-9.945689201354980469e+00,9.771185803413391113e+01
-6.729346513748168945e-02,-4.113486409187316895e-01,-9.945694923400878906e+00,9.771692013740539551e+01
-6.728348881006240845e-02,-4.113544523715972900e-01,-9.945705413818359375e+00,9.772197413444519043e+01
-6.727144867181777954e-02,-4.113606810569763184e-01,-9.945715904235839844e+00,9.772723412513732910e+01
-6.725750863552093506e-02,-4.113656282424926758e-01,-9.945718765258789062e+00,9.773201203346252441e+01
-6.724277883768081665e-02,-4.113718569278717041e-01,-9.945724487304687500e+00,9.773705720901489258e+01
-6.735179573297500610e-02,-4.113913774490356445e-01,-9.945693969726562500e+00,9.774179005622863770e+01
-6.734192371368408203e-02,-4.114041030406951904e-01,-9.945694923400878906e+00,9.774712705612182617e+01
-6.733123213052749634e-02,-4.114162325859069824e-01,-9.945695877075195312e+00,9.775199007987976074e+01
-6.731963902711868286e-02,-4.114289879798889160e-01,-9.945694923400878906e+00,9.775700902938842773e+01
-6.730693578720092773e-02,-4.114391505718231201e-01,-9.945691108703613281e+00,9.776209616661071777e+01
-6.729352474212646484e-02,-4.114516079425811768e-01,-9.945686340332031250e+00,9.776700520515441895e+01
-6.727924197912216187e-02,-4.114645123481750488e-01,-9.945680618286132812e+00,9.777186107635498047e+01
-6.742057949304580688e-02,-4.113903045654296875e-01,-9.945814132690429688e+00,9.777712202072143555e+01
-6.740888953208923340e-02,-4.113990962505340576e-01,-9.945811271667480469e+00,9.778200316429138184e+01
-6.739664077758789062e-02,-4.114069640636444092e-01,-9.945806503295898438e+00,9.778715419769287109e+01
-6.738361716270446777e-02,-4.114145040512084961e-01,-9.945802688598632812e+00,9.779243421554565430e+01
-6.736946851015090942e-02,-4.114233851432800293e-01,-9.945798873901367188e+00,9.779713416099548340e+01
-6.735431402921676636e-02,-4.114322066307067871e-01,-9.945795059204101562e+00,9.780200219154357910e+01
-6.733822822570800781e-02,-4.114398956298828125e-01,-9.945791244506835938e+00,9.780709600448608398e+01
-6.743532419204711914e-02,-4.113619923591613770e-01,-9.945865631103515625e+00,9.781197500228881836e+01
-6.742431968450546265e-02,-4.113637208938598633e-01,-9.945865631103515625e+00,9.781716704368591309e+01
-6.741166114807128906e-02,-4.113654196262359619e-01,-9.945865631103515625e+00,9.782210016250610352e+01
-6.739521771669387817e-02,-4.113741517066955566e-01,-9.945872306823730469e+00,9.782718920707702637e+01
-6.737851351499557495e-02,-4.113811552524566650e-01,-9.945875167846679688e+00,9.783214712142944336e+01
-6.736004352569580078e-02,-4.113901555538177490e-01,-9.945878028869628906e+00,9.783712816238403320e+01
-6.742101162672042847e-02,-4.113757312297821045e-01,-9.945771217346191406e+00,9.784210705757141113e+01
-6.740517169237136841e-02,-4.113795161247253418e-01,-9.945772171020507812e+00,9.784707713127136230e+01
-6.738816946744918823e-02,-4.113837480545043945e-01,-9.945775032043457031e+00,9.785203099250793457e+01
-6.736944615840911865e-02,-4.113855063915252686e-01,-9.945768356323242188e+00,9.785706901550292969e+01
-6.734988838434219360e-02,-4.113926291465759277e-01,-9.945766448974609375e+00,9.786212015151977539e+01
-6.732889264822006226e-02,-4.114017486572265625e-01,-9.945762634277343750e+00,9.786712312698364258e+01
-6.730801612138748169e-02,-4.114148318767547607e-01,-9.945752143859863281e+00,9.787220001220703125e+01
-6.749040633440017700e-02,-4.113834202289581299e-01,-9.945782661437988281e+00,9.787711310386657715e+01
-6.747538596391677856e-02,-4.113835990428924561e-01,-9.945775032043457031e+00,9.788225817680358887e+01
-6.745955348014831543e-02,-4.113833308219909668e-01,-9.945767402648925781e+00,9.788715410232543945e+01
-6.743992865085601807e-02,-4.113890826702117920e-01,-9.945764541625976562e+00,9.789235615730285645e+01
-6.742060929536819458e-02,-4.113907217979431152e-01,-9.945758819580078125e+00,9.789714217185974121e+01
-6.739983707666397095e-02,-4.113913774490356445e-01,-9.945751190185546875e+00,9.790216302871704102e+01
-6.737747043371200562e-02,-4.113889932632446289e-01,-9.945739746093750000e+00,9.790717220306396484e+01
-6.761907041072845459e-02,-4.113827049732208252e-01,-9.945816040039062500e+00,9.791226816177368164e+01
-6.760691851377487183e-02,-4.113908708095550537e-01,-9.945816993713378906e+00,9.791716313362121582e+01
-6.759630888700485229e-02,-4.114002883434295654e-01,-9.945812225341796875e+00,9.792208719253540039e+01
-6.758350878953933716e-02,-4.114079475402832031e-01,-9.945813179016113281e+00,9.792742514610290527e+01
-6.756968051195144653e-02,-4.114157557487487793e-01,-9.945814132690429688e+00,9.793225312232971191e+01
-6.755319237709045410e-02,-4.114241898059844971e-01,-9.945815086364746094e+00,9.793724513053894043e+01
-6.761510670185089111e-02,-4.113865494728088379e-01,-9.945749282836914062e+00,9.794210600852966309e+01
-6.760337203741073608e-02,-4.113952815532684326e-01,-9.945741653442382812e+00,9.794735002517700195e+01
-6.759015470743179321e-02,-4.114041328430175781e-01,-9.945732116699218750e+00,9.795238399505615234e+01
-6.757555902004241943e-02,-4.114142954349517822e-01,-9.945720672607421875e+00,9.795733118057250977e+01
-6.755955517292022705e-02,-4.114239513874053955e-01,-9.945706367492675781e+00,9.796242403984069824e+01
-6.754218786954879761e-02,-4.114332199096679688e-01,-9.945691108703613281e+00,9.796738719940185547e+01
-6.760909408330917358e-02,-4.113609492778778076e-01,-9.945751190185546875e+00,9.797234821319580078e+01
-6.759568303823471069e-02,-4.113647341728210449e-01,-9.945748329162597656e+00,9.797738718986511230e+01
-6.758119910955429077e-02,-4.113669395446777344e-01,-9.945747375488281250e+00,9.798234105110168457e+01
-6.756284087896347046e-02,-4.113626778125762939e-01,-9.945755004882812500e+00,9.798735713958740234e+01
-6.754496693611145020e-02,-4.113635718822479248e-01,-9.945755958557128906e+00,9.799261021614074707e+01
-6.752587854862213135e-02,-4.113646745681762695e-01,-9.945755958557128906e+00,9.799744200706481934e+01
-6.750535964965820312e-02,-4.113715589046478271e-01,-9.945747375488281250e+00,9.800235915184020996e+01
-6.748379021883010864e-02,-4.113771915435791016e-01,-9.945742607116699219e+00,9.800736618041992188e+01
-6.764966994524002075e-02,-4.114156961441040039e-01,-9.945742607116699219e+00,9.801241111755371094e+01
-6.763705611228942871e-02,-4.114251434803009033e-01,-9.945756912231445312e+00,9.801741099357604980e+01
-6.762319803237915039e-02,-4.114356637001037598e-01,-9.945761680603027344e+00,9.802233719825744629e+01
-6.760816276073455811e-02,-4.114483892917633057e-01,-9.945767402648925781e+00,9.802754902839660645e+01
-6.759278476238250732e-02,-4.114620685577392578e-01,-9.945762634277343750e+00,9.803244113922119141e+01
-6.757596135139465332e-02,-4.114767014980316162e-01,-9.945762634277343750e+00,9.803754806518554688e+01
-6.774317473173141479e-02,-4.113825559616088867e-01,-9.945725440979003906e+00,9.804244399070739746e+01
-6.773351877927780151e-02,-4.113871157169342041e-01,-9.945720672607421875e+00,9.804769802093505859e+01
-6.772375851869583130e-02,-4.113898277282714844e-01,-9.945713996887207031e+00,9.805248999595642090e+01
-6.771246343851089478e-02,-4.113931357860565186e-01,-9.945702552795410156e+00,9.805744814872741699e+01
-6.769972294569015503e-02,-4.113976061344146729e-01,-9.945684432983398438e+00,9.806263208389282227e+01
-6.768876314163208008e-02,-4.113996326923370361e-01,-9.945677757263183594e+00,9.806740713119506836e+01
-6.774470210075378418e-02,-4.114040434360504150e-01,-9.945703506469726562e+00,9.807250213623046875e+01
-6.773744523525238037e-02,-4.114069342613220215e-01,-9.945679664611816406e+00,9.807757210731506348e+01
-6.772723793983459473e-02,-4.114153385162353516e-01,-9.945669174194335938e+00,9.808250308036804199e+01
-6.771691143512725830e-02,-4.114212989807128906e-01,-9.945649147033691406e+00,9.808755517005920410e+01
-6.770506501197814941e-02,-4.114275276660919189e-01,-9.945627212524414062e+00,9.809277415275573730e+01
-6.769132614135742188e-02,-4.114289283752441406e-01,-9.945600509643554688e+00,9.809761810302734375e+01
-6.767642498016357422e-02,-4.114336371421813965e-01,-9.945576667785644531e+00,9.810259914398193359e+01
-6.766022741794586182e-02,-4.114400446414947510e-01,-9.945552825927734375e+00,9.810774016380310059e+01
-6.776124984025955200e-02,-4.114402532577514648e-01,-9.945746421813964844e+00,9.811263012886047363e+01
-6.775306910276412964e-02,-4.114474654197692871e-01,-9.945746421813964844e+00,9.811759710311889648e+01
-6.774377077817916870e-02,-4.114536643028259277e-01,-9.945749282836914062e+00,9.812288308143615723e+01
-6.773441284894943237e-02,-4.114454090595245361e-01,-9.945752143859863281e+00,9.812771511077880859e+01
-6.772331893444061279e-02,-4.114449322223663330e-01,-9.945755958557128906e+00,9.813263416290283203e+01
-6.771110743284225464e-02,-4.114450514316558838e-01,-9.945760726928710938e+00,9.813762116432189941e+01
-6.782647222280502319e-02,-4.114224910736083984e-01,-9.945726394653320312e+00,9.814275598526000977e+01
-6.781772524118423462e-02,-4.114219248294830322e-01,-9.945722579956054688e+00,9.814763402938842773e+01
-6.780792772769927979e-02,-4.114187061786651611e-01,-9.945719718933105469e+00,9.815275621414184570e+01
-6.779720634222030640e-02,-4.114148020744323730e-01,-9.945715904235839844e+00,9.815772509574890137e+01
-6.778382509946823120e-02,-4.114131331443786621e-01,-9.945709228515625000e+00,9.816275715827941895e+01
-6.776977330446243286e-02,-4.114114940166473389e-01,-9.945702552795410156e+00,9.816777205467224121e+01
-6.777365505695343018e-02,-4.114674329757690430e-01,-9.945641517639160156e+00,9.817275500297546387e+01
-6.776271015405654907e-02,-4.114756286144256592e-01,-9.945636749267578125e+00,9.817779803276062012e+01
-6.774866580963134766e-02,-4.114834964275360107e-01,-9.945630073547363281e+00,9.818276000022888184e+01
-6.773396581411361694e-02,-4.114922583103179932e-01,-9.945624351501464844e+00,9.818776702880859375e+01
-6.771875917911529541e-02,-4.114997088909149170e-01,-9.945621490478515625e+00,9.819289207458496094e+01
-6.770257651805877686e-02,-4.115089178085327148e-01,-9.945617675781250000e+00,9.819789505004882812e+01
-6.768544018268585205e-02,-4.115192294120788574e-01,-9.945614814758300781e+00,9.820268821716308594e+01
-6.766724586486816406e-02,-4.115283489227294922e-01,-9.945611953735351562e+00,9.820778107643127441e+01
-6.782943755388259888e-02,-4.114801287651062012e-01,-9.945548057556152344e+00,9.821276402473449707e+01
-6.782075017690658569e-02,-4.114892482757568359e-01,-9.945541381835937500e+00,9.821800017356872559e+01
-6.781107187271118164e-02,-4.114995300769805908e-01,-9.945533752441406250e+00,9.822289013862609863e+01
-6.780013442039489746e-02,-4.114845395088195801e-01,-9.945543289184570312e+00,9.822811102867126465e+01
-6.778779625892639160e-02,-4.114886522293090820e-01,-9.945537567138671875e+00,9.823289608955383301e+01
-6.777407974004745483e-02,-4.114891886711120605e-01,-9.945531845092773438e+00,9.823796319961547852e+01
-6.784892082214355469e-02,-4.115014374256134033e-01,-9.945536613464355469e+00,9.824287915229797363e+01
-6.783745437860488892e-02,-4.115093052387237549e-01,-9.945534706115722656e+00,9.824785113334655762e+01
-6.782478839159011841e-02,-4.115190804004669189e-01,-9.945534706115722656e+00,9.825288915634155273e+01
-6.781417131423950195e-02,-4.115328192710876465e-01,-9.945542335510253906e+00,9.825799202919006348e+01
-6.780076771974563599e-02,-4.115430712699890137e-01,-9.945544242858886719e+00,9.826299619674682617e+01
-6.778652220964431763e-02,-4.115531742572784424e-01,-9.945544242858886719e+00,9.826796317100524902e+01
-6.777065992355346680e-02,-4.115586876869201660e-01,-9.945528984069824219e+00,9.827288413047790527e+01
-6.786093115806579590e-02,-4.114985466003417969e-01,-9.945609092712402344e+00,9.827789711952209473e+01
-6.784925609827041626e-02,-4.115061163902282715e-01,-9.945609092712402344e+00,9.828299403190612793e+01
-6.783404201269149780e-02,-4.115156531333923340e-01,-9.945611953735351562e+00,9.828805613517761230e+01
-6.781844049692153931e-02,-4.115284979343414307e-01,-9.945610046386718750e+00,9.829316020011901855e+01
-6.780157983303070068e-02,-4.115462899208068848e-01,-9.945610046386718750e+00,9.829800319671630859e+01
-6.778537482023239136e-02,-4.115721881389617920e-01,-9.945609092712402344e+00,9.830301904678344727e+01
-6.776762008666992188e-02,-4.115960001945495605e-01,-9.945608139038085938e+00,9.830790710449218750e+01
-6.797727942466735840e-02,-4.115254282951354980e-01,-9.945658683776855469e+00,9.831300902366638184e+01
-6.797326356172561646e-02,-4.115354418754577637e-01,-9.945662498474121094e+00,9.831800413131713867e+01
-6.796459108591079712e-02,-4.115504324436187744e-01,-9.945670127868652344e+00,9.832301616668701172e+01
-6.795574724674224854e-02,-4.115629196166992188e-01,-9.945672988891601562e+00,9.832824921607971191e+01
-6.794562190771102905e-02,-4.115765392780303955e-01,-9.945675849914550781e+00,9.833299899101257324e+01
-6.793397665023803711e-02,-4.115847349166870117e-01,-9.945677757263183594e+00,9.833800911903381348e+01
-6.793689727783203125e-02,-4.114947617053985596e-01,-9.945632934570312500e+00,9.834299206733703613e+01
-6.792601943016052246e-02,-4.114972949028015137e-01,-9.945630073547363281e+00,9.834823799133300781e+01
-6.791352480649948120e-02,-4.114974141120910645e-01,-9.945626258850097656e+00,9.835318899154663086e+01
-6.790000200271606445e-02,-4.115007817745208740e-01,-9.945626258850097656e+00,9.835811805725097656e+01
-6.788559257984161377e-02,-4.115042388439178467e-01,-9.945630073547363281e+00,9.836316108703613281e+01
-6.787019222974777222e-02,-4.115086197853088379e-01,-9.945637702941894531e+00,9.836813616752624512e+01
-6.791373342275619507e-02,-4.115166962146759033e-01,-9.945722579956054688e+00,9.837311816215515137e+01
-6.790304929018020630e-02,-4.115245044231414795e-01,-9.945730209350585938e+00,9.837808108329772949e+01
-6.789094954729080200e-02,-4.115263521671295166e-01,-9.945734024047851562e+00,9.838316321372985840e+01
-6.787745654582977295e-02,-4.115346074104309082e-01,-9.945738792419433594e+00,9.838812708854675293e+01
-6.786191463470458984e-02,-4.115405082702636719e-01,-9.945741653442382812e+00,9.839339399337768555e+01
-6.784451752901077271e-02,-4.115433394908905029e-01,-9.945742607116699219e+00,9.839825201034545898e+01
-6.782603263854980469e-02,-4.115509092807769775e-01,-9.945747375488281250e+00,9.840316915512084961e+01
-6.799991428852081299e-02,-4.115375280380249023e-01,-9.945736885070800781e+00,9.840822410583496094e+01
-6.798917055130004883e-02,-4.115343987941741943e-01,-9.945739746093750000e+00,9.841317200660705566e+01
-6.797759234905242920e-02,-4.115313291549682617e-01,-9.945750236511230469e+00,9.841815710067749023e+01
-6.796430796384811401e-02,-4.115297496318817139e-01,-9.945753097534179688e+00,9.842316913604736328e+01
-6.794910877943038940e-02,-4.115284979343414307e-01,-9.945754051208496094e+00,9.842848014831542969e+01
-6.793370097875595093e-02,-4.115289449691772461e-01,-9.945748329162597656e+00,9.843323516845703125e+01
-6.791679561138153076e-02,-4.115287959575653076e-01,-9.945744514465332031e+00,9.843828201293945312e+01
-6.802993267774581909e-02,-4.115373492240905762e-01,-9.945718765258789062e+00,9.844322705268859863e+01
-6.801591813564300537e-02,-4.115400910377502441e-01,-9.945704460144042969e+00,9.844845104217529297e+01
-6.800245493650436401e-02,-4.115438759326934814e-01,-9.945699691772460938e+00,9.845325803756713867e+01
-6.798772513866424561e-02,-4.115495979785919189e-01,-9.945693016052246094e+00,9.845839810371398926e+01
-6.797219067811965942e-02,-4.115621745586395264e-01,-9.945692062377929688e+00,9.846339201927185059e+01
-6.795507669448852539e-02,-4.115728139877319336e-01,-9.945687294006347656e+00,9.846826601028442383e+01
-6.793668121099472046e-02,-4.115839302539825439e-01,-9.945683479309082031e+00,9.847323012351989746e+01
-6.802002340555191040e-02,-4.116123914718627930e-01,-9.945660591125488281e+00,9.847827506065368652e+01
-6.800811737775802612e-02,-4.116296172142028809e-01,-9.945653915405273438e+00,9.848337721824645996e+01
-6.799416244029998779e-02,-4.116452932357788086e-01,-9.945650100708007812e+00,9.848842310905456543e+01
-6.797853857278823853e-02,-4.116626381874084473e-01,-9.945649147033691406e+00,9.849351501464843750e+01
-6.796310842037200928e-02,-4.116771221160888672e-01,-9.945654869079589844e+00,9.849838209152221680e+01
-6.794579327106475830e-02,-4.116937518119812012e-01,-9.945657730102539062e+00,9.850351500511169434e+01
-6.804778426885604858e-02,-4.115531444549560547e-01,-9.945645332336425781e+00,9.850831913948059082e+01
-6.803506612777709961e-02,-4.115552008152008057e-01,-9.945631980895996094e+00,9.851340413093566895e+01
-6.802153587341308594e-02,-4.115582108497619629e-01,-9.945619583129882812e+00,9.851858210563659668e+01
-6.800714880228042603e-02,-4.115631580352783203e-01,-9.945608139038085938e+00,9.852338814735412598e+01
-6.799235194921493530e-02,-4.115721881389617920e-01,-9.945601463317871094e+00,9.852850508689880371e+01
-6.797662377357482910e-02,-4.115801155567169189e-01,-9.945590972900390625e+00,9.853335905075073242e+01
-6.796009838581085205e-02,-4.115886092185974121e-01,-9.945580482482910156e+00,9.853843116760253906e+01
-6.806442886590957642e-02,-4.115741550922393799e-01,-9.945713996887207031e+00,9.854336810111999512e+01
-6.805066764354705811e-02,-4.115804731845855713e-01,-9.945715904235839844e+00,9.854836416244506836e+01
-6.803545355796813965e-02,-4.115886390209197998e-01,-9.945717811584472656e+00,9.855351901054382324e+01
-6.801916658878326416e-02,-4.115990102291107178e-01,-9.945721626281738281e+00,9.855893015861511230e+01
-6.800147891044616699e-02,-4.116090536117553711e-01,-9.945722579956054688e+00,9.856343221664428711e+01
-6.798231601715087891e-02,-4.116195738315582275e-01,-9.945723533630371094e+00,9.856852912902832031e+01
-6.796172261238098145e-02,-4.116296470165252686e-01,-9.945723533630371094e+00,9.857352018356323242e+01
-6.809663027524948120e-02,-4.115776419639587402e-01,-9.945558547973632812e+00,9.857860898971557617e+01
-6.807914376258850098e-02,-4.115802347660064697e-01,-9.945547103881835938e+00,9.858354902267456055e+01
-6.806107610464096069e-02,-4.115822613239288330e-01,-9.945536613464355469e+00,9.858848810195922852e+01
-6.804224848747253418e-02,-4.115861952304840088e-01,-9.945522308349609375e+00,9.859364819526672363e+01
-6.802306324243545532e-02,-4.115896522998809814e-01,-9.945513725280761719e+00,9.859853601455688477e+01
-6.800325214862823486e-02,-4.115924835205078125e-01,-9.945508003234863281e+00,9.860349822044372559e+01
-6.798127293586730957e-02,-4.115941822528839111e-01,-9.945509910583496094e+00,9.860876512527465820e+01
-6.814128905534744263e-02,-4.116155803203582764e-01,-9.945663452148437500e+00,9.861354613304138184e+01
-6.812790036201477051e-02,-4.116235673427581787e-01,-9.945658683776855469e+00,9.861881113052368164e+01
-6.811600178480148315e-02,-4.116338491439819336e-01,-9.945660591125488281e+00,9.862354516983032227e+01
-6.810151040554046631e-02,-4.116443693637847900e-01,-9.945655822753906250e+00,9.862867212295532227e+01
-6.808621436357498169e-02,-4.116561710834503174e-01,-9.945650100708007812e+00,9.863365817070007324e+01
-6.806817650794982910e-02,-4.116700291633605957e-01,-9.945640563964843750e+00,9.863863921165466309e+01
-6.818865984678268433e-02,-4.116084575653076172e-01,-9.945640563964843750e+00,9.864368820190429688e+01
-6.817474961280822754e-02,-4.116176068782806396e-01,-9.945642471313476562e+00,9.864865303039550781e+01
-6.816007196903228760e-02,-4.116273224353790283e-01,-9.945645332336425781e+00,9.865365505218505859e+01
-6.814764440059661865e-02,-4.116292297840118408e-01,-9.945648193359375000e+00,9.865877914428710938e+01
-6.813272833824157715e-02,-4.116385579109191895e-01,-9.945649147033691406e+00,9.866377305984497070e+01
-6.811700016260147095e-02,-4.116497635841369629e-01,-9.945649147033691406e+00,9.866865515708923340e+01
-6.809868663549423218e-02,-4.116655588150024414e-01,-9.945650100708007812e+00,9.867365121841430664e+01
-6.821806728839874268e-02,-4.116504490375518799e-01,-9.945569038391113281e+00,9.867864298820495605e+01
-6.820558011531829834e-02,-4.116551280021667480e-01,-9.945566177368164062e+00,9.868365406990051270e+01
-6.819187104701995850e-02,-4.116654098033905029e-01,-9.945559501647949219e+00,9.868878006935119629e+01
-6.817694008350372314e-02,-4.116738736629486084e-01,-9.945551872253417969e+00,9.869391107559204102e+01
-6.816069036722183228e-02,-4.116842448711395264e-01,-9.945542335510253906e+00,9.869876003265380859e+01
-6.814304739236831665e-02,-4.116960465908050537e-01,-9.945531845092773438e+00,9.870377302169799805e+01
-6.832395493984222412e-02,-4.115895330905914307e-01,-9.945617675781250000e+00,9.870877408981323242e+01
-6.831356883049011230e-02,-4.115896522998809814e-01,-9.945627212524414062e+00,9.871375107765197754e+01
-6.830099970102310181e-02,-4.115905761718750000e-01,-9.945627212524414062e+00,9.871876716613769531e+01
-6.828749924898147583e-02,-4.115913212299346924e-01,-9.945637702941894531e+00,9.872376704216003418e+01
-6.827288120985031128e-02,-4.115925729274749756e-01,-9.945649147033691406e+00,9.872869205474853516e+01
-6.825707852840423584e-02,-4.115948081016540527e-01,-9.945658683776855469e+00,9.873376417160034180e+01
-6.823994219303131104e-02,-4.115965664386749268e-01,-9.945661544799804688e+00,9.873877906799316406e+01
-6.836564838886260986e-02,-4.116185605525970459e-01,-9.945534706115722656e+00,9.874374914169311523e+01
-6.835713982582092285e-02,-4.116274416446685791e-01,-9.945511817932128906e+00,9.874878215789794922e+01
-6.834631413221359253e-02,-4.116399586200714111e-01,-9.945479393005371094e+00,9.875386404991149902e+01
-6.833411008119583130e-02,-4.116503894329071045e-01,-9.945452690124511719e+00,9.875892615318298340e+01
-6.832044571638107300e-02,-4.116615056991577148e-01,-9.945424079895019531e+00,9.876388907432556152e+01
-6.830420345067977905e-02,-4.116685986518859863e-01,-9.945406913757324219e+00,9.876878905296325684e+01
-6.828643381595611572e-02,-4.116781353950500488e-01,-9.945383071899414062e+00,9.877386212348937988e+01
-6.838835030794143677e-02,-4.116269946098327637e-01,-9.945511817932128906e+00,9.877891802787780762e+01
-6.837697327136993408e-02,-4.116304218769073486e-01,-9.945502281188964844e+00,9.878388214111328125e+01
-6.836245208978652954e-02,-4.116338193416595459e-01,-9.945499420166015625e+00,9.878886508941650391e+01
-6.834740191698074341e-02,-4.116351604461669922e-01,-9.945499420166015625e+00,9.879412817955017090e+01
-6.832990795373916626e-02,-4.116321504116058350e-01,-9.945505142211914062e+00,9.879888415336608887e+01
-6.831166148185729980e-02,-4.116312861442565918e-01,-9.945508003234863281e+00,9.880388522148132324e+01
-6.848469376564025879e-02,-4.115832448005676270e-01,-9.945549964904785156e+00,9.880892205238342285e+01
-6.847804784774780273e-02,-4.115895628929138184e-01,-9.945547103881835938e+00,9.881391811370849609e+01
-6.846866011619567871e-02,-4.115926325321197510e-01,-9.945542335510253906e+00,9.881891798973083496e+01
-6.845767796039581299e-02,-4.115975797176361084e-01,-9.945533752441406250e+00,9.882386898994445801e+01
-6.844527274370193481e-02,-4.116058051586151123e-01,-9.945522308349609375e+00,9.882892298698425293e+01
-6.843206286430358887e-02,-4.116099774837493896e-01,-9.945520401000976562e+00,9.883399319648742676e+01
-6.841797381639480591e-02,-4.116199314594268799e-01,-9.945511817932128906e+00,9.883899807929992676e+01
-6.844847649335861206e-02,-4.116337895393371582e-01,-9.945546150207519531e+00,9.884406900405883789e+01
-6.843268871307373047e-02,-4.116474986076354980e-01,-9.945537567138671875e+00,9.884901618957519531e+01
-6.841732561588287354e-02,-4.116593897342681885e-01,-9.945530891418457031e+00,9.885402512550354004e+01
-6.840073317289352417e-02,-4.116714298725128174e-01,-9.945525169372558594e+00,9.885907506942749023e+01
-6.838482618331909180e-02,-4.116798341274261475e-01,-9.945526123046875000e+00,9.886404800415039062e+01
-6.836739927530288696e-02,-4.116909503936767578e-01,-9.945524215698242188e+00,9.886901617050170898e+01
-6.840813159942626953e-02,-4.116761386394500732e-01,-9.945567131042480469e+00,9.887402606010437012e+01
-6.839341670274734497e-02,-4.116878807544708252e-01,-9.945555686950683594e+00,9.887898516654968262e+01
-6.837927550077438354e-02,-4.116994738578796387e-01,-9.945550918579101562e+00,9.888406419754028320e+01
-6.836392730474472046e-02,-4.117119908332824707e-01,-9.945546150207519531e+00,9.888899517059326172e+01
-6.834911555051803589e-02,-4.117207825183868408e-01,-9.945547103881835938e+00,9.889419102668762207e+01
-6.833295524120330811e-02,-4.117321670055389404e-01,-9.945545196533203125e+00,9.889902019500732422e+01
-6.831625103950500488e-02,-4.117431938648223877e-01,-9.945545196533203125e+00,9.890408611297607422e+01
-6.844318658113479614e-02,-4.116841554641723633e-01,-9.945424079895019531e+00,9.890922021865844727e+01
-6.843560189008712769e-02,-4.116955697536468506e-01,-9.945415496826171875e+00,9.891413211822509766e+01
-6.842613965272903442e-02,-4.117042720317840576e-01,-9.945401191711425781e+00,9.891921520233154297e+01
-6.841573864221572876e-02,-4.117144346237182617e-01,-9.945385932922363281e+00,9.892409420013427734e+01
-6.840258836746215820e-02,-4.117237925529479980e-01,-9.945375442504882812e+00,9.892910814285278320e+01
-6.838833540678024292e-02,-4.117334187030792236e-01,-9.945362091064453125e+00,9.893414211273193359e+01
-6.837289035320281982e-02,-4.117418229579925537e-01,-9.945346832275390625e+00,9.893907403945922852e+01
-6.848661601543426514e-02,-4.116965830326080322e-01,-9.945549011230468750e+00,9.894417214393615723e+01
-6.847646832466125488e-02,-4.117056131362915039e-01,-9.945556640625000000e+00,9.894928407669067383e+01
-6.846559047698974609e-02,-4.117159247398376465e-01,-9.945565223693847656e+00,9.895423817634582520e+01
-6.845348328351974487e-02,-4.117213487625122070e-01,-9.945571899414062500e+00,9.895939517021179199e+01
-6.844043731689453125e-02,-4.117279946804046631e-01,-9.945578575134277344e+00,9.896428799629211426e+01
-6.842632591724395752e-02,-4.117318391799926758e-01,-9.945582389831542969e+00,9.896929216384887695e+01
-6.841107457876205444e-02,-4.117318093776702881e-01,-9.945582389831542969e+00,9.897425007820129395e+01
-6.855542212724685669e-02,-4.117035567760467529e-01,-9.945542335510253906e+00,9.897926712036132812e+01
-6.854528188705444336e-02,-4.117154181003570557e-01,-9.945548057556152344e+00,9.898420405387878418e+01
-6.853456795215606689e-02,-4.117275774478912354e-01,-9.945551872253417969e+00,9.898930621147155762e+01
-6.851895153522491455e-02,-4.117249846458435059e-01,-9.945543289184570312e+00,9.899450302124023438e+01
-6.850550323724746704e-02,-4.117319285869598389e-01,-9.945547103881835938e+00,9.899928808212280273e+01
-6.849081069231033325e-02,-4.117374420166015625e-01,-9.945549964904785156e+00,9.900428509712219238e+01
-6.854266673326492310e-02,-4.117184579372406006e-01,-9.945458412170410156e+00,9.900921010971069336e+01
-6.853500753641128540e-02,-4.117253124713897705e-01,-9.945462226867675781e+00,9.901426720619201660e+01
-6.852675974369049072e-02,-4.117335677146911621e-01,-9.945466041564941406e+00,9.901943516731262207e+01
-6.851761788129806519e-02,-4.117471575736999512e-01,-9.945465087890625000e+00,9.902442502975463867e+01
-6.850734353065490723e-02,-4.117598235607147217e-01,-9.945468902587890625e+00,9.902938818931579590e+01
-6.849598884582519531e-02,-4.117766916751861572e-01,-9.945472717285156250e+00,9.903437900543212891e+01
-6.848238408565521240e-02,-4.117994606494903564e-01,-9.945479393005371094e+00,9.903942704200744629e+01
-6.852690875530242920e-02,-4.117105305194854736e-01,-9.945486068725585938e+00,9.904441809654235840e+01
-6.851433962583541870e-02,-4.117132127285003662e-01,-9.945483207702636719e+00,9.904939007759094238e+01
-6.850051879882812500e-02,-4.117123186588287354e-01,-9.945480346679687500e+00,9.905438399314880371e+01
-6.848546862602233887e-02,-4.117148220539093018e-01,-9.945475578308105469e+00,9.905956411361694336e+01
-6.846915185451507568e-02,-4.117191135883331299e-01,-9.945471763610839844e+00,9.906443309783935547e+01
-6.845372170209884644e-02,-4.117321372032165527e-01,-9.945471763610839844e+00,9.906940698623657227e+01
-6.843682378530502319e-02,-4.117412567138671875e-01,-9.945469856262207031e+00,9.907437419891357422e+01
-6.850691139698028564e-02,-4.117242693901062012e-01,-9.945415496826171875e+00,9.907944107055664062e+01
-6.849561631679534912e-02,-4.117265939712524414e-01,-9.945419311523437500e+00,9.908442711830139160e+01
-6.848259270191192627e-02,-4.117295742034912109e-01,-9.945417404174804688e+00,9.908954906463623047e+01
-6.846828758716583252e-02,-4.117306172847747803e-01,-9.945420265197753906e+00,9.909454798698425293e+01
-6.845315545797348022e-02,-4.117299914360046387e-01,-9.945422172546386719e+00,9.909956812858581543e+01
-6.843572109937667847e-02,-4.117296338081359863e-01,-9.945422172546386719e+00,9.910451817512512207e+01
-6.858766824007034302e-02,-4.117405414581298828e-01,-9.945418357849121094e+00,9.910948610305786133e+01
-6.857345998287200928e-02,-4.117538928985595703e-01,-9.945416450500488281e+00,9.911448502540588379e+01
-6.856077909469604492e-02,-4.117616117000579834e-01,-9.945415496826171875e+00,9.911952900886535645e+01
-6.854559481143951416e-02,-4.117737710475921631e-01,-9.945411682128906250e+00,9.912442302703857422e+01
-6.852935999631881714e-02,-4.117855429649353027e-01,-9.945406913757324219e+00,9.912939310073852539e+01
-6.851065903902053833e-02,-4.117973148822784424e-01,-9.945402145385742188e+00,9.913450813293457031e+01
-6.849145144224166870e-02,-4.118100106716156006e-01,-9.945397377014160156e+00,9.913954305648803711e+01
-6.861253827810287476e-02,-4.117714762687683105e-01,-9.945460319519042969e+00,9.914448499679565430e+01
-6.860149651765823364e-02,-4.117785096168518066e-01,-9.945468902587890625e+00,9.914952611923217773e+01
-6.858982145786285400e-02,-4.117894172668457031e-01,-9.945478439331054688e+00,9.915450215339660645e+01
-6.857702881097793579e-02,-4.118021428585052490e-01,-9.945489883422851562e+00,9.915978813171386719e+01
-6.856220960617065430e-02,-4.118146598339080811e-01,-9.945501327514648438e+00,9.916454005241394043e+01
-6.854791939258575439e-02,-4.118245244026184082e-01,-9.945512771606445312e+00,9.916960620880126953e+01
-6.862545758485794067e-02,-4.117592871189117432e-01,-9.945417404174804688e+00,9.917454409599304199e+01
-6.861808896064758301e-02,-4.117588102817535400e-01,-9.945422172546386719e+00,9.917965006828308105e+01
-6.860993057489395142e-02,-4.117595553398132324e-01,-9.945426940917968750e+00,9.918454408645629883e+01
-6.860076636075973511e-02,-4.117606580257415771e-01,-9.945431709289550781e+00,9.918963503837585449e+01
-6.859100610017776489e-02,-4.117629826068878174e-01,-9.945437431335449219e+00,9.919468998908996582e+01
-6.858095526695251465e-02,-4.117697179317474365e-01,-9.945448875427246094e+00,9.919964599609375000e+01
-6.856991350650787354e-02,-4.117754101753234863e-01,-9.945457458496093750e+00,9.920454120635986328e+01
-6.867894530296325684e-02,-4.117759466171264648e-01,-9.945330619812011719e+00,9.920964813232421875e+01
-6.866695731878280640e-02,-4.117771089076995850e-01,-9.945319175720214844e+00,9.921455407142639160e+01
-6.865496933460235596e-02,-4.117807149887084961e-01,-9.945303916931152344e+00,9.921964001655578613e+01
-6.864144653081893921e-02,-4.117856025695800781e-01,-9.945283889770507812e+00,9.922466301918029785e+01
-6.862824410200119019e-02,-4.117955863475799561e-01,-9.945258140563964844e+00,9.922980117797851562e+01
-6.861362606287002563e-02,-4.118043780326843262e-01,-9.945234298706054688e+00,9.923467421531677246e+01
-6.859804689884185791e-02,-4.118135571479797363e-01,-9.945208549499511719e+00,9.923978805541992188e+01
-6.870799511671066284e-02,-4.118137359619140625e-01,-9.945338249206542969e+00,9.924492406845092773e+01
-6.869609653949737549e-02,-4.118215739727020264e-01,-9.945329666137695312e+00,9.924978899955749512e+01
-6.868349015712738037e-02,-4.118302464485168457e-01,-9.945320129394531250e+00,9.925465822219848633e+01
-6.867022812366485596e-02,-4.118397831916809082e-01,-9.945311546325683594e+00,9.925996398925781250e+01
-6.865351647138595581e-02,-4.118475914001464844e-01,-9.945295333862304688e+00,9.926465916633605957e+01
-6.863678991794586182e-02,-4.118544757366180420e-01,-9.945275306701660156e+00,9.926979517936706543e+01
-6.874664127826690674e-02,-4.117968082427978516e-01,-9.945352554321289062e+00,9.927466416358947754e+01
-6.873527914285659790e-02,-4.118011891841888428e-01,-9.945343971252441406e+00,9.927977418899536133e+01
-6.872174888849258423e-02,-4.118097722530364990e-01,-9.945339202880859375e+00,9.928471422195434570e+01
-6.870742142200469971e-02,-4.118184745311737061e-01,-9.945333480834960938e+00,9.928977012634277344e+01
-6.869052350521087646e-02,-4.118276834487915039e-01,-9.945326805114746094e+00,9.929491209983825684e+01
-6.867307424545288086e-02,-4.118371605873107910e-01,-9.945320129394531250e+00,9.929989409446716309e+01
-6.865436583757400513e-02,-4.118468463420867920e-01,-9.945312500000000000e+00,9.930478000640869141e+01
-6.874611228704452515e-02,-4.118234515190124512e-01,-9.945378303527832031e+00,9.930988621711730957e+01
-6.873299181461334229e-02,-4.118290841579437256e-01,-9.945373535156250000e+00,9.931480622291564941e+01
-6.871925294399261475e-02,-4.118337035179138184e-01,-9.945363998413085938e+00,9.932008719444274902e+01
-6.870278716087341309e-02,-4.118370413780212402e-01,-9.945346832275390625e+00,9.932490420341491699e+01
-6.868585944175720215e-02,-4.118416309356689453e-01,-9.945331573486328125e+00,9.932977914810180664e+01
-6.866765022277832031e-02,-4.118475317955017090e-01,-9.945318222045898438e+00,9.933478522300720215e+01
-6.864821910858154297e-02,-4.118545353412628174e-01,-9.945303916931152344e+00,9.933986806869506836e+01
-6.877694278955459595e-02,-4.118435084819793701e-01,-9.945340156555175781e+00,9.934479904174804688e+01
-6.876298040151596069e-02,-4.118508696556091309e-01,-9.945325851440429688e+00,9.934983015060424805e+01
-6.874862313270568848e-02,-4.118586480617523193e-01,-9.945309638977050781e+00,9.935480499267578125e+01
-6.873025745153427124e-02,-4.118619263172149658e-01,-9.945292472839355469e+00,9.936022114753723145e+01
-6.871209293603897095e-02,-4.118683338165283203e-01,-9.945274353027343750e+00,9.936490917205810547e+01
-6.869228184223175049e-02,-4.118734002113342285e-01,-9.945253372192382812e+00,9.937002205848693848e+01
-6.882899999618530273e-02,-4.118749499320983887e-01,-9.945415496826171875e+00,9.937491512298583984e+01
-6.881899386644363403e-02,-4.118853211402893066e-01,-9.945416450500488281e+00,9.938018012046813965e+01
-6.880836933851242065e-02,-4.118965268135070801e-01,-9.945417404174804688e+00,9.938500499725341797e+01
-6.879431009292602539e-02,-4.119106233119964600e-01,-9.945413589477539062e+00,9.939004707336425781e+01
-6.878045946359634399e-02,-4.119250476360321045e-01,-9.945408821105957031e+00,9.939506816864013672e+01
-6.876529753208160400e-02,-4.119420647621154785e-01,-9.945401191711425781e+00,9.940006518363952637e+01
-6.874863803386688232e-02,-4.119608998298645020e-01,-9.945387840270996094e+00,9.940491104125976562e+01
-6.880646198987960815e-02,-4.118356704711914062e-01,-9.945402145385742188e+00,9.940997219085693359e+01
-6.879277527332305908e-02,-4.118377566337585449e-01,-9.945403099060058594e+00,9.941501903533935547e+01
-6.877785176038742065e-02,-4.118396043777465820e-01,-9.945406913757324219e+00,9.942036318778991699e+01
-6.876516342163085938e-02,-4.118410348892211914e-01,-9.945415496826171875e+00,9.942526507377624512e+01
-6.874933093786239624e-02,-4.118431210517883301e-01,-9.945418357849121094e+00,9.943014502525329590e+01
-6.873263418674468994e-02,-4.118448197841644287e-01,-9.945423126220703125e+00,9.943498015403747559e+01
-6.871511042118072510e-02,-4.118469357490539551e-01,-9.945427894592285156e+00,9.944019103050231934e+01
-6.888786703348159790e-02,-4.118488729000091553e-01,-9.945328712463378906e+00,9.944511413574218750e+01
-6.888172030448913574e-02,-4.118567407131195068e-01,-9.945325851440429688e+00,9.945023322105407715e+01
-6.887507438659667969e-02,-4.118738472461700439e-01,-9.945319175720214844e+00,9.945518803596496582e+01
-6.886733323335647583e-02,-4.118833541870117188e-01,-9.945314407348632812e+00,9.946036601066589355e+01
-6.885845214128494263e-02,-4.118920266628265381e-01,-9.945307731628417969e+00,9.946509099006652832e+01
-6.884654611349105835e-02,-4.118915200233459473e-01,-9.945300102233886719e+00,9.947015905380249023e+01
-6.891205161809921265e-02,-4.119027256965637207e-01,-9.945416450500488281e+00,9.947507214546203613e+01
-6.890241056680679321e-02,-4.119112789630889893e-01,-9.945418357849121094e+00,9.948020720481872559e+01
-6.889123469591140747e-02,-4.119188785552978516e-01,-9.945417404174804688e+00,9.948517799377441406e+01
-6.887893378734588623e-02,-4.119282364845275879e-01,-9.945418357849121094e+00,9.949031400680541992e+01
-6.886533647775650024e-02,-4.119382798671722412e-01,-9.945418357849121094e+00,9.949519705772399902e+01
-6.885209679603576660e-02,-4.119481146335601807e-01,-9.945417404174804688e+00,9.950050115585327148e+01
-6.883732974529266357e-02,-4.119587242603302002e-01,-9.945417404174804688e+00,9.950517606735229492e+01
-6.888146698474884033e-02,-4.119041264057159424e-01,-9.945442199707031250e+00,9.951027917861938477e+01
-6.886861473321914673e-02,-4.119099974632263184e-01,-9.945432662963867188e+00,9.951528215408325195e+01
-6.885457783937454224e-02,-4.119133353233337402e-01,-9.945415496826171875e+00,9.952038621902465820e+01
-6.884025037288665771e-02,-4.119186997413635254e-01,-9.945405960083007812e+00,9.952534699440002441e+01
-6.882499903440475464e-02,-4.119237363338470459e-01,-9.945395469665527344e+00,9.953031420707702637e+01
-6.880709528923034668e-02,-4.119291305541992188e-01,-9.945384025573730469e+00,9.953527307510375977e+01
-6.878869235515594482e-02,-4.119347631931304932e-01,-9.945373535156250000e+00,9.954029107093811035e+01
-6.891816109418869019e-02,-4.119026958942413330e-01,-9.945449829101562500e+00,9.954519009590148926e+01
-6.890643388032913208e-02,-4.119063317775726318e-01,-9.945458412170410156e+00,9.955037999153137207e+01
-6.889197230339050293e-02,-4.119105935096740723e-01,-9.945463180541992188e+00,9.955530810356140137e+01
-6.887631118297576904e-02,-4.119130671024322510e-01,-9.945466041564941406e+00,9.956055402755737305e+01
-6.885939836502075195e-02,-4.119119644165039062e-01,-9.945462226867675781e+00,9.956529307365417480e+01
-6.884196400642395020e-02,-4.119125604629516602e-01,-9.945461273193359375e+00,9.957026815414428711e+01
-6.900161504745483398e-02,-4.119036197662353516e-01,-9.945455551147460938e+00,9.957525205612182617e+01
-6.898815929889678955e-02,-4.119110107421875000e-01,-9.945457458496093750e+00,9.958048820495605469e+01
-6.897470355033874512e-02,-4.119158983230590820e-01,-9.945460319519042969e+00,9.958535003662109375e+01
-6.896015256643295288e-02,-4.119209945201873779e-01,-9.945466041564941406e+00,9.959036707878112793e+01
-6.894472241401672363e-02,-4.119277298450469971e-01,-9.945473670959472656e+00,9.959541106224060059e+01
-6.892781704664230347e-02,-4.119338691234588623e-01,-9.945474624633789062e+00,9.960034918785095215e+01
-6.891008466482162476e-02,-4.119405746459960938e-01,-9.945487022399902344e+00,9.960531902313232422e+01
-6.902480870485305786e-02,-4.118966758251190186e-01,-9.945385932922363281e+00,9.961041402816772461e+01
-6.901592761278152466e-02,-4.118995070457458496e-01,-9.945388793945312500e+00,9.961535000801086426e+01
-6.900630146265029907e-02,-4.119047522544860840e-01,-9.945391654968261719e+00,9.962022209167480469e+01
-6.899525970220565796e-02,-4.119127094745635986e-01,-9.945392608642578125e+00,9.962551212310791016e+01
-6.898394972085952759e-02,-4.119223058223724365e-01,-9.945389747619628906e+00,9.963062214851379395e+01
-6.897097826004028320e-02,-4.119325578212738037e-01,-9.945386886596679688e+00,9.963536405563354492e+01
-6.895726919174194336e-02,-4.119435548782348633e-01,-9.945383071899414062e+00,9.964060521125793457e+01
-6.904004514217376709e-02,-4.118801951408386230e-01,-9.945451736450195312e+00,9.964550709724426270e+01
-6.902793049812316895e-02,-4.118790924549102783e-01,-9.945452690124511719e+00,9.965056610107421875e+01
-6.901544332504272461e-02,-4.118761122226715088e-01,-9.945451736450195312e+00,9.965538406372070312e+01
-6.900210678577423096e-02,-4.118703901767730713e-01,-9.945452690124511719e+00,9.966056799888610840e+01
-6.898775696754455566e-02,-4.118654727935791016e-01,-9.945451736450195312e+00,9.966548418998718262e+01
-6.897255033254623413e-02,-4.118599891662597656e-01,-9.945450782775878906e+00,9.967047810554504395e+01
-6.903266161680221558e-02,-4.118867516517639160e-01,-9.945375442504882812e+00,9.967545008659362793e+01
-6.902449578046798706e-02,-4.118856191635131836e-01,-9.945371627807617188e+00,9.968046808242797852e+01
-6.901517510414123535e-02,-4.118856191635131836e-01,-9.945366859436035156e+00,9.968545818328857422e+01
-6.900493055582046509e-02,-4.118856787681579590e-01,-9.945363044738769531e+00,9.969047403335571289e+01
-6.899402290582656860e-02,-4.118891656398773193e-01,-9.945358276367187500e+00,9.969557404518127441e+01
-6.898227334022521973e-02,-4.118920564651489258e-01,-9.945354461669921875e+00,9.970048499107360840e+01
-6.896982342004776001e-02,-4.118960201740264893e-01,-9.945352554321289062e+00,9.970555901527404785e+01
-6.901404261589050293e-02,-4.119586646556854248e-01,-9.945383071899414062e+00,9.971068215370178223e+01
-6.900253146886825562e-02,-4.119655489921569824e-01,-9.945377349853515625e+00,9.971564912796020508e+01
-6.898990273475646973e-02,-4.119729399681091309e-01,-9.945372581481933594e+00,9.972090315818786621e+01
-6.897760182619094849e-02,-4.119806587696075439e-01,-9.945365905761718750e+00,9.972574901580810547e+01
-6.896375119686126709e-02,-4.119889438152313232e-01,-9.945362091064453125e+00,9.973064613342285156e+01
-6.894911825656890869e-02,-4.119971096515655518e-01,-9.945357322692871094e+00,9.973553109169006348e+01
-6.893353909254074097e-02,-4.120036363601684570e-01,-9.945345878601074219e+00,9.974061107635498047e+01
-6.913142651319503784e-02,-4.119300544261932373e-01,-9.945487022399902344e+00,9.974550008773803711e+01
-6.912281364202499390e-02,-4.119387567043304443e-01,-9.945487976074218750e+00,9.975061321258544922e+01
-6.911091506481170654e-02,-4.119367301464080811e-01,-9.945492744445800781e+00,9.975647521018981934e+01
-6.909973174333572388e-02,-4.119414687156677246e-01,-9.945494651794433594e+00,9.976079607009887695e+01
-6.908776611089706421e-02,-4.119446277618408203e-01,-9.945497512817382812e+00,9.976571011543273926e+01
-6.907480955123901367e-02,-4.119461774826049805e-01,-9.945503234863281250e+00,9.977068519592285156e+01
-6.917307525873184204e-02,-4.119007587432861328e-01,-9.945466041564941406e+00,9.977569317817687988e+01
-6.916028261184692383e-02,-4.119025170803070068e-01,-9.945465087890625000e+00,9.978078007698059082e+01
-6.914626061916351318e-02,-4.119040668010711670e-01,-9.945464134216308594e+00,9.978567409515380859e+01
-6.913094222545623779e-02,-4.119054675102233887e-01,-9.945461273193359375e+00,9.979078507423400879e+01
-6.911459565162658691e-02,-4.119085967540740967e-01,-9.945462226867675781e+00,9.979579114913940430e+01
-6.909703463315963745e-02,-4.119126796722412109e-01,-9.945465087890625000e+00,9.980076909065246582e+01
-6.907992064952850342e-02,-4.119201898574829102e-01,-9.945466995239257812e+00,9.980573010444641113e+01
-6.914369761943817139e-02,-4.119134843349456787e-01,-9.945459365844726562e+00,9.981077408790588379e+01
-6.912994384765625000e-02,-4.119168519973754883e-01,-9.945449829101562500e+00,9.981567001342773438e+01
-6.911536306142807007e-02,-4.119176566600799561e-01,-9.945438385009765625e+00,9.982079315185546875e+01
-6.910024583339691162e-02,-4.119202792644500732e-01,-9.945430755615234375e+00,9.982675218582153320e+01
-6.908423453569412231e-02,-4.119245409965515137e-01,-9.945423126220703125e+00,9.983090710639953613e+01
-6.906624883413314819e-02,-4.119372963905334473e-01,-9.945425033569335938e+00,9.983567500114440918e+01
-6.904749572277069092e-02,-4.119471609592437744e-01,-9.945421218872070312e+00,9.984096217155456543e+01
-6.914921104907989502e-02,-4.119502007961273193e-01,-9.945515632629394531e+00,9.984584021568298340e+01
-6.913829594850540161e-02,-4.119637012481689453e-01,-9.945520401000976562e+00,9.985081219673156738e+01
-6.912570446729660034e-02,-4.119721055030822754e-01,-9.945524215698242188e+00,9.985577011108398438e+01
-6.911166757345199585e-02,-4.119845628738403320e-01,-9.945526123046875000e+00,9.986096906661987305e+01
-6.909634172916412354e-02,-4.119974970817565918e-01,-9.945527076721191406e+00,9.986579799652099609e+01
-6.907977908849716187e-02,-4.120086133480072021e-01,-9.945526123046875000e+00,9.987081098556518555e+01
-6.911987066268920898e-02,-4.119482338428497314e-01,-9.945538520812988281e+00,9.987579321861267090e+01
-6.910865008831024170e-02,-4.119526445865631104e-01,-9.945548057556152344e+00,9.988083720207214355e+01
-6.909949332475662231e-02,-4.119599759578704834e-01,-9.945566177368164062e+00,9.988579511642456055e+01
-6.908768415451049805e-02,-4.119646549224853516e-01,-9.945578575134277344e+00,9.989080810546875000e+01
-6.907509267330169678e-02,-4.119692742824554443e-01,-9.945591926574707031e+00,9.989596819877624512e+01
-6.906139850616455078e-02,-4.119709730148315430e-01,-9.945599555969238281e+00,9.990081501007080078e+01
-6.916611641645431519e-02,-4.119051694869995117e-01,-9.945533752441406250e+00,9.990578413009643555e+01
-6.915639340877532959e-02,-4.119076430797576904e-01,-9.945540428161621094e+00,9.991095399856567383e+01
-6.914328783750534058e-02,-4.119113683700561523e-01,-9.945538520812988281e+00,9.991603517532348633e+01
-6.913085281848907471e-02,-4.119189381599426270e-01,-9.945543289184570312e+00,9.992095518112182617e+01
-6.911732256412506104e-02,-4.119295775890350342e-01,-9.945549964904785156e+00,9.992617416381835938e+01
-6.910263746976852417e-02,-4.119438529014587402e-01,-9.945555686950683594e+00,9.993095898628234863e+01
-6.908860802650451660e-02,-4.119478166103363037e-01,-9.945556640625000000e+00,9.993606805801391602e+01
-6.922744959592819214e-02,-4.118985831737518311e-01,-9.945535659790039062e+00,9.994096708297729492e+01
-6.921425461769104004e-02,-4.119120538234710693e-01,-9.945534706115722656e+00,9.994602417945861816e+01
-6.919779628515243530e-02,-4.119237959384918213e-01,-9.945536613464355469e+00,9.995098900794982910e+01
-6.918225437402725220e-02,-4.119382202625274658e-01,-9.945534706115722656e+00,9.995608615875244141e+01
-6.916576623916625977e-02,-4.119551181793212891e-01,-9.945532798767089844e+00,9.996119213104248047e+01
-6.914791464805603027e-02,-4.119732379913330078e-01,-9.945530891418457031e+00,9.996600413322448730e+01
-6.912859529256820679e-02,-4.119920432567596436e-01,-9.945528030395507812e+00,9.997118711471557617e+01
-6.921199709177017212e-02,-4.118903875350952148e-01,-9.945427894592285156e+00,9.997613310813903809e+01
-6.920318305492401123e-02,-4.118941724300384521e-01,-9.945421218872070312e+00,9.998140215873718262e+01
-6.919218599796295166e-02,-4.118974208831787109e-01,-9.945416450500488281e+00,9.998620200157165527e+01
-6.918038427829742432e-02,-4.119010567665100098e-01,-9.945412635803222656e+00,9.999116706848144531e+01
-6.916610151529312134e-02,-4.119035601615905762e-01,-9.945411682128906250e+00,9.999621820449829102e+01
-6.915127485990524292e-02,-4.119069576263427734e-01,-9.945409774780273438e+00,1.000011901855468750e+02
-6.920891255140304565e-02,-4.119307994842529297e-01,-9.945492744445800781e+00,1.000060811042785645e+02
-6.919685751199722290e-02,-4.119380712509155273e-01,-9.945491790771484375e+00,1.000114421844482422e+02
-6.918258219957351685e-02,-4.119460284709930420e-01,-9.945487022399902344e+00,1.000162332057952881e+02
-6.916774064302444458e-02,-4.119544327259063721e-01,-9.945481300354003906e+00,1.000211710929870605e+02
-6.915200501680374146e-02,-4.119639396667480469e-01,-9.945471763610839844e+00,1.000268771648406982e+02
-6.913599371910095215e-02,-4.119705855846405029e-01,-9.945475578308105469e+00,1.000311281681060791e+02
-6.911931186914443970e-02,-4.119805991649627686e-01,-9.945477485656738281e+00,1.000367619991302490e+02
-6.924704462289810181e-02,-4.119572639465332031e-01,-9.945545196533203125e+00,1.000411131381988525e+02
-6.923881173133850098e-02,-4.119626581668853760e-01,-9.945549964904785156e+00,1.000466980934143066e+02
-6.922989338636398315e-02,-4.119676649570465088e-01,-9.945549011230468750e+00,1.000511190891265869e+02
-6.922039389610290527e-02,-4.119710028171539307e-01,-9.945545196533203125e+00,1.000568530559539795e+02
-6.920791417360305786e-02,-4.119708538055419922e-01,-9.945535659790039062e+00,1.000613901615142822e+02
-6.919484585523605347e-02,-4.119727611541748047e-01,-9.945527076721191406e+00,1.000668861865997314e+02
-6.918036192655563354e-02,-4.119746685028076172e-01,-9.945517539978027344e+00,1.000712361335754395e+02
-6.924161314964294434e-02,-4.119826257228851318e-01,-9.945579528808593750e+00,1.000766851902008057e+02
-6.923396885395050049e-02,-4.119959771633148193e-01,-9.945587158203125000e+00,1.000812320709228516e+02
-6.922538578510284424e-02,-4.120129644870758057e-01,-9.945594787597656250e+00,1.000862321853637695e+02
-6.921416521072387695e-02,-4.120354354381561279e-01,-9.945600509643554688e+00,1.000913600921630859e+02
-6.920242309570312500e-02,-4.120571613311767578e-01,-9.945609092712402344e+00,1.000967381000518799e+02
-6.918957829475402832e-02,-4.120784103870391846e-01,-9.945617675781250000e+00,1.001012520790100098e+02
-6.922975927591323853e-02,-4.120240509510040283e-01,-9.945502281188964844e+00,1.001068210601806641e+02
-6.922391802072525024e-02,-4.120320081710815430e-01,-9.945516586303710938e+00,1.001113660335540771e+02
-6.921534240245819092e-02,-4.120399951934814453e-01,-9.945520401000976562e+00,1.001167972087860107e+02
-6.920592486858367920e-02,-4.120460748672485352e-01,-9.945524215698242188e+00,1.001214032173156738e+02
-6.919325888156890869e-02,-4.120476841926574707e-01,-9.945523262023925781e+00,1.001267361640930176e+02
-6.917992234230041504e-02,-4.120517075061798096e-01,-9.945526123046875000e+00,1.001313991546630859e+02
-6.916517019271850586e-02,-4.120553731918334961e-01,-9.945528984069824219e+00,1.001365129947662354e+02
-6.915128231048583984e-02,-4.120662212371826172e-01,-9.945535659790039062e+00,1.001413199901580811e+02
-6.920117884874343872e-02,-4.120137095451354980e-01,-9.945515632629394531e+00,1.001465480327606201e+02
-6.918856501579284668e-02,-4.120205938816070557e-01,-9.945515632629394531e+00,1.001512901782989502e+02
-6.917474418878555298e-02,-4.120210707187652588e-01,-9.945509910583496094e+00,1.001569261550903320e+02
-6.916057318449020386e-02,-4.120266437530517578e-01,-9.945509910583496094e+00,1.001617031097412109e+02
-6.914570182561874390e-02,-4.120331704616546631e-01,-9.945511817932128906e+00,1.001668121814727783e+02
-6.912878900766372681e-02,-4.120449721813201904e-01,-9.945517539978027344e+00,1.001713781356811523e+02
-6.924246251583099365e-02,-4.119839966297149658e-01,-9.945511817932128906e+00,1.001767442226409912e+02
-6.923004239797592163e-02,-4.119862616062164307e-01,-9.945500373840332031e+00,1.001812829971313477e+02
-6.921622157096862793e-02,-4.119886159896850586e-01,-9.945487022399902344e+00,1.001869790554046631e+02
-6.920158863067626953e-02,-4.119913280010223389e-01,-9.945485115051269531e+00,1.001916711330413818e+02
-6.918523460626602173e-02,-4.119944274425506592e-01,-9.945474624633789062e+00,1.001969590187072754e+02
-6.916747987270355225e-02,-4.119977056980133057e-01,-9.945462226867675781e+00,1.002014989852905273e+02
-6.914996355772018433e-02,-4.120034575462341309e-01,-9.945443153381347656e+00,1.002067110538482666e+02
-6.922136247158050537e-02,-4.119958579540252686e-01,-9.945539474487304688e+00,1.002114510536193848e+02
-6.920836865901947021e-02,-4.120017290115356445e-01,-9.945544242858886719e+00,1.002166380882263184e+02
-6.919451802968978882e-02,-4.120069742202758789e-01,-9.945550918579101562e+00,1.002213029861450195e+02
-6.917973607778549194e-02,-4.120125174522399902e-01,-9.945555686950683594e+00,1.002268722057342529e+02
-6.916421651840209961e-02,-4.120179712772369385e-01,-9.945560455322265625e+00,1.002314991950988770e+02
-6.914600729942321777e-02,-4.120241403579711914e-01,-9.945561408996582031e+00,1.002368330955505371e+02
-6.921319663524627686e-02,-4.119915068149566650e-01,-9.945578575134277344e+00,1.002414491176605225e+02
-6.919939070940017700e-02,-4.120000302791595459e-01,-9.945584297180175781e+00,1.002467570304870605e+02
-6.918329745531082153e-02,-4.120086431503295898e-01,-9.945575714111328125e+00,1.002515192031860352e+02
-6.916613131761550903e-02,-4.120169281959533691e-01,-9.945575714111328125e+00,1.002567880153656006e+02
-6.914757937192916870e-02,-4.120247066020965576e-01,-9.945574760437011719e+00,1.002619011402130127e+02
-6.912964582443237305e-02,-4.120285511016845703e-01,-9.945578575134277344e+00,1.002669470310211182e+02
-6.911024451255798340e-02,-4.120348393917083740e-01,-9.945578575134277344e+00,1.002716631889343262e+02
-6.918033212423324585e-02,-4.119864404201507568e-01,-9.945520401000976562e+00,1.002767701148986816e+02
-6.916703283786773682e-02,-4.119857549667358398e-01,-9.945501327514648438e+00,1.002817070484161377e+02
-6.915351748466491699e-02,-4.119859039783477783e-01,-9.945485115051269531e+00,1.002867732048034668e+02
-6.913948804140090942e-02,-4.119857847690582275e-01,-9.945466995239257812e+00,1.002918200492858887e+02
-6.912484019994735718e-02,-4.119843244552612305e-01,-9.945447921752929688e+00,1.002968461513519287e+02
-6.910796463489532471e-02,-4.119812846183776855e-01,-9.945426940917968750e+00,1.003014750480651855e+02
-6.909058243036270142e-02,-4.119801819324493408e-01,-9.945405960083007812e+00,1.003067011833190918e+02
-6.931310892105102539e-02,-4.120448529720306396e-01,-9.945579528808593750e+00,1.003115711212158203e+02
-6.931285560131072998e-02,-4.120613038539886475e-01,-9.945575714111328125e+00,1.003167622089385986e+02
-6.930963695049285889e-02,-4.120760858058929443e-01,-9.945574760437011719e+00,1.003217530250549316e+02
-6.930515915155410767e-02,-4.120920002460479736e-01,-9.945572853088378906e+00,1.003269960880279541e+02
-6.929842382669448853e-02,-4.121035039424896240e-01,-9.945573806762695312e+00,1.003317320346832275e+02
-6.929130107164382935e-02,-4.121187329292297363e-01,-9.945571899414062500e+00,1.003369832038879395e+02
-6.925854831933975220e-02,-4.120077788829803467e-01,-9.945497512817382812e+00,1.003417911529541016e+02
-6.925200670957565308e-02,-4.120153486728668213e-01,-9.945488929748535156e+00,1.003468031883239746e+02
-6.924317777156829834e-02,-4.120157659053802490e-01,-9.945484161376953125e+00,1.003516521453857422e+02
-6.923324614763259888e-02,-4.120153784751892090e-01,-9.945478439331054688e+00,1.003569161891937256e+02
-6.922192126512527466e-02,-4.120157063007354736e-01,-9.945469856262207031e+00,1.003620080947875977e+02
-6.920982152223587036e-02,-4.120195209980010986e-01,-9.945466041564941406e+00,1.003668210506439209e+02
-6.919658184051513672e-02,-4.120205342769622803e-01,-9.945458412170410156e+00,1.003718111515045166e+02
-6.927312165498733521e-02,-4.120385646820068359e-01,-9.945422172546386719e+00,1.003768091201782227e+02
-6.926096230745315552e-02,-4.120403528213500977e-01,-9.945411682128906250e+00,1.003819320201873779e+02
-6.924916058778762817e-02,-4.120423495769500732e-01,-9.945401191711425781e+00,1.003869020938873291e+02
-6.923601776361465454e-02,-4.120450615882873535e-01,-9.945390701293945312e+00,1.003920822143554688e+02
-6.922164559364318848e-02,-4.120500683784484863e-01,-9.945381164550781250e+00,1.003969430923461914e+02
-6.920585036277770996e-02,-4.120551943778991699e-01,-9.945370674133300781e+00,1.004019191265106201e+02
-6.918873637914657593e-02,-4.120620787143707275e-01,-9.945360183715820312e+00,1.004069051742553711e+02
-6.930096447467803955e-02,-4.120962619781494141e-01,-9.945468902587890625e+00,1.004119122028350830e+02
-6.928683072328567505e-02,-4.121045768260955811e-01,-9.945467948913574219e+00,1.004168660640716553e+02
-6.927228718996047974e-02,-4.121134877204895020e-01,-9.945466041564941406e+00,1.004220700263977051e+02
-6.925713270902633667e-02,-4.121192395687103271e-01,-9.945461273193359375e+00,1.004271399974822998e+02
-6.924168765544891357e-02,-4.121272861957550049e-01,-9.945458412170410156e+00,1.004319779872894287e+02
-6.922552734613418579e-02,-4.121344089508056641e-01,-9.945457458496093750e+00,1.004369170665740967e+02
-6.939407438039779663e-02,-4.120831191539764404e-01,-9.945452690124511719e+00,1.004420092105865479e+02
-6.938781589269638062e-02,-4.120939671993255615e-01,-9.945444107055664062e+00,1.004469211101531982e+02
-6.938099116086959839e-02,-4.121037721633911133e-01,-9.945437431335449219e+00,1.004520490169525146e+02
-6.937345862388610840e-02,-4.121135175228118896e-01,-9.945430755615234375e+00,1.004570651054382324e+02
-6.936332583427429199e-02,-4.121190011501312256e-01,-9.945428848266601562e+00,1.004621951580047607e+02
-6.935241818428039551e-02,-4.121268093585968018e-01,-9.945425033569335938e+00,1.004671120643615723e+02
-6.934019178152084351e-02,-4.121347069740295410e-01,-9.945420265197753906e+00,1.004720790386199951e+02
-6.937090307474136353e-02,-4.120715856552124023e-01,-9.945411682128906250e+00,1.004771251678466797e+02
-6.936149299144744873e-02,-4.120764434337615967e-01,-9.945412635803222656e+00,1.004820320606231689e+02
-6.935072690248489380e-02,-4.120812714099884033e-01,-9.945413589477539062e+00,1.004870560169219971e+02
-6.934102624654769897e-02,-4.120887517929077148e-01,-9.945405960083007812e+00,1.004922821521759033e+02
-6.932920962572097778e-02,-4.120938777923583984e-01,-9.945403099060058594e+00,1.004970681667327881e+02
-6.931664049625396729e-02,-4.120989739894866943e-01,-9.945399284362792969e+00,1.005020070075988770e+02
-6.930198520421981812e-02,-4.121039211750030518e-01,-9.945403099060058594e+00,1.005070950984954834e+02
-6.933316588401794434e-02,-4.121092259883880615e-01,-9.945365905761718750e+00,1.005121531486511230e+02
-6.932176649570465088e-02,-4.121165573596954346e-01,-9.945368766784667969e+00,1.005170412063598633e+02
-6.930942833423614502e-02,-4.121248424053192139e-01,-9.945367813110351562e+00,1.005226140022277832e+02
-6.929633766412734985e-02,-4.121359586715698242e-01,-9.945367813110351562e+00,1.005272212028503418e+02
-6.928240507841110229e-02,-4.121509194374084473e-01,-9.945367813110351562e+00,1.005321600437164307e+02
-6.926725059747695923e-02,-4.121689200401306152e-01,-9.945367813110351562e+00,1.005372030735015869e+02
-6.943123787641525269e-02,-4.121063053607940674e-01,-9.945325851440429688e+00,1.005420842170715332e+02
-6.942445039749145508e-02,-4.121143519878387451e-01,-9.945325851440429688e+00,1.005472362041473389e+02
-6.941716372966766357e-02,-4.121240973472595215e-01,-9.945325851440429688e+00,1.005522351264953613e+02
-6.940889358520507812e-02,-4.121303558349609375e-01,-9.945319175720214844e+00,1.005572001934051514e+02
-6.940001994371414185e-02,-4.121387004852294922e-01,-9.945315361022949219e+00,1.005622491836547852e+02
-6.939011812210083008e-02,-4.121475517749786377e-01,-9.945309638977050781e+00,1.005671870708465576e+02
-6.937929242849349976e-02,-4.121595919132232666e-01,-9.945302963256835938e+00,1.005720791816711426e+02
-6.934301555156707764e-02,-4.121213555335998535e-01,-9.945223808288574219e+00,1.005773041248321533e+02
-6.933400779962539673e-02,-4.121291339397430420e-01,-9.945222854614257812e+00,1.005822381973266602e+02
-6.932160258293151855e-02,-4.121323823928833008e-01,-9.945223808288574219e+00,1.005872550010681152e+02
-6.930910795927047729e-02,-4.121426045894622803e-01,-9.945220947265625000e+00,1.005924770832061768e+02
-6.929536908864974976e-02,-4.121573865413665771e-01,-9.945219039916992188e+00,1.005974240303039551e+02
-6.928096711635589600e-02,-4.121822118759155273e-01,-9.945219993591308594e+00,1.006022779941558838e+02
-6.926530599594116211e-02,-4.122036695480346680e-01,-9.945219993591308594e+00,1.006072649955749512e+02
-6.925973296165466309e-02,-4.121348857879638672e-01,-9.945254325866699219e+00,1.006123051643371582e+02
-6.924166530370712280e-02,-4.121395647525787354e-01,-9.945261001586914062e+00,1.006172780990600586e+02
-6.922239065170288086e-02,-4.121574461460113525e-01,-9.945257186889648438e+00,1.006222801208496094e+02
-6.920247524976730347e-02,-4.121665954589843750e-01,-9.945259094238281250e+00,1.006275320053100586e+02
-6.918205320835113525e-02,-4.121779203414916992e-01,-9.945260047912597656e+00,1.006323142051696777e+02
-6.916236877441406250e-02,-4.121889472007751465e-01,-9.945256233215332031e+00,1.006371960639953613e+02
-6.931712478399276733e-02,-4.121419191360473633e-01,-9.945240974426269531e+00,1.006424121856689453e+02
-6.930615007877349854e-02,-4.121489822864532471e-01,-9.945243835449218750e+00,1.006472411155700684e+02
-6.929431110620498657e-02,-4.121516942977905273e-01,-9.945251464843750000e+00,1.006524720191955566e+02
-6.928145140409469604e-02,-4.121589362621307373e-01,-9.945254325866699219e+00,1.006574661731719971e+02
-6.926773488521575928e-02,-4.121672213077545166e-01,-9.945255279541015625e+00,1.006624040603637695e+02
-6.925136595964431763e-02,-4.121796786785125732e-01,-9.945248603820800781e+00,1.006674151420593262e+02
-6.923454254865646362e-02,-4.121905863285064697e-01,-9.945244789123535156e+00,1.006724481582641602e+02
-6.940964609384536743e-02,-4.121368825435638428e-01,-9.945352554321289062e+00,1.006773641109466553e+02
-6.940506398677825928e-02,-4.121401906013488770e-01,-9.945368766784667969e+00,1.006824100017547607e+02
-6.939785927534103394e-02,-4.121457636356353760e-01,-9.945389747619628906e+00,1.006873919963836670e+02
-6.938971579074859619e-02,-4.121510386466979980e-01,-9.945414543151855469e+00,1.006926751136779785e+02
-6.938068568706512451e-02,-4.121559262275695801e-01,-9.945439338684082031e+00,1.006977031230926514e+02
-6.937064975500106812e-02,-4.121654331684112549e-01,-9.945456504821777344e+00,1.007024261951446533e+02
-6.939277052879333496e-02,-4.121360182762145996e-01,-9.945343017578125000e+00,1.007073960304260254e+02
-6.938311457633972168e-02,-4.121434390544891357e-01,-9.945344924926757812e+00,1.007124872207641602e+02
-6.937263906002044678e-02,-4.121526777744293213e-01,-9.945344924926757812e+00,1.007175300121307373e+02
-6.936148554086685181e-02,-4.121617376804351807e-01,-9.945345878601074219e+00,1.007224810123443604e+02
-6.934969127178192139e-02,-4.121713340282440186e-01,-9.945348739624023438e+00,1.007277021408081055e+02
-6.933720409870147705e-02,-4.121783375740051270e-01,-9.945359230041503906e+00,1.007325642108917236e+02
-6.932362169027328491e-02,-4.121869504451751709e-01,-9.945367813110351562e+00,1.007375040054321289e+02
-6.944028288125991821e-02,-4.121347367763519287e-01,-9.945301055908203125e+00,1.007425060272216797e+02
-6.943313032388687134e-02,-4.121365249156951904e-01,-9.945303916931152344e+00,1.007474920749664307e+02
-6.942496448755264282e-02,-4.121403694152832031e-01,-9.945300102233886719e+00,1.007525651454925537e+02
-6.941609084606170654e-02,-4.121440947055816650e-01,-9.945295333862304688e+00,1.007575500011444092e+02
-6.940463185310363770e-02,-4.121478796005249023e-01,-9.945284843444824219e+00,1.007625420093536377e+02
-6.939274072647094727e-02,-4.121519327163696289e-01,-9.945276260375976562e+00,1.007675302028656006e+02
-6.937946379184722900e-02,-4.121564328670501709e-01,-9.945267677307128906e+00,1.007725319862365723e+02
-6.934742629528045654e-02,-4.121428728103637695e-01,-9.945310592651367188e+00,1.007779769897460938e+02
-6.933651864528656006e-02,-4.121464490890502930e-01,-9.945305824279785156e+00,1.007826540470123291e+02
-6.932494044303894043e-02,-4.121507108211517334e-01,-9.945302963256835938e+00,1.007878501415252686e+02
-6.931229680776596069e-02,-4.121572077274322510e-01,-9.945300102233886719e+00,1.007927801609039307e+02
-6.929904222488403320e-02,-4.121629297733306885e-01,-9.945302963256835938e+00,1.007977871894836426e+02
-6.928489357233047485e-02,-4.121706485748291016e-01,-9.945300102233886719e+00,1.008026280403137207e+02
-6.939497590065002441e-02,-4.121635258197784424e-01,-9.945341110229492188e+00,1.008076400756835938e+02
-6.938076764345169067e-02,-4.121744334697723389e-01,-9.945333480834960938e+00,1.008125941753387451e+02
-6.936743855476379395e-02,-4.121860563755035400e-01,-9.945330619812011719e+00,1.008177630901336670e+02
-6.935305893421173096e-02,-4.121987819671630859e-01,-9.945324897766113281e+00,1.008225841522216797e+02
-6.933777779340744019e-02,-4.122119247913360596e-01,-9.945323944091796875e+00,1.008278892040252686e+02
-6.932106614112854004e-02,-4.122252762317657471e-01,-9.945319175720214844e+00,1.008326301574707031e+02
-6.930285692214965820e-02,-4.122383296489715576e-01,-9.945312500000000000e+00,1.008379290103912354e+02
-6.940404325723648071e-02,-4.121448099613189697e-01,-9.945273399353027344e+00,1.008426191806793213e+02
-6.939227879047393799e-02,-4.121485948562622070e-01,-9.945277214050292969e+00,1.008476572036743164e+02
-6.937930732965469360e-02,-4.121527373790740967e-01,-9.945278167724609375e+00,1.008527400493621826e+02
-6.936550140380859375e-02,-4.121603071689605713e-01,-9.945281982421875000e+00,1.008578071594238281e+02
-6.935009360313415527e-02,-4.121665656566619873e-01,-9.945284843444824219e+00,1.008627660274505615e+02
-6.933286786079406738e-02,-4.121728539466857910e-01,-9.945286750793457031e+00,1.008676841259002686e+02
-6.931417435407638550e-02,-4.121801555156707764e-01,-9.945286750793457031e+00,1.008727381229400635e+02
-6.947279721498489380e-02,-4.121730625629425049e-01,-9.945333480834960938e+00,1.008779070377349854e+02
-6.946120411157608032e-02,-4.121825695037841797e-01,-9.945346832275390625e+00,1.008827910423278809e+02
-6.944867223501205444e-02,-4.121924638748168945e-01,-9.945361137390136719e+00,1.008878381252288818e+02
-6.943715363740921021e-02,-4.121925234794616699e-01,-9.945366859436035156e+00,1.008930211067199707e+02
-6.942354887723922729e-02,-4.122007787227630615e-01,-9.945380210876464844e+00,1.008978919982910156e+02
-6.940910220146179199e-02,-4.122093617916107178e-01,-9.945395469665527344e+00,1.009027731418609619e+02
-6.939078122377395630e-02,-4.122222363948822021e-01,-9.945417404174804688e+00,1.009078681468963623e+02
-6.943047791719436646e-02,-4.121725261211395264e-01,-9.945236206054687500e+00,1.009127089977264404e+02
-6.941524147987365723e-02,-4.121806323528289795e-01,-9.945230484008789062e+00,1.009179291725158691e+02
-6.940365582704544067e-02,-4.121868312358856201e-01,-9.945225715637207031e+00,1.009228241443634033e+02
-6.938872486352920532e-02,-4.121966958045959473e-01,-9.945223808288574219e+00,1.009279870986938477e+02
-6.937296688556671143e-02,-4.122076034545898438e-01,-9.945219993591308594e+00,1.009328570365905762e+02
-6.935632973909378052e-02,-4.122208654880523682e-01,-9.945213317871093750e+00,1.009379281997680664e+02
-6.943056732416152954e-02,-4.121542274951934814e-01,-9.945197105407714844e+00,1.009428491592407227e+02
-6.942520290613174438e-02,-4.121579825878143311e-01,-9.945186614990234375e+00,1.009480161666870117e+02
-6.941764801740646362e-02,-4.121617376804351807e-01,-9.945173263549804688e+00,1.009528810977935791e+02
-6.940522044897079468e-02,-4.121664464473724365e-01,-9.945165634155273438e+00,1.009580450057983398e+02
-6.939320266246795654e-02,-4.121715426445007324e-01,-9.945158004760742188e+00,1.009630041122436523e+02
-6.937982887029647827e-02,-4.121785163879394531e-01,-9.945154190063476562e+00,1.009679121971130371e+02
-6.936744600534439087e-02,-4.121890068054199219e-01,-9.945161819458007812e+00,1.009728891849517822e+02
-6.936831027269363403e-02,-4.121492207050323486e-01,-9.945277214050292969e+00,1.009781451225280762e+02
-6.935442239046096802e-02,-4.121504127979278564e-01,-9.945272445678710938e+00,1.009830231666564941e+02
-6.933660805225372314e-02,-4.121560454368591309e-01,-9.945260047912597656e+00,1.009880921840667725e+02
-6.931918114423751831e-02,-4.121609032154083252e-01,-9.945252418518066406e+00,1.009931411743164062e+02
-6.930053234100341797e-02,-4.121673405170440674e-01,-9.945244789123535156e+00,1.009980931282043457e+02
-6.928303837776184082e-02,-4.121755957603454590e-01,-9.945251464843750000e+00,1.010030181407928467e+02
-6.950099021196365356e-02,-4.121029675006866455e-01,-9.945282936096191406e+00,1.010080950260162354e+02
-6.948969513177871704e-02,-4.121061563491821289e-01,-9.945286750793457031e+00,1.010131402015686035e+02
-6.947494298219680786e-02,-4.121071994304656982e-01,-9.945291519165039062e+00,1.010180540084838867e+02
-6.946036219596862793e-02,-4.121126532554626465e-01,-9.945295333862304688e+00,1.010230510234832764e+02
-6.944464892148971558e-02,-4.121208190917968750e-01,-9.945301055908203125e+00,1.010284380912780762e+02
-6.942994892597198486e-02,-4.121393263339996338e-01,-9.945309638977050781e+00,1.010333061218261719e+02
-6.941369920969009399e-02,-4.121539592742919922e-01,-9.945318222045898438e+00,1.010382421016693115e+02
-6.954303383827209473e-02,-4.121346473693847656e-01,-9.945367813110351562e+00,1.010430631637573242e+02
-6.953314691781997681e-02,-4.121497273445129395e-01,-9.945387840270996094e+00,1.010481090545654297e+02
-6.952247768640518188e-02,-4.121655225753784180e-01,-9.945406913757324219e+00,1.010531702041625977e+02
-6.951098889112472534e-02,-4.121811687946319580e-01,-9.945425987243652344e+00,1.010583570003509521e+02
-6.949831545352935791e-02,-4.121973812580108643e-01,-9.945443153381347656e+00,1.010632090568542480e+02
-6.948416680097579956e-02,-4.122135937213897705e-01,-9.945451736450195312e+00,1.010685310363769531e+02
